index,LABEL
0,0.028752014387526746
1,0.07255775093999049
2,0.03942435219506131
3,0.04370774732857297
4,0.021756273917840907
5,0.1348671314888009
6,0.05511924856742144
7,0.0222130568613944
8,0.04507695415381188
9,0.1849238532214472
10,0.042246133231019875
11,0.037256800002490896
12,0.020068227673469653
13,0.05114050591810973
14,0.023377958713845688
15,0.13977581706424558
16,0.0646396881709674
17,0.028157276115100167
18,0.12247977585450023
19,0.11237404964870804
20,0.032882383537758714
21,0.04024694638340403
22,0.06645086830617138
23,0.015210986228628766
24,0.12265552585475609
25,0.034495968134253915
26,0.04836172403485058
27,0.020253294743355917
28,0.049061520173441196
29,0.018191035554815885
30,0.2643335855213129
31,0.20762024446796784
32,0.10993951572325375
33,0.046325983044641084
34,0.05818589088375246
35,0.08623004837485754
36,0.08806231365499448
37,0.08022934977959663
38,0.06578191488602787
39,0.2770000409843923
40,0.17750510236035041
41,0.042708331372340896
42,0.13487899133143258
43,0.09208362032353608
44,0.0817365355677793
45,0.029596141220342636
46,0.049621551811065125
47,0.024767804609826825
48,0.19224614615032629
49,0.08615597869598313
50,0.029366236938397138
51,0.031844410713659954
52,0.10198589630090193
53,0.016999946703517257
54,0.022623097182681774
55,0.040010599141955705
56,0.13955451794876855
57,0.14239190868971743
58,0.02886927778086633
59,0.01995622103900475
60,0.4405320299839556
61,0.10831933814043973
62,0.149246347558729
63,0.026501081543043384
64,0.1607624370321859
65,0.027057798264892706
66,0.016069122190817384
67,0.019535917109542056
68,0.0328252885718351
69,0.05509462251798938
70,0.1525329062028218
71,0.026552727942782593
72,0.19220690578506305
73,0.07669520340137553
74,0.07136235863552183
75,0.018100419671589256
76,0.06759183739982562
77,0.09846075953303762
78,0.13137083082266826
79,0.15625866158245189
80,0.07183740200011746
81,0.11562370730532738
82,0.01258115923284745
83,0.025438924535794386
84,0.0683154782058244
85,0.04323163556095771
86,0.01375001251345965
87,0.14400253889931663
88,0.020184943480166407
89,0.06618720135250208
90,0.02022739244016277
91,0.009486822324029405
92,0.031222650570922755
93,0.19329068058651444
94,0.1572389239427195
95,0.021150320982880853
96,0.040684949188804234
97,0.028414501372333173
98,0.015437741952891378
99,0.034941250475485304
100,0.04332051667757604
101,0.1991537099196671
102,0.03378796830287559
103,0.09621970156869661
104,0.10098199556971471
105,0.1484258276397999
106,0.029510425834983353
107,0.05081275081625553
108,0.03083514158174341
109,0.14165388119123482
110,0.07896127189384791
111,0.04782759740474845
112,0.21899474457696727
113,0.01262259793924014
114,0.024605953793996663
115,0.01590159993524943
116,0.029508506530296956
117,0.11646057277990295
118,0.034358702320660926
119,0.01696751715403135
120,0.10718736561998563
121,0.018283608203456127
122,0.027924153579626094
123,0.01606080195696331
124,0.054298645496613826
125,0.08784988515005207
126,0.09562736884279266
127,0.14367612950031508
128,0.023194223861937348
129,0.029548351809500387
130,0.06626212251609703
131,0.1709868724609539
132,0.07278495243233629
133,0.35904304779760376
134,0.018384046086667823
135,0.054403498746155333
136,0.043617601208927576
137,0.01849052039892355
138,0.012362505293514427
139,0.04146746733576229
140,0.1026810086796896
141,0.03605526859043659
142,0.03066335378481494
143,0.030822536664702693
144,0.014068998697906288
145,0.02557894497496278
146,0.03646056536770976
147,0.11510915923326745
148,0.024701453754191312
149,0.028850337191925434
150,0.053516019234809156
151,0.24059195936097091
152,0.04198711549149344
153,0.054499452064570866
154,0.1598422005117401
155,0.03618607111854496
156,0.26881350293898576
157,0.05560200938034489
158,0.025320884931347466
159,0.04922091363031821
160,0.03215945764550963
161,0.02124820828087942
162,0.13479181288228193
163,0.03385728071871177
164,0.02555951706315144
165,0.01770161528662146
166,0.058082835086482945
167,0.027378979451364818
168,0.08721391883527853
169,0.11408806699953414
170,0.019758951817926917
171,0.0900832717532693
172,0.3877360288972256
173,0.0293871875557183
174,0.05774675854723873
175,0.05308478030456362
176,0.12371654669504872
177,0.035057046449180965
178,0.02668395185585587
179,0.10460267112027727
180,0.1510950203999573
181,0.03264695226899864
182,0.034445333551277005
183,0.09136320935262761
184,0.18282566183985582
185,0.10755289123141187
186,0.07790326191044211
187,0.06907394543168247
188,0.041338870168358174
189,0.011219371285041375
190,0.024470517149344232
191,0.038491813121047186
192,0.2735719048179041
193,0.02082458856392661
194,0.0751387757302506
195,0.06170379814962945
196,0.04042500570372309
197,0.049716845557011086
198,0.01933373292509409
199,0.05010441732495471
200,0.34588514291239936
201,0.01841102949209218
202,0.1767730185365772
203,0.04253572623119018
204,0.1633703157073555
205,0.22320734604333217
206,0.0156741365340081
207,0.05107816593937266
208,0.03699113302780806
209,0.0392559351531526
210,0.02443402846243793
211,0.0968822928292071
212,0.0458037367243454
213,0.05388018070425502
214,0.0156357140453225
215,0.06588363936586847
216,0.08113377660517984
217,0.13406733767739074
218,0.011424532280958204
219,0.009550014355445604
220,0.01992629808869117
221,0.03505827232884922
222,0.19410519273246313
223,0.13538306955827661
224,0.05955527328653987
225,0.06075704156339745
226,0.10264502461014995
227,0.018828492907044237
228,0.03553183176061318
229,0.011193695825543597
230,0.33785305173943675
231,0.02990434198783154
232,0.08259740435571777
233,0.07441848058716458
234,0.04005522750679654
235,0.07906560876546347
236,0.06760302565199283
237,0.021742261668299956
238,0.08679626192228329
239,0.011836940895732857
240,0.07635370447745882
241,0.03780078827277074
242,0.12234857050335299
243,0.015501482395375207
244,0.04846157171559004
245,0.03754677789270547
246,0.036813194579633696
247,0.03667965894368774
248,0.42327236748231856
249,0.016918878429758432
250,0.2884411573365324
251,0.012318153792683164
252,0.022265487527942718
253,0.24338079900110407
254,0.04781772018275485
255,0.048245296041675156
256,0.03365127393866855
257,0.024934812133854824
258,0.053213022151729995
259,0.08988173664815005
260,0.05143999158033508
261,0.050719238375582315
262,0.07742528997134372
263,0.05109015631151478
264,0.018990751776294237
265,0.047988721585315953
266,0.15649939812299915
267,0.05804416781685112
268,0.036118865094304085
269,0.028286588332857385
270,0.11464291500648882
271,0.04010861893622862
272,0.07776102207430649
273,0.02560715662127065
274,0.0673958698142989
275,0.02345045286021087
276,0.04199733299813497
277,0.016273834128029813
278,0.03052687980812135
279,0.028096225481374103
280,0.04895214680571388
281,0.13921030115487143
282,0.02558273012784011
283,0.2902971796801519
284,0.06978512003120546
285,0.0337698674827573
286,0.015856583751991504
287,0.04597968055770987
288,0.024464699866991863
289,0.012381063524010577
290,0.02356449759874702
291,0.0902390462716139
292,0.010830866324328017
293,0.026459120669454942
294,0.06727431025474453
295,0.01944775263259487
296,0.962098030023647
297,0.028558697329633058
298,0.1751787917287332
299,0.15150448689655346
300,0.13395421823316778
301,0.17199265580224385
302,0.0204143617301134
303,0.08474961236300169
304,0.10738112105999961
305,0.08140009422225702
306,0.013019657030577397
307,0.03869869016471206
308,0.1976835344066958
309,0.05203305932197297
310,0.013519758424779663
311,0.046455350562802394
312,0.11926784963203463
313,0.07658837224906298
314,0.032032981680597296
315,0.08125365153647186
316,0.0874699603160741
317,0.33753511601226294
318,0.05460824330643701
319,0.07683826841557144
320,0.03886609372411422
321,0.008745811495214638
322,0.04347589772397894
323,0.03322416195511948
324,0.012413858687097074
325,0.08669605472242897
326,0.03898474471337828
327,0.255616890621271
328,0.026376299905050762
329,0.11333624761765211
330,0.018178569371012584
331,0.08845003319240803
332,0.026337864389775065
333,0.015015151914429379
334,0.058402301986045964
335,0.14508065468527637
336,0.3216699712232429
337,0.02841070541667077
338,0.052598929771775466
339,0.09659991367603919
340,0.051478054423427885
341,0.05404410186312698
342,0.15274944458031753
343,0.01185548971155971
344,0.024055205330586547
345,0.042271623058104515
346,0.09786796926320251
347,0.013880286451861346
348,0.01161988458008976
349,0.030368155500550074
350,0.011893456456492871
351,0.012490885139821278
352,0.02912985289401772
353,0.21650928029389824
354,0.07399080601086898
355,0.03795330487327263
356,0.061401441360784056
357,0.06948977444818079
358,0.030283175505418675
359,0.02151288416355579
360,0.04841400635289824
361,0.024057093341952537
362,0.062269415159527886
363,0.09087723039810333
364,0.030891091018300704
365,0.03177640047111316
366,0.03656404776067956
367,0.051275141506834696
368,0.02439271392619021
369,0.03028455511098704
370,0.056899151452578796
371,0.040167953609981266
372,0.07354125492570421
373,0.012439685123271288
374,0.04821626590797986
375,0.10038472345894685
376,0.09165518321638577
377,0.023676400196715533
378,0.07379988241892887
379,0.03225981652770371
380,0.02620272987246735
381,0.029279683619057986
382,0.021013166028075618
383,0.03678770300434629
384,0.05001360705799122
385,0.1938785520928737
386,0.05926350104084738
387,0.015050998214854554
388,0.03277678589306942
389,0.013140972943762852
390,0.15303471743770525
391,0.022954813663474898
392,0.029231524691361647
393,0.01713456266755407
394,0.03724074483044486
395,0.049107840899611
396,0.02643264229369168
397,0.012877081359596379
398,0.02766172661786876
399,0.028775724509586445
400,0.36368532121992314
401,0.012333534949933944
402,0.037574136537402616
403,0.4895523034336771
404,0.04552543321703539
405,0.13734394235958464
406,0.2739614440112957
407,0.030561096970557762
408,0.07003790869656956
409,0.021438486835749695
410,0.02956661214864723
411,0.11111951642053122
412,0.13962648735346375
413,0.3549635409511573
414,0.025972715173205107
415,0.09075083582103059
416,0.025738799429554985
417,0.09314323374289174
418,0.09994761519332486
419,0.05359899803493353
420,0.02262693562353535
421,0.03527568619452974
422,0.07642985907172707
423,0.20527583898668306
424,0.030740453422294617
425,0.031013073566792837
426,0.011784521207267815
427,0.04975387936947129
428,0.05738855670786616
429,0.018529545977263584
430,0.04964091182272551
431,0.0913604210432851
432,0.04165919211131122
433,0.022516274609163896
434,0.05722064492080306
435,0.04820550755818176
436,0.04908896163342038
437,0.02916433783128696
438,0.05987132693693964
439,0.018525966207451224
440,0.04926132147152225
441,0.04853081850024384
442,0.0915571637225349
443,0.031890472962041144
444,0.1347590770994059
445,0.15672199833107267
446,0.02518145876481734
447,0.12664070265684227
448,0.12678096812892828
449,0.016507981104541627
450,0.02437314115433925
451,0.10602816223237485
452,0.07081854881785905
453,0.02108746147335138
454,0.015160763894911108
455,0.026977730797023248
456,0.02247324437232247
457,0.04229301856031494
458,0.1357596062255682
459,0.15098253319824628
460,0.10235519892715098
461,0.150504628998814
462,0.06417547895623876
463,0.014702169553771977
464,0.07308890986501333
465,0.10421601357153185
466,0.11924060355205365
467,0.03899674576818754
468,0.05985649077929807
469,0.03955924425918556
470,0.14064645943246992
471,0.024059157963471335
472,0.01066966264804288
473,0.029220596338568154
474,0.041741922140057515
475,0.04475857141787273
476,0.03796955626868829
477,0.19826124384135416
478,0.03204119479355445
479,0.052823085413999576
480,0.012496664026849322
481,0.013490898471575977
482,0.09634216621195663
483,0.01683417231975711
484,0.048676958333626244
485,0.08642242138794512
486,0.009715846983141702
487,0.04481426588176175
488,0.03191528044961823
489,0.10649370439308857
490,0.06279970935013848
491,0.08799140480362272
492,0.36990739445951604
493,0.03721335805435233
494,0.015286447604354887
495,0.0579057557069102
496,0.02843333847433045
497,0.007403935700050224
498,0.02115657067844517
499,0.026776004796659585
500,0.030192266753949024
501,0.5847572731217872
502,0.05243047718038942
503,0.05498485496672391
504,0.5864880550581429
505,0.024671664065513202
506,0.038322235831317525
507,0.02078746640056131
508,0.09643046584689892
509,0.025773009557592666
510,0.022171299119181007
511,0.31468645073387347
512,0.02572107173580479
513,0.08149228641979174
514,0.11774502739672502
515,0.03151206222077543
516,0.03183683614634503
517,0.016643591398286733
518,0.0788047781739844
519,0.02219857532573107
520,0.019845428614776957
521,0.01903767199841254
522,0.05792738803265693
523,0.019952233065974996
524,0.02740244794821414
525,0.09362410542020554
526,0.04277234382692399
527,0.1241795050173075
528,0.10276915768713121
529,0.09376602685620804
530,0.009237956236948246
531,0.07860772099269955
532,0.09451132618715948
533,0.10637776854438336
534,0.2013224362697324
535,0.04106244212377604
536,0.054631416998248486
537,0.059941382180470015
538,0.01863359700650547
539,0.04131150409300437
540,0.051325859609618656
541,0.2492286841921259
542,0.018098096622170726
543,0.06235493998689674
544,0.04129010848964344
545,0.03340259906738586
546,0.0175075419741302
547,0.08007231039130808
548,0.026165245970795996
549,0.025623628266803762
550,0.1246030892840814
551,0.02266035383926169
552,0.014877876477026663
553,0.023261200229656255
554,0.03911146263494479
555,0.13059126638415297
556,0.020186374830518623
557,0.020744193497186866
558,0.11868254843372761
559,0.14417411801425217
560,0.24183134234399686
561,0.08078517530839742
562,0.02021290005286276
563,0.047472436901161784
564,0.03894561750131567
565,0.037296498681928095
566,0.02718147212539841
567,0.04938577088104829
568,0.01366108294464724
569,0.036989899983687284
570,0.2295162026598324
571,0.030424796337272624
572,0.06809089696118815
573,0.031014864779531522
574,0.02174325193639014
575,0.020899346352011156
576,0.008693047579683328
577,0.07174356097909898
578,0.25017698374937974
579,0.061508649219324106
580,0.06338716215982919
581,0.0838553649783895
582,0.02444874519459995
583,0.03311003614047926
584,0.05563395809110191
585,0.02371100479050383
586,0.04282225753611165
587,0.02975144334832521
588,0.04988578300164427
589,0.03290333279511745
590,0.24702815104786874
591,0.05503284367377507
592,0.031230006589617505
593,0.0884260122342713
594,0.05904137691756761
595,0.21548472557950507
596,0.05024356679007208
597,0.08338854786097015
598,0.05366943598530793
599,0.056038315968669795
600,0.007930443852888831
601,0.02240003956492694
602,0.022994308040467905
603,0.013822666704287006
604,0.08172329356461472
605,0.010632330770889237
606,0.03317130022391247
607,0.4482080727514397
608,0.11404184833224812
609,0.13541260972804486
610,0.010622106070491327
611,0.04879235394466075
612,0.03546566325972737
613,0.04258480632542416
614,0.04307481013401286
615,0.10563857976769839
616,0.03192442459940385
617,0.0237899299314307
618,0.03987680633117978
619,0.033071383758894145
620,0.04370925725497861
621,0.05880380846689172
622,0.02720587068699622
623,0.010287191323989737
624,0.034421367991500834
625,0.20949095157722764
626,0.030655062174933467
627,0.019427614492738624
628,0.04885516157621435
629,0.011236078354100159
630,0.12772222760406032
631,0.1544930317808568
632,0.0742022907062093
633,0.06615190297052209
634,0.04259451345626769
635,0.014701656180246447
636,0.040037996221581065
637,0.017156341586916313
638,0.03010139388242579
639,0.01274846572815437
640,0.11997744548197478
641,0.05941388999539691
642,0.15390695839340876
643,0.020347576297167155
644,0.013024436492671435
645,0.036136827165022825
646,0.06079065267073278
647,0.059799060305193066
648,0.016484261919951747
649,0.13103521150539782
650,0.059134143263487704
651,0.06371319829431422
652,0.030229737403069987
653,0.020307227417321924
654,0.2125364859906496
655,0.017598092833474115
656,0.03300546180700912
657,0.0640993585816041
658,0.014954322830401904
659,0.02452983560622501
660,0.03479302237332864
661,0.040233114295649186
662,0.07762571453616615
663,0.17401585208162607
664,0.016605082308861728
665,0.0487693744041825
666,0.10812907009726769
667,0.08406126308857619
668,0.0961990745756296
669,0.031325811213474886
670,0.1962988471578413
671,0.01680764689063824
672,0.09573452188169194
673,0.039424960181623434
674,0.04738503919423491
675,0.01769303651609913
676,0.027125073723456475
677,0.1471203565388775
678,0.10955260115941906
679,0.20088630670944846
680,0.037047820042297536
681,0.07636096960477344
682,0.11074670850430066
683,0.011164239033637635
684,0.031514199898689296
685,0.07696294864561475
686,0.14072584167606794
687,0.06472678792251925
688,0.27243432584992566
689,0.1058109514791844
690,0.02702691812007688
691,0.022936223134146998
692,0.07643590326608077
693,0.02226704186652941
694,0.023748604736950108
695,0.028835554491569538
696,0.025282139922852827
697,0.0908587094349515
698,0.03546078355312829
699,0.17431743934754304
700,0.1609243666739382
701,0.11146586559960264
702,0.02080332477033671
703,0.02312835324804044
704,0.09606735091296993
705,0.21264308290702308
706,0.049490002883260706
707,0.23805390858919384
708,0.03603989159014678
709,0.09500077777635259
710,0.03493268644114534
711,0.01606213249347476
712,0.09210156411334883
713,0.6238903902152317
714,0.05723081694657861
715,0.09680232876751779
716,0.08398687365091428
717,0.015439648081046333
718,0.09630857158211828
719,0.10147210328564431
720,0.03583854740747328
721,0.028298935233553327
722,0.04159801728273826
723,0.018866341710397583
724,0.028806071059760137
725,0.023839807616155045
726,0.015895971848496768
727,0.07341015567281611
728,0.08237916934793782
729,0.08544214267621889
730,0.02482928296682644
731,0.028493103998331885
732,0.05864245113090019
733,0.017994088081707733
734,0.052155721385795925
735,0.043155098429309355
736,0.04534790754977876
737,0.0251361874809053
738,0.051459960268118415
739,0.04715079856937204
740,0.05401072388841222
741,0.013547843929812136
742,0.047324816180124955
743,0.03581759853970318
744,0.05832950132083473
745,0.05630343014567975
746,0.036139895279643806
747,0.0182810366097841
748,0.14481014459719177
749,0.17743677849299197
750,0.010742000882947945
751,0.14655606894993903
752,0.7528952610562487
753,0.08254651846618
754,0.0666884752254883
755,0.03483754058324169
756,0.06751390056455335
757,0.14671293625535656
758,0.04726011326065592
759,0.04763718687596201
760,0.10646440679960552
761,0.04112350459046792
762,0.03928768531263929
763,0.020706673257890384
764,0.023375482634032496
765,0.03358246603991867
766,0.16244816939145382
767,0.36698949487346455
768,0.08028333031183088
769,0.06693270202792742
770,0.027435580923626555
771,0.042392128929424455
772,0.07032712505863799
773,0.05209843227973143
774,0.05132400853193853
775,0.08468289710122791
776,0.09452664809666976
777,0.009717682478076648
778,0.21169399260049815
779,0.19510010219754675
780,0.09911612985109197
781,0.0918492467708566
782,0.2741199385799973
783,0.034713898855020256
784,0.028984256836418924
785,0.029109448580042496
786,0.02289608006422548
787,0.019326450846016856
788,0.034067207871930884
789,0.022855132937073412
790,0.02296024591375137
791,0.018549355540755656
792,0.08722733601480809
793,0.045501100385388474
794,0.03364305645697993
795,0.052314295316436416
796,0.10863495842535283
797,0.047842329817294985
798,0.03252962010626737
799,0.1314920125539208
800,0.08612040481195735
801,0.16384850539927454
802,0.033790021741226514
803,0.12144795148768234
804,0.016171158925762565
805,0.06014072248404957
806,0.07959193800469912
807,0.04334428005301792
808,0.03174189383315115
809,0.02187092735144696
810,0.042745978006170166
811,0.08678411419020965
812,0.04550418993942748
813,0.11361329074494012
814,0.050513793228050385
815,0.06964193723113807
816,0.018029743092423285
817,0.02660150095165502
818,0.022040679423054804
819,0.010224252566927087
820,0.1606681611564028
821,0.028925146731635223
822,0.07449098703681717
823,0.02755961828781643
824,0.20887874630111103
825,0.06360218301707607
826,0.021362522611558365
827,0.0385637544028873
828,0.16661813217668353
829,0.03367191679052254
830,0.11380568887591341
831,0.023312163775302226
832,0.019882294416054713
833,0.022545229767847754
834,0.00775768464472279
835,0.05892274990538836
836,0.08691093995342708
837,0.04550596543680681
838,0.037759083084954376
839,0.03260083617027672
840,0.07103525193205971
841,0.05971940356614013
842,0.025422369622069115
843,0.5095601063817019
844,0.20240327884158102
845,0.028163485277960552
846,0.035902657356547206
847,0.014618024842839767
848,0.016931727682329027
849,0.10737605318883475
850,0.013228218192064758
851,0.021741422347649
852,0.02025782479253916
853,0.14095233710001379
854,0.054333818524386
855,0.07501430929944523
856,0.022336500084056025
857,0.015275258799088545
858,0.029095366744635448
859,0.025466774657763033
860,0.06049720757815409
861,0.0355995180243219
862,0.03390825787562004
863,0.1859971238362667
864,0.03673380307772279
865,0.04606146974714727
866,0.032762762940253404
867,0.03483485942951186
868,0.522295830777698
869,0.06057433985573459
870,0.033775800421354196
871,0.01543936194534879
872,0.010629255843895551
873,0.058871838512815036
874,0.01765651766416746
875,0.020268628148537433
876,0.008301173842286251
877,0.09060789124537587
878,0.034046854654566985
879,0.013754193450644603
880,0.02473798286079171
881,0.015728373954512733
882,0.05354806298633197
883,0.08394694480507568
884,0.08499460992329146
885,0.1072281129326153
886,0.1031198327487729
887,0.12081015110058146
888,0.015900425352202784
889,0.09215379013949716
890,0.041050165907431296
891,0.057625539109315393
892,0.06774588266772776
893,0.030564312810043206
894,0.03458261131404372
895,0.029260517408603817
896,0.525046065894184
897,0.1283350424688547
898,0.07934828856101074
899,0.010910116643740682
900,0.025888880571158436
901,0.01778899787071562
902,0.035336792245519784
903,0.0416822496972802
904,0.04578102749695726
905,0.06418977764923332
906,0.03484279893021002
907,0.04385513994091076
908,0.1090407885885889
909,0.024540872392098213
910,0.019221997580799836
911,0.08570353219817117
912,0.0996644603999229
913,0.04072929948141691
914,0.03372009863415149
915,0.03766992428671553
916,0.10217743730599178
917,0.09018193117029635
918,0.12952658412996934
919,0.04301441159926332
920,0.0237617204564792
921,0.08911325100254461
922,0.06731351065980311
923,0.017725215927039
924,0.061087761738590485
925,0.016024598512765553
926,0.020502565976578097
927,0.1046798251395413
928,0.2271947825899046
929,0.47442288786965897
930,0.0469852374458398
931,0.040132846266506574
932,0.025129367951373334
933,0.05628850063466616
934,0.048333806396773434
935,0.014364753125531794
936,0.14552045632966212
937,0.08003287105641266
938,0.12115948863648776
939,0.010433491995269054
940,0.030186003644236955
941,0.08156675139855574
942,0.02186481138816301
943,0.07919679058212509
944,0.030803616570850248
945,0.09491782046349194
946,0.026688082667310462
947,0.014547092519071492
948,0.06747657348844102
949,0.08457579596545578
950,0.08521732085962551
951,0.11866068228306653
952,0.10905077849197911
953,0.03088161620652248
954,0.03884174859253248
955,0.026316226594828997
956,0.09227845326318301
957,0.05358055139190761
958,0.026718942434925216
959,0.04848403518073804
960,0.04620022651375509
961,0.13853340933333105
962,0.1040410595204247
963,0.022346866232912252
964,0.08022318745897325
965,0.018001833166175766
966,0.01350387081876301
967,0.05926345331325459
968,0.044730648825223304
969,0.03358437634974805
970,0.022115351505847272
971,0.035578495356520634
972,0.021659108749952992
973,0.2685954660744043
974,0.03601015761797963
975,0.03852197863512948
976,0.09399266995048905
977,0.12812158875206617
978,0.04438315581163612
979,0.14566236025316187
980,0.02442191195548358
981,0.04284161736841893
982,0.06029516121296277
983,0.04372213784308276
984,0.14104497784919642
985,0.03203530945603445
986,0.012393804492174589
987,0.015892597188166914
988,0.0372335812958339
989,0.029102833870797262
990,0.11008163080719982
991,0.014653553196967362
992,0.027513868394452676
993,0.06022886039816559
994,0.097283562469214
995,0.07821518572844229
996,0.04268057536138669
997,0.10957344150744164
998,0.03510411683371534
999,0.11856209470126218
1000,0.036556312353492555
1001,0.05878724015994577
1002,0.010252993630657459
1003,0.022508537219358325
1004,0.01679705049515412
1005,0.043860453849902954
1006,0.017482789040633273
1007,0.07260173206364674
1008,0.019155158535692607
1009,0.011123795449580386
1010,0.036521209820384
1011,0.1360613145290565
1012,0.08833353365252423
1013,0.13639905611262607
1014,0.010213227493690911
1015,0.020599891886643098
1016,0.22414027256614716
1017,0.020097135495285308
1018,0.051898028200238505
1019,0.05675361528217519
1020,0.024110327895372777
1021,0.03191794905208719
1022,0.06891059458939702
1023,0.016019125490713586
1024,0.0266201928203119
1025,0.04329694040694106
1026,0.09046720797174065
1027,0.01987667306399899
1028,0.048546651222272544
1029,0.06500270146932824
1030,0.018013329322444153
1031,0.018531093127822397
1032,0.031182636869981867
1033,0.05594903887294958
1034,0.02645344626024007
1035,0.038758603770795534
1036,0.029951174229897744
1037,0.027346540339633445
1038,0.16329533145086453
1039,0.02548673887245685
1040,0.01776090900554236
1041,0.38263950436109695
1042,0.03358679391557954
1043,0.1155534668356078
1044,0.02463524933131973
1045,0.05080562049197498
1046,0.019395892407696135
1047,0.01624326411911586
1048,0.06903066976940822
1049,0.07074748250842552
1050,0.09346288511079032
1051,0.12827345435605364
1052,0.07547306880640456
1053,0.020146719152237928
1054,0.06276026780826975
1055,0.017563333814948637
1056,0.03500098333183636
1057,0.07829914652468681
1058,0.04159191350006709
1059,0.010709302822017354
1060,0.042572985542372516
1061,0.46086003736003156
1062,0.07390907101995946
1063,0.3954483427376494
1064,0.02640948288336764
1065,0.15518578523876042
1066,0.022842876411067355
1067,0.05714937517883133
1068,0.048257424073047936
1069,0.0231216626337214
1070,0.03117016457036428
1071,0.04167918358443228
1072,0.0656711536597627
1073,0.03818065370607138
1074,0.034280149784488505
1075,0.010444797301916805
1076,0.1026066661084458
1077,0.07384433434942494
1078,0.035090266445157614
1079,0.05372158889576102
1080,0.0761254242194356
1081,0.04100859612178048
1082,0.03331309983591287
1083,0.021349601175985444
1084,0.0580384820852821
1085,0.10296651469825899
1086,0.044358041191039164
1087,0.011585562424751669
1088,0.13904659589834767
1089,0.145680621272062
1090,0.22013553224154087
1091,0.37401041835831206
1092,0.08663506229862794
1093,0.0936989995352088
1094,0.03324828889763766
1095,0.035993867852371415
1096,0.062495706250888725
1097,0.050180208528393055
1098,0.05208998160333103
1099,0.13215938171522537
1100,0.14673344209716682
1101,0.021192627972520986
1102,0.10774142781907757
1103,0.08559925676932206
1104,0.07407004642092074
1105,0.049481370924445
1106,0.02063271274760175
1107,0.029225682290451378
1108,0.18735014583956983
1109,0.08113349567135683
1110,0.01127851978321286
1111,0.09151348856661184
1112,0.01827417425270185
1113,0.08977981021778053
1114,0.01401483775340086
1115,0.38943474851714754
1116,0.09396960199115362
1117,0.018962503264568893
1118,0.06474055231788692
1119,0.05493714278680062
1120,0.055063896722230915
1121,0.06668479545088501
1122,0.11635246122286294
1123,0.053393000980626104
1124,0.012977031026364308
1125,0.03131174495629278
1126,0.03568206574636482
1127,0.029495359329578346
1128,0.01059345806583151
1129,0.07532282860132668
1130,0.3570079241249538
1131,0.03950621470029682
1132,0.08709891349981244
1133,0.029182355303311265
1134,0.04091291386685184
1135,0.099130346855233
1136,0.06385368828122405
1137,0.011679769215168986
1138,0.030845096723277742
1139,0.02739038026606772
1140,0.021835419268558413
1141,0.06427927099997864
1142,0.008868506206385697
1143,0.08200954619815058
1144,0.029327068207583042
1145,0.04571955999310871
1146,0.03081015145025373
1147,0.05383469664014953
1148,0.07128777656248603
1149,0.01362059321904572
1150,0.037025133373818665
1151,0.10590248578161185
1152,0.04636597546221483
1153,0.04494646322475849
1154,0.07367725309875865
1155,0.14788253190417933
1156,0.23937872120890136
1157,0.03636460347703898
1158,0.018572316698361332
1159,0.06120888229603373
1160,0.16653556349266174
1161,0.021876892596179292
1162,0.024754941677820524
1163,0.03973504933768665
1164,0.024878257200759545
1165,0.18194557371319478
1166,0.04072559897940086
1167,0.20022729347991802
1168,0.6459568997631461
1169,0.11434973376496618
1170,0.03904727257047095
1171,0.12847750693480414
1172,0.01887641788545931
1173,0.04715247571563802
1174,0.029819320563577514
1175,0.057879002444628805
1176,0.041805804976311964
1177,0.07221909393002429
1178,0.030424936330189417
1179,0.07553065481285322
1180,0.1142574437233255
1181,0.04028765083613264
1182,0.04300348415511102
1183,0.12243775100066051
1184,0.03783500427614379
1185,0.08744210450642718
1186,0.047056490928287266
1187,0.062464423090044977
1188,0.18756659981937576
1189,0.036317730257086595
1190,0.11341063346017083
1191,0.1187834083083551
1192,0.03300965667470081
1193,0.06324972966262966
1194,0.030412314935720927
1195,0.017510549376333957
1196,0.02012372636695714
1197,0.11220758886631818
1198,0.030280746076689416
1199,0.037743017021353666
1200,0.1010189091648786
1201,0.02709526923060348
1202,0.23418406851737772
1203,0.05585790426602741
1204,0.0311905199096366
1205,0.13138650528132972
1206,0.029245557387773034
1207,0.020945479938668993
1208,0.10787903302604225
1209,0.05926108019144869
1210,0.31120309738619034
1211,0.04669455001706467
1212,0.11181870466672589
1213,0.5347258057562475
1214,0.024943965193770033
1215,0.08856398149679426
1216,0.04236552481074363
1217,0.0425084777411401
1218,0.018456594745759065
1219,0.01954153553255089
1220,0.03183105015159141
1221,0.10002377477880221
1222,0.0370599198116805
1223,0.08289781932359173
1224,0.03227161185615478
1225,0.022289958851774764
1226,0.011565968145885761
1227,0.011746883965883522
1228,0.011148774014431916
1229,0.017944633532288135
1230,0.034845524416944086
1231,0.04130592235710487
1232,0.05010572415354095
1233,0.017129374774009193
1234,0.06516114856970692
1235,0.0452489822476147
1236,0.2473761227395195
1237,0.054881027990797575
1238,0.2457461566042429
1239,0.06305780364960836
1240,0.049262345680735925
1241,0.027687020587656555
1242,0.18049786884916347
1243,0.014798153722447728
1244,0.040699984089343916
1245,0.06862554617284275
1246,0.05241298061082939
1247,0.12530277258616174
1248,0.019578839931295743
1249,0.008873017621163552
1250,0.10892960266851655
1251,0.11389119409553825
1252,0.015302710738036015
1253,0.1135988816884678
1254,0.1170085360465611
1255,0.01578813567121586
1256,0.03963176725639722
1257,0.03165472010051653
1258,0.019238857257131682
1259,0.11464774632064717
1260,0.008921726900529054
1261,0.04709975233099911
1262,0.03373271998256519
1263,0.05944115990863169
1264,0.044638198511157724
1265,0.04564914363252759
1266,0.026499851913035923
1267,0.04680685896002078
1268,0.08650749801289351
1269,0.0760416919237674
1270,0.043061659535843004
1271,0.035314771076028664
1272,0.026688244929131494
1273,0.06168978722169868
1274,0.03696151531112142
1275,0.030900035942629005
1276,0.052935664943950064
1277,0.24302449898988365
1278,0.09582064343764844
1279,0.06309480843007301
1280,0.01730835855326143
1281,0.021125759030610505
1282,0.13210056638261747
1283,0.13257930320069344
1284,0.06697017096932956
1285,0.011249797713870066
1286,0.28524955249204553
1287,0.07998835946577892
1288,0.03546571039650168
1289,0.14270529395098736
1290,0.050059895234841556
1291,0.008760776499289052
1292,0.07071188406566002
1293,0.034703129544993654
1294,0.030004379114679406
1295,0.04038718710144777
1296,0.04742567855500194
1297,0.00787266955006477
1298,0.027834677183854333
1299,0.19563757946546262
1300,0.03998254546661094
1301,0.02150155157228109
1302,0.0281872568051974
1303,0.014349126519932795
1304,0.1357755783968474
1305,0.02146283271574599
1306,0.20316678523596704
1307,0.08690989272545051
1308,0.09731885591487624
1309,0.14653131938723604
1310,0.026881526707520823
1311,0.02733800251940199
1312,0.025156419752522342
1313,0.02013609910751875
1314,0.04623204852072525
1315,0.0703119449232067
1316,0.05636043132128001
1317,0.023702831332701135
1318,0.05153116489780133
1319,0.025437860550253478
1320,0.13561973979409037
1321,0.03317496805659714
1322,0.06798209649966412
1323,0.03382434619786358
1324,0.04076872235677732
1325,0.013288524731553121
1326,0.06054335931597342
1327,0.05187000286274713
1328,0.1044851731268587
1329,0.014212394502018158
1330,0.017102258909983806
1331,0.04310049075609294
1332,0.01364715583175308
1333,0.1252458079010283
1334,0.08510221418734162
1335,0.029979139334091742
1336,0.055089340629698426
1337,0.04308528835619764
1338,0.060706943794383114
1339,0.11957716378442457
1340,0.1884628400469899
1341,0.04503207316260768
1342,0.17128964169878852
1343,0.06736861002777637
1344,0.19435749172191985
1345,0.2020892460886835
1346,0.24900855547972245
1347,0.04068325281733695
1348,0.03488258977259724
1349,0.0266976359186129
1350,0.18942299240013033
1351,0.05750518810609537
1352,0.029422845159929635
1353,0.025045012667235383
1354,0.04698969622511553
1355,0.15015225096948281
1356,0.07370541572126699
1357,0.09420311894204914
1358,0.10493847444335966
1359,0.06644697832946274
1360,0.15584041449576796
1361,0.01120566061866721
1362,0.027732410845010696
1363,0.13545406154112902
1364,0.09421086650934227
1365,0.21687145151181753
1366,0.0278752455408487
1367,0.0585312337136976
1368,0.04135624216836005
1369,0.20423402813733507
1370,0.07406848251089185
1371,0.021917629217043127
1372,0.06569368720787644
1373,0.05097313619320278
1374,0.03834220366601398
1375,0.09981582408011763
1376,0.026445953481238644
1377,0.02647343381120699
1378,0.03260486578811643
1379,0.285148114009502
1380,0.08604935287213432
1381,0.12079494613441116
1382,0.061457166399145356
1383,0.026516706038037057
1384,0.215975342155525
1385,0.019910647291866857
1386,0.20462349527180537
1387,0.032582975212469334
1388,0.021096397655729078
1389,0.03439476606083756
1390,0.01899469541475567
1391,0.06276330291664964
1392,0.022631702301919826
1393,0.07813401057749271
1394,0.15892741525302
1395,0.11574001411385805
1396,0.04218333849105928
1397,0.022339536575896716
1398,0.04038500431252144
1399,0.11935258843535643
1400,0.09405129449998696
1401,0.08630832136016875
1402,0.04322077526391202
1403,0.02672601167284491
1404,0.068433034110926
1405,0.1261551313096392
1406,0.11227672434540598
1407,0.5299698208819937
1408,0.15886500776743032
1409,0.17518595147718405
1410,0.025447337652705883
1411,0.021629296840383956
1412,0.11071068248196345
1413,0.04837219927182983
1414,0.020237857835749874
1415,0.02879331830668658
1416,0.03894881701940947
1417,0.015361801047101217
1418,0.019473268203080644
1419,0.28090259260505057
1420,0.03467916717849895
1421,0.049618118512612386
1422,0.014396066205648398
1423,0.06311197735167509
1424,0.031815027516779296
1425,0.0962514307538756
1426,0.1766419156882498
1427,0.05047795287769739
1428,0.0511913560807565
1429,0.0214225730239037
1430,0.03103201549612352
1431,0.046150655828063006
1432,0.04740293882566132
1433,0.09736105008973221
1434,0.5626487598771748
1435,0.09648831554243356
1436,0.02578186432584024
1437,0.013801115775864462
1438,0.08886256369795777
1439,0.020313167648916133
1440,0.033127464081180655
1441,0.042316371988175755
1442,0.011835957817301285
1443,0.026883538120177162
1444,0.03427584049526364
1445,0.05254070773797562
1446,0.08905755169058077
1447,0.15586677450956443
1448,0.05133425075276765
1449,0.05391166008499733
1450,0.028823790472687204
1451,0.01535475844296852
1452,0.07580797166465167
1453,0.14438568851800815
1454,0.14495884472492196
1455,0.07276012850692926
1456,0.06632642552517964
1457,0.013044219932075893
1458,0.18603429023453902
1459,0.0365640393652134
1460,0.037750508855880036
1461,0.03413374104923961
1462,0.039139578845451384
1463,0.0290603157888312
1464,0.029511219992300504
1465,0.029082980390249924
1466,0.020854196863411955
1467,0.16783934177559867
1468,0.08147847377730823
1469,0.12796482366808884
1470,0.02123448249367052
1471,0.03879157344166075
1472,0.05668829911622331
1473,0.019470574041800665
1474,0.029738203032224964
1475,0.10842482653378487
1476,0.0331596184476968
1477,0.03508073162305376
1478,0.5620873078800299
1479,0.014214493938464308
1480,0.026401379922572778
1481,0.15211885082853194
1482,0.2666040634724267
1483,0.15991727799547228
1484,0.01778280368591876
1485,0.19729545935107107
1486,0.22324717423692853
1487,0.03709088159846718
1488,0.014322316954161616
1489,0.028309496788329284
1490,0.09102449670450088
1491,0.023846330869184997
1492,0.03840089177963494
1493,0.029916584333705358
1494,0.06604495810774538
1495,0.04694752315773287
1496,0.02514297403112192
1497,0.037951530392309335
1498,0.10799408130555155
1499,0.08246576459486195
1500,0.0951159695181016
1501,0.19041095868962132
1502,0.22714392678593892
1503,0.0415955601308427
1504,0.031874193488500936
1505,0.09303087410043631
1506,0.03764787670480546
1507,0.024292300068857076
1508,0.03935084502099254
1509,0.02564967128637647
1510,0.05162168009367464
1511,0.052476877740285935
1512,0.030240653052006787
1513,0.04935722919625022
1514,0.141275521149425
1515,0.11366814776041871
1516,0.010273512081037774
1517,0.019440559010770735
1518,0.022271691649089754
1519,0.011162230996636234
1520,0.011644077115199512
1521,0.02283348250194802
1522,0.029283536517953734
1523,0.037144837133907926
1524,0.051239059172886986
1525,0.03816296940647395
1526,0.04582579092627152
1527,0.07238524354368966
1528,0.012455393845368012
1529,0.025885960993541592
1530,0.09138713673205733
1531,0.14375777862138883
1532,0.026634715005366856
1533,0.15147659584411008
1534,0.022027085541242372
1535,0.09720861246658614
1536,0.041014202563267474
1537,0.03345473424149262
1538,0.08664277221897623
1539,0.09122124800718044
1540,0.07251896687313017
1541,0.02742513779509629
1542,0.3427469037757595
1543,0.035438131293293484
1544,0.033683538177399795
1545,0.07867363350574526
1546,0.023172311165053215
1547,0.022571952298237614
1548,0.0797317399120264
1549,0.09111828442783518
1550,0.07208859137501586
1551,0.10716295440883805
1552,0.11045064184280556
1553,0.07233674460214604
1554,0.022021229042054682
1555,0.04031117763608207
1556,0.008023123745558696
1557,0.14064651922512383
1558,0.07918941412897214
1559,0.03821442644967395
1560,0.04781323803908918
1561,0.027977859405408187
1562,0.02665360865712897
1563,0.05567542135682789
1564,0.019784254628580977
1565,0.01865574781037943
1566,0.03348413185331492
1567,0.04545078959179811
1568,0.0362313655987623
1569,0.017292022810356383
1570,0.08193065125579874
1571,0.02458600388580632
1572,0.009438007572786532
1573,0.029500348797927067
1574,0.17996202881003107
1575,0.12431956094803696
1576,0.0675792090863248
1577,0.038597822934842034
1578,0.06446037962877918
1579,0.013137048883914308
1580,0.05959653070504345
1581,0.03482405576852975
1582,0.020090866862363686
1583,0.01458252452846516
1584,0.03821698496717547
1585,0.10203529987860789
1586,0.05925609652076171
1587,0.056285905656541346
1588,0.02892664715114228
1589,0.01226377194383778
1590,0.09265651684938558
1591,0.013509738782940438
1592,0.043483746144584265
1593,0.0792419732555726
1594,0.030282199749744734
1595,0.027568543703413974
1596,0.057635200564336034
1597,0.06635896513288296
1598,0.04166481243607585
1599,0.019138931044654355
1600,0.024015305208985645
1601,0.06471219082227825
1602,0.030950810886070098
1603,0.023384281746998
1604,0.17767621944725057
1605,0.01856899656585362
1606,0.027422114517589167
1607,0.012545493773977238
1608,0.042782171050387716
1609,0.02117048226254287
1610,0.01697839466069248
1611,0.03464353338256592
1612,0.726869241591859
1613,0.025418326022363207
1614,0.0957036876769125
1615,0.03660694943508162
1616,0.1526748406256205
1617,0.041104964700096294
1618,0.034949229271342266
1619,0.012610910011734538
1620,0.06313244770981366
1621,0.03699426794793326
1622,0.049370927560618116
1623,0.029491266900336426
1624,0.03944274202566076
1625,0.034916236606569645
1626,0.04719637207097353
1627,0.06769718167565335
1628,0.01064835443986615
1629,0.037213537572787454
1630,0.08736049649172455
1631,0.03383283905589472
1632,0.155182532757062
1633,0.07409485901946196
1634,0.1230928976205102
1635,0.020139961071568832
1636,0.09596168203508174
1637,0.0957726698765557
1638,0.16495265171274434
1639,0.02576424000191823
1640,0.018823420131593407
1641,0.0447234596511752
1642,0.24020644480473044
1643,0.07149247052428366
1644,0.032294466617373944
1645,0.03179768933475018
1646,0.03327365028161116
1647,0.02334626813894515
1648,0.025478685838952134
1649,0.04109342684231493
1650,0.022800839307113727
1651,0.04499076346425958
1652,0.025030603798954654
1653,0.014776827037662857
1654,0.05797566842161589
1655,0.06582904857153057
1656,0.04076668683810282
1657,0.02993111951191657
1658,0.060800976538720894
1659,0.26522254025372827
1660,0.01830847026315672
1661,0.028488043248196725
1662,0.026177387267078706
1663,0.07194047608005638
1664,0.017855442021060628
1665,0.030723841692483437
1666,0.1406724089020796
1667,0.195251412125644
1668,0.012692519024628295
1669,0.028281948576795706
1670,0.01237694024844121
1671,0.26983950686936264
1672,0.05952590364784136
1673,0.13430062583677346
1674,0.10543816169878481
1675,0.04309700071410026
1676,0.018737722266632457
1677,0.06529991075920541
1678,0.04470140675272262
1679,0.08466937774188327
1680,0.036495488236824344
1681,0.029902861856338205
1682,0.012957734751153274
1683,0.16911300092838719
1684,0.018865736553568498
1685,0.018976035820489297
1686,0.2629509389336864
1687,0.09301110117681813
1688,0.026992405187030576
1689,0.01743898539738721
1690,0.027225209167693765
1691,0.0986172502556537
1692,0.06230485529014628
1693,0.029631847562320974
1694,0.04970885941395135
1695,0.051492071413735394
1696,0.022440230234940135
1697,0.08522105624090559
1698,0.05922163847661824
1699,0.11398440584760994
1700,0.06852396315502292
1701,0.0943519451170802
1702,0.16601597214903174
1703,0.02317675503273938
1704,0.04880620210607316
1705,0.10156159410285388
1706,0.08834919389279351
1707,0.01614683273424201
1708,0.06984232868930038
1709,0.035106885572542636
1710,0.06089390234651921
1711,0.16024347771990774
1712,0.061114654461197425
1713,0.13434693382872703
1714,0.06730050850201598
1715,0.02736943459414964
1716,0.07156644436576537
1717,0.010410219671001116
1718,0.054975022073158256
1719,0.016984430561325314
1720,0.039512480800676306
1721,0.035326955271079805
1722,0.054995902088084164
1723,0.026412154306012077
1724,0.094865447285894
1725,0.09294024956425662
1726,0.0505101078651055
1727,0.012097207848375108
1728,0.025601110755937424
1729,0.05763996746179459
1730,0.126594271452059
1731,0.18938005465034488
1732,0.03342836709114726
1733,0.019003172374232734
1734,0.042424914949687004
1735,0.023147341463210378
1736,0.027956059109241527
1737,0.02313466129894009
1738,0.027384142170257853
1739,0.10937058338123201
1740,0.023203304817402574
1741,0.1617192251471212
1742,0.06262409264280944
1743,0.08493706613028858
1744,0.3271201545594871
1745,0.01595548762826506
1746,0.03389778001482841
1747,0.007734843960425239
1748,0.046807827049896736
1749,0.17493662064141177
1750,0.011832217623865729
1751,0.28372650846376757
1752,0.04697322905346531
1753,0.1947588956036672
1754,0.02491046052106081
1755,0.14406181431106355
1756,0.11280976571766471
1757,0.14303151668234346
1758,0.28183376018663314
1759,0.07143800962509647
1760,0.054655678774519725
1761,0.36386504634346384
1762,0.0401425666027497
1763,0.05975746709186926
1764,0.021011804069534422
1765,0.18592669684236682
1766,0.11271506031782494
1767,0.08153711037230701
1768,0.038145697742748966
1769,0.06450747291796587
1770,0.009825090455461635
1771,0.0585070241216952
1772,0.02157671708741711
1773,0.04124162314072489
1774,0.025775316561025025
1775,0.058398013831208614
1776,0.06516366667938327
1777,0.05031786645529902
1778,0.07379811510079085
1779,0.013721839164587527
1780,0.040526271124429546
1781,0.22388523008172342
1782,0.012155146450597714
1783,0.33305821387700585
1784,0.10068265955726607
1785,0.2001776841545826
1786,0.4218856027549095
1787,0.020526315302009886
1788,0.02914615630411519
1789,0.011264368248386189
1790,0.024921092746292242
1791,0.013952679866866869
1792,0.0744500288681057
1793,0.06058455147724668
1794,0.1356879881302812
1795,0.0511000616755683
1796,0.011219117700653935
1797,0.023668204610225625
1798,0.10653949690955955
1799,0.07124871111920555
1800,0.07798329376816972
1801,0.030952811415402313
1802,0.0860443545034427
1803,0.11021806439825425
1804,0.14296460182106946
1805,0.04945889146408314
1806,0.04272240478310999
1807,0.07537622896427923
1808,0.0183234120894184
1809,0.021564080088926504
1810,0.028931833182935088
1811,0.09379142327980222
1812,0.17790467912185925
1813,0.026302912542044775
1814,0.03267808022981404
1815,0.05406326082152229
1816,0.06687738192573119
1817,0.1522468316092476
1818,0.0821068521622958
1819,0.011446364907740387
1820,0.05358940146283353
1821,0.02629678770168211
1822,0.07612137424702833
1823,0.030863507105815882
1824,0.060909629546240684
1825,0.17405749810487553
1826,0.011566845628096815
1827,0.23197870337341378
1828,0.02155027489596914
1829,0.013738682264891748
1830,0.18410485667337592
1831,0.06347278298853185
1832,0.2094906352578531
1833,0.08727461484039925
1834,0.03249183887003613
1835,0.155024778664111
1836,0.034818552730727745
1837,0.07475910081242229
1838,0.04628146882517639
1839,0.052851108135632485
1840,0.21869470837782767
1841,0.06517234193964637
1842,0.06452021394582277
1843,0.038692043506138425
1844,0.06757490419903928
1845,0.03660146040135052
1846,0.1959978970033564
1847,0.021280921150921138
1848,0.04229152178067625
1849,0.022449265225396878
1850,0.05939338301302251
1851,0.2816229078085525
1852,0.06086681112289928
1853,0.032141693972921985
1854,0.014651483919567344
1855,0.09120337486681226
1856,0.012610035640234885
1857,0.13271364470447744
1858,0.018848755631189824
1859,0.03674520167863398
1860,0.23573344966715465
1861,0.027728882570321862
1862,0.016609368557865357
1863,0.14527969655911255
1864,0.0943751460159795
1865,0.05849569254024428
1866,0.05161830478972089
1867,0.13815811622759658
1868,0.031100354900706267
1869,0.021353045898270456
1870,0.009844638743297319
1871,0.18041132263992532
1872,0.08911740415306711
1873,0.0743097213558078
1874,0.07176962972772757
1875,0.06035605314379259
1876,0.04376387771118989
1877,0.11103300537490013
1878,0.036212137891360956
1879,0.03371088062719935
1880,0.030344567236422374
1881,0.06871839128769568
1882,0.057579979524343065
1883,0.07536537137533927
1884,0.06071782813154662
1885,0.06363446357305887
1886,0.08206108515747901
1887,0.036472686393290876
1888,0.21390804649847198
1889,0.10550423488656671
1890,0.01609140145826732
1891,0.017354767020517935
1892,0.03624728103846932
1893,0.024764042856552447
1894,0.044552162733613274
1895,0.01484412998365224
1896,0.03997539409381789
1897,0.06962547642767357
1898,0.38188322978038036
1899,0.017998409967540586
1900,0.028855601434904093
1901,0.022504238562639584
1902,0.09271023844210806
1903,0.12040108315919174
1904,0.3711649342801025
1905,0.044468431121612355
1906,0.031193462968591434
1907,0.027636313825530077
1908,0.03329399347150297
1909,0.020142151708189386
1910,0.04751936775971265
1911,0.15792676758884697
1912,0.01863579485802925
1913,0.02324107493427741
1914,0.140535885603903
1915,0.03263328663197653
1916,0.05971909970752424
1917,0.04603215494790929
1918,0.014935011569211874
1919,0.008733643520769309
1920,0.02829923029543503
1921,0.10293445071553915
1922,0.022085668215271508
1923,0.020025868990583524
1924,0.01641114090701995
1925,0.08665309470693816
1926,0.10169487209457849
1927,0.06715826541873245
1928,0.025733284143530252
1929,0.03968331323591777
1930,0.04706051847281701
1931,0.02502879932387593
1932,0.023685766870153675
1933,0.030631914223097963
1934,0.010641288461819281
1935,0.02194246802197887
1936,0.04267885672056143
1937,0.03754220429119971
1938,0.019357018340402914
1939,0.042914263471585515
1940,0.13146978939916168
1941,0.039330424718861105
1942,0.029844290379856944
1943,0.029706700897040833
1944,0.06587237525855709
1945,0.0201789729203782
1946,0.06624939389584185
1947,0.048828170001509706
1948,0.028085093623241575
1949,0.056889661343633824
1950,0.07461692847816812
1951,0.07287016325183862
1952,0.018796232102376086
1953,0.01664612206701591
1954,0.1542289923052174
1955,0.027758697728980687
1956,0.09668320061532734
1957,0.03774079463263098
1958,0.08857471648750392
1959,0.026341954458410418
1960,0.01152318386742451
1961,0.042169046414573204
1962,0.0956037063882433
1963,0.06918695275264648
1964,0.04743903534086978
1965,0.32408437843201005
1966,0.06097824167358741
1967,0.01768885820114169
1968,0.11624043620066202
1969,0.03091608595984227
1970,0.042913012361862346
1971,0.052830655118927886
1972,0.03539171645728284
1973,0.023396904802133883
1974,0.03843347722804703
1975,0.05135774858166823
1976,0.15318415741369093
1977,0.04069745206628046
1978,0.01618151837245315
1979,0.051544731658709375
1980,0.02931188728304461
1981,0.015125885299804988
1982,0.028800889916371537
1983,0.07907454423961299
1984,0.044597551554980186
1985,0.033265956842961006
1986,0.05864781373655964
1987,0.015742884212655833
1988,0.03137487335001975
1989,0.027512228685601693
1990,0.1514511695389392
1991,0.07700805876185916
1992,0.09683018111658168
1993,0.08075926520031598
1994,0.020670758947239336
1995,0.06319429901539812
1996,0.032693510991522415
1997,0.09398385480302278
1998,0.032433313071932174
1999,0.02317155155759946
2000,0.23539085096013526
2001,0.04657984078712035
2002,0.017894514429389084
2003,0.034460965521237806
2004,0.1709836277337191
2005,0.0746528539050091
2006,0.08273875666029169
2007,0.031138260635388305
2008,0.11647854686997504
2009,0.04338397755228737
2010,0.02114923209045934
2011,0.047804685977179205
2012,0.0678706602430453
2013,0.026271368904298043
2014,0.029918800814095287
2015,0.016904279524933986
2016,0.05783999574557822
2017,0.08967691604730689
2018,0.138673396413214
2019,0.0366350839407348
2020,0.037804956053351935
2021,0.023311603182771305
2022,0.05262272030434513
2023,0.01637223807795324
2024,0.13400524607573527
2025,0.02361385301404209
2026,0.014172402203693289
2027,0.02045329367397311
2028,0.037036701761220404
2029,0.02529147836868962
2030,0.07168821799020288
2031,0.02271828658522459
2032,0.10641088229898485
2033,0.012802118922956704
2034,0.02012518208810476
2035,0.10343107760779385
2036,0.11779842849793572
2037,0.10855246922495797
2038,0.040766231322288606
2039,0.013780168521004742
2040,0.017522878605620566
2041,0.2603670569195931
2042,0.017399252590986018
2043,0.03155767168439195
2044,0.02671566017601254
2045,0.04907312233931323
2046,0.01814774915723502
2047,0.11957452773769692
2048,0.12528748578668303
2049,0.028555650327971076
2050,0.012276328967324203
2051,0.07012609023565845
2052,0.05875930366587788
2053,0.031712446269268564
2054,0.08016838853431542
2055,0.05347896729257997
2056,0.03013561002045721
2057,0.02482513634673895
2058,0.1725457549870659
2059,0.010817774588075844
2060,0.06055590723595963
2061,0.052410420716944066
2062,0.0854788376136188
2063,0.033667042047667406
2064,0.029401613121845773
2065,0.0466247498114532
2066,0.030655402886461482
2067,0.06455538181976325
2068,0.13876297666391257
2069,0.01501183625339378
2070,0.2517730842851875
2071,0.1149806829145329
2072,0.01030944086178992
2073,0.054591255235629396
2074,0.02459059662240816
2075,0.040510995159424794
2076,0.025037944088740063
2077,0.13094309527192377
2078,0.04711931283204195
2079,0.055155853882408665
2080,0.11742538832982592
2081,0.06151653827269128
2082,0.08004004520032376
2083,0.019356825470865615
2084,0.041917391672113474
2085,0.06895841713396669
2086,0.03272755262539408
2087,0.22912762890343058
2088,0.018832180554109595
2089,0.08730591241732676
2090,0.06734365925667285
2091,0.06076967925937214
2092,0.015744454032526306
2093,0.10104546795751504
2094,0.24534750535846425
2095,0.16403905022059054
2096,0.01805094261495247
2097,0.012884904497420045
2098,0.039115676348978196
2099,0.15275851301235777
2100,0.12812184119387646
2101,0.0315755421355581
2102,0.03334974333020568
2103,0.1261770894393912
2104,0.06780920340201028
2105,0.19425779728948703
2106,0.009589129344672556
2107,0.06344347501041799
2108,0.223886290458237
2109,0.01407656908341464
2110,0.05011483384489122
2111,0.08195343223739396
2112,0.01506665119873718
2113,0.03906221632669177
2114,0.01145927680920198
2115,0.016906519326522478
2116,0.0334289887510587
2117,0.1126826414416606
2118,0.030511761945198168
2119,0.031068526027556834
2120,0.06400182840983448
2121,0.05232163420717803
2122,0.24917058314409893
2123,0.01623060147995645
2124,0.030827180644744857
2125,0.05035296894638581
2126,0.0862932401238255
2127,0.07745388245125086
2128,0.022369697564139774
2129,0.01875518027170466
2130,0.4245917518721719
2131,0.03900260925783565
2132,0.08156449194520203
2133,0.011963176158231814
2134,0.03319994779628083
2135,0.08819080717616179
2136,0.19941215841262228
2137,0.030658795287150785
2138,0.02058801372306301
2139,0.029355913521474285
2140,0.12454593139692181
2141,0.10018572797009215
2142,0.08590657694505999
2143,0.11485743848637614
2144,0.02527939428933541
2145,0.012894027336283325
2146,0.01478805898988507
2147,0.057091854144002946
2148,0.061967175536024516
2149,0.28442457286029815
2150,0.03637786438236997
2151,0.02350724155928091
2152,0.029007283126827463
2153,0.058907917684628504
2154,0.07671719276401075
2155,0.1882529369858248
2156,0.03478474749844027
2157,0.01292668858409916
2158,0.051373743370403645
2159,0.09356087036169358
2160,0.016866485898566614
2161,0.04931888829372147
2162,0.04935210706124474
2163,0.07701914445427217
2164,0.02555153475856984
2165,0.032911439855975
2166,0.05187629576867134
2167,0.02216302921898043
2168,0.08397366099260367
2169,0.013926128435255295
2170,0.009964003861284786
2171,0.05656296166157747
2172,0.0822290906760817
2173,0.29066231034504275
2174,0.014122957510612516
2175,0.28326906231056664
2176,0.2645664161266448
2177,0.024113440073079122
2178,0.03377253606814834
2179,0.021731985596028874
2180,0.035281272525872584
2181,0.2248239030587933
2182,0.02592393393854567
2183,0.10839806247674864
2184,0.024169051004693052
2185,0.0123192865074218
2186,0.041201133807275185
2187,0.02503776817070884
2188,0.039937738295421514
2189,0.3124163384101917
2190,0.15999977634771792
2191,0.17549249063530153
2192,0.04288574686185882
2193,0.015885858574297737
2194,0.051191824476065295
2195,0.17739884986985094
2196,0.016739296276997703
2197,0.058585579137520334
2198,0.029043463613337428
2199,0.01620226422085673
2200,0.05281745088857773
2201,0.026174257377182215
2202,0.04834871465196482
2203,0.041134008894775205
2204,0.026629758244141054
2205,0.03284244135883306
2206,0.20503969970880684
2207,0.04688084962542423
2208,0.024631838709686472
2209,0.05081706414535046
2210,0.009479640764811453
2211,0.030662039680233108
2212,0.0733190716062983
2213,0.03464526660608892
2214,0.012864047429325804
2215,0.048857579769483045
2216,0.021152827606377655
2217,0.14128633398570845
2218,0.29274196894113613
2219,0.05026850783293738
2220,0.03588627979019244
2221,0.035971160247751544
2222,0.09496956354834346
2223,0.21246839396643274
2224,0.12335291333970282
2225,0.024473711147144778
2226,0.026144725887908324
2227,0.027088476400047377
2228,0.07843397544449293
2229,0.053399820640364803
2230,0.025134902553229248
2231,0.03490913895286349
2232,0.008177517460317762
2233,0.008961817382673345
2234,0.24379844431972691
2235,0.02981316283808022
2236,0.06909650391421032
2237,0.019832386674932555
2238,0.17739562907752573
2239,0.2157418703993944
2240,0.08492037914620598
2241,0.0774499066156987
2242,0.019471050674338138
2243,0.083397263842257
2244,0.02633832856182948
2245,0.027691487179805345
2246,0.021964393238862668
2247,0.19724499952340308
2248,0.052195976500174185
2249,0.07852312706804779
2250,0.11411096222852629
2251,0.01889945762372105
2252,0.09562884215052248
2253,0.04011261234098438
2254,0.11241237968462472
2255,0.18342062514031038
2256,0.037845702141305795
2257,0.052886878798156796
2258,0.08184056011562288
2259,0.13811174101756812
2260,0.049721780895926077
2261,0.1272515045820628
2262,0.08220134393723487
2263,0.07864396889791042
2264,0.03573975526876165
2265,0.0325950940111356
2266,0.019730067655297476
2267,0.017845098381451895
2268,0.05634617997082339
2269,0.14112930703668825
2270,0.029150071257776244
2271,0.41022430776499863
2272,0.06484739989318947
2273,0.020889229904266313
2274,0.034797474696218904
2275,0.04431630767089722
2276,0.07018565581667077
2277,0.19596621101733885
2278,0.050131151292659465
2279,0.04066146364460789
2280,0.011726594007495587
2281,0.352838673877756
2282,0.010707677820714887
2283,0.014257702465549874
2284,0.08231786808093303
2285,0.09938641428722633
2286,0.04066043844247999
2287,0.015899046557324034
2288,0.022675732761282007
2289,0.05162287597641052
2290,0.02234849750700763
2291,0.07263945003165936
2292,0.01627231680476166
2293,0.03694924769793297
2294,0.05104877677171116
2295,0.043605739414618
2296,0.031055387812736215
2297,0.12044879332803525
2298,0.19805469599813155
2299,0.01501191288267946
2300,0.02246084898527733
2301,0.07675754302327395
2302,0.29378934775617427
2303,0.06092318519980613
2304,0.12260147009327274
2305,0.043799131606078456
2306,0.01943826347039277
2307,0.9600496034342598
2308,0.04371464563802956
2309,0.058260570677050656
2310,0.1038384700480314
2311,0.04433181039204066
2312,0.020965059476858186
2313,0.08379995735602776
2314,0.03871872107015734
2315,0.0419270162068968
2316,0.31396712715130576
2317,0.032533728489685575
2318,0.06292106721959825
2319,0.019632634728721867
2320,0.0746674316719106
2321,0.02227258995907145
2322,0.033220515299564095
2323,0.14719800679859105
2324,0.012977828443300326
2325,0.05463665343924735
2326,0.10224245150456955
2327,0.15185277216043708
2328,0.05418603369975661
2329,0.11231742122413534
2330,0.08857596660631623
2331,0.26085552385650523
2332,0.020115825903049944
2333,0.0751585898419705
2334,0.017189117021222652
2335,0.15595828419908472
2336,0.018837595831542153
2337,0.020654921272843976
2338,0.01996188040375819
2339,0.056622538079137696
2340,0.2898080874292965
2341,0.07274754474889761
2342,0.08374692045923199
2343,0.014034467812425826
2344,0.03186798754843751
2345,0.039804049787216966
2346,0.020278948652368737
2347,0.08622928311120556
2348,0.013740439996238885
2349,0.027569276013055227
2350,0.43938570447115244
2351,0.14526614242741054
2352,0.014403921795033811
2353,0.07640807200136067
2354,0.04121288891382582
2355,0.05323169769654945
2356,0.016554263900553878
2357,0.19363898866385867
2358,0.03367979313165234
2359,0.1350679439687281
2360,0.059202082273702945
2361,0.11021691320635808
2362,0.019500749332620297
2363,0.08270520438034848
2364,0.01783441231442654
2365,0.10578909002427064
2366,0.07542807553307565
2367,0.022286136115042612
2368,0.13556544305232088
2369,0.020573071344076484
2370,0.5704879470334308
2371,0.038222298307637494
2372,0.05433222545016727
2373,0.036915135831737056
2374,0.09840369078725952
2375,0.01880024773628003
2376,0.011431698933730725
2377,0.013141779530272294
2378,0.11043540726869971
2379,0.019408337202550814
2380,0.021947047669411676
2381,0.08066543285030954
2382,0.015482738138984115
2383,0.06988957388034985
2384,0.07468116388378458
2385,0.06173603339903604
2386,0.4350263472589261
2387,0.04446587320961075
2388,0.03218343526030096
2389,0.020383291545074074
2390,0.12422790681324229
2391,0.01810812934836284
2392,0.06504201053374402
2393,0.05571996932123707
2394,0.0324023855303537
2395,0.07442057654087146
2396,0.044208437597581765
2397,0.05305669544862071
2398,0.02842414452891673
2399,0.06390994068082569
2400,0.025656014280957314
2401,0.030204048924171882
2402,0.14108657716407613
2403,0.04346416767703955
2404,0.06688012363502624
2405,0.02361449534328235
2406,0.10030037278591933
2407,0.015268366421014867
2408,0.040218922679047905
2409,0.042961738633002865
2410,0.10478269452722636
2411,0.011101363512727221
2412,0.015448581007819925
2413,0.008424613628079001
2414,0.02692793774583238
2415,0.061667831221352436
2416,0.05197493737819751
2417,0.012081040468621938
2418,0.0397037444310174
2419,0.01907918595861466
2420,0.05766254970798315
2421,0.016515674912528353
2422,0.037061720964681556
2423,0.020179907448700685
2424,0.022912587308405414
2425,0.07076494671581855
2426,0.02358114718850162
2427,0.021173447377920634
2428,0.03144960624128352
2429,0.05691025279095089
2430,0.028676158032286795
2431,0.026535955375311705
2432,0.006934792549190446
2433,0.0094440523308629
2434,0.044772064530916277
2435,0.03747174412086452
2436,0.10056239252393047
2437,0.13053665748050078
2438,0.04709825214105951
2439,0.01057525081013054
2440,0.12334440429746585
2441,0.15766141121442692
2442,0.047331621380909045
2443,0.17907012444394482
2444,0.019282650525577306
2445,0.037396533790504796
2446,0.018942836975287924
2447,0.025195494889962908
2448,0.10562095274624139
2449,0.05878175099767313
2450,0.029998974388281745
2451,0.011502425755701208
2452,0.05384900796294793
2453,0.06072532102922967
2454,0.017293988067526692
2455,0.044563968869534086
2456,0.21006004766317143
2457,0.06725741363815288
2458,0.021938120287429575
2459,0.023083273388626202
2460,0.1077502732725158
2461,0.044294844511139034
2462,0.02380385381911107
2463,0.06080541148522202
2464,0.025604410887401424
2465,0.09185251804825896
2466,0.425009148122461
2467,0.07081261118580755
2468,0.06686881034043396
2469,0.0504104601036809
2470,0.0437026944877672
2471,0.010370822395677118
2472,0.1028975252518528
2473,0.07594223367276645
2474,0.017966342183754334
2475,0.026143265352125935
2476,0.028640416007415802
2477,0.06445597468737028
2478,0.07082295598922067
2479,0.040494293781514826
2480,0.054701944731110855
2481,0.0336368346417273
2482,0.025212012405582452
2483,0.031030273865763458
2484,0.19364723216362123
2485,0.08462291394535383
2486,0.046898909921883586
2487,0.06531154605919065
2488,0.02455524849332457
2489,0.048053971336696824
2490,0.05965788936850114
2491,0.025330587239975156
2492,0.022811093935936985
2493,0.058854337498055194
2494,0.024002140615338948
2495,0.05616927219273089
2496,0.04417775520069568
2497,0.150434309576034
2498,0.037404652236965076
2499,0.1043082164925332
2500,0.11069056172981494
2501,0.10032130266130268
2502,0.08653143750963686
2503,0.07882403423033171
2504,0.08262213987008873
2505,0.025768426139862185
2506,0.0314891790593325
2507,0.07225395672927545
2508,0.05091102493953173
2509,0.053843404159284076
2510,0.09620425203325517
2511,0.10662766326663074
2512,0.040064986461090676
2513,0.20442146588243132
2514,0.02130657951776794
2515,0.1586154355239894
2516,0.033810796710529736
2517,0.018992682228927426
2518,0.052173831092085524
2519,0.0353565486364868
2520,0.03528868068606049
2521,0.09460486021688813
2522,0.14233901017043263
2523,0.03039600087135804
2524,0.025914323042006488
2525,0.0404510837431268
2526,0.037075321507477464
2527,0.14685435096709945
2528,0.18399226796793627
2529,0.07130509703119287
2530,0.018534639471300303
2531,0.1372770403483221
2532,0.04939952240012428
2533,0.035767651546160975
2534,0.01828845297390672
2535,0.025890140976577485
2536,0.035827807091203076
2537,0.03727952084561265
2538,0.06445769516737483
2539,0.027737857669613737
2540,0.06499331085474008
2541,0.04138525231104542
2542,0.07240574808799599
2543,0.023066994344626765
2544,0.020097858570348664
2545,0.016547283489195028
2546,0.017327648544778373
2547,0.1620137778862906
2548,0.02130741262626986
2549,0.0181903906652895
2550,0.26061815693239127
2551,0.1212258616998087
2552,0.018630550902014917
2553,0.24466720165002553
2554,0.08021777506849447
2555,0.14251356087648892
2556,0.11601665678307252
2557,0.016856732160362778
2558,0.04127944026606904
2559,0.01772962104837611
2560,0.016532675909790816
2561,0.03286883369509663
2562,0.01968818628917819
2563,0.08742445329876986
2564,0.04189706543079627
2565,0.04605783213498527
2566,0.09211228662611932
2567,0.03894136491885693
2568,0.0828798484701217
2569,0.024854598950428793
2570,0.047396239903411096
2571,0.012771153349742749
2572,0.08170157377005993
2573,0.02508137553627441
2574,0.012521136917759699
2575,0.025028151724658047
2576,0.04755002330509613
2577,0.020197088277666964
2578,0.07539257581620404
2579,0.09664130702385786
2580,0.009273379488321524
2581,0.020757769297039024
2582,0.027642240396480944
2583,0.05491104790942912
2584,0.037824418078187844
2585,0.0713439099512472
2586,0.36435101724604396
2587,0.01841546624058906
2588,0.028626440656070902
2589,0.047024541915386964
2590,0.06914930962480487
2591,0.012012072210972339
2592,0.014318509257375848
2593,0.12008038730965136
2594,0.011058038723779367
2595,0.02416926957897394
2596,0.3754167848484739
2597,0.10530404784841067
2598,0.045935154380765425
2599,0.1079958816389799
2600,0.05250169635594868
2601,0.050824268727139674
2602,0.033539654746398875
2603,0.08073402327015411
2604,0.016308981374952104
2605,0.014260719472334033
2606,0.02270579120521122
2607,0.021587174766396988
2608,0.0523001624836239
2609,0.04025127857986555
2610,0.014589577009703723
2611,0.0237712091016827
2612,0.04111983947697239
2613,0.19232881216108053
2614,0.09529560416327393
2615,0.10695876188445658
2616,0.041562686395842256
2617,0.025877748212792873
2618,0.15058037667954655
2619,0.08171079163580525
2620,0.04283705157202981
2621,0.042735357881378715
2622,0.1996060874812299
2623,0.02643437778240103
2624,0.06356461213493
2625,0.09024960051224429
2626,0.0444974776248018
2627,0.056215078340434155
2628,0.02905080615141808
2629,0.06861337561464874
2630,0.05762120768855498
2631,0.05438285736338104
2632,0.04232062268816976
2633,0.04994144737650199
2634,0.02197211742113487
2635,0.07468502449602477
2636,0.03831468248137048
2637,0.07167877281138331
2638,0.026730293032518466
2639,0.013899886735702267
2640,0.01515454860880602
2641,0.1955289871257288
2642,0.05817062583137707
2643,0.08914512334586594
2644,0.024737102806294826
2645,0.021549717696638753
2646,0.014857281946007958
2647,0.021592701236600297
2648,0.2703154793551679
2649,0.06416307980306242
2650,0.15065970645638993
2651,0.09034072226073298
2652,0.20828436448347332
2653,0.14686906974803215
2654,0.17049038747843048
2655,0.018140711735221138
2656,0.07976572378289637
2657,0.07935790424310146
2658,0.08410526293505037
2659,0.040750980737061786
2660,0.059393625067576214
2661,0.022791066384443854
2662,0.032943256443892066
2663,0.011495484636694676
2664,0.08910684567921237
2665,0.05469549099435914
2666,0.026043763492170677
2667,0.08405454226722661
2668,0.043826622228542556
2669,0.06265930255236912
2670,0.10051515467002911
2671,0.044510261372855096
2672,0.07169719094216295
2673,0.028972626051142505
2674,0.017700649081125976
2675,0.03417691289279
2676,0.04346416210824754
2677,0.08437942614843194
2678,0.08931505280375243
2679,0.06060624344271787
2680,0.016128113778068866
2681,0.029884600948310733
2682,0.1392258489055663
2683,0.05046537504221757
2684,0.02632935992032119
2685,0.019535011738242354
2686,0.31328673522879913
2687,0.03607894319690376
2688,0.027111597052917
2689,0.019040354655237325
2690,0.08707084714560803
2691,0.12409959192041138
2692,0.056632770214323475
2693,0.02223814985186773
2694,0.048437931950565845
2695,0.02130424170913057
2696,0.038293968630749936
2697,0.04089756343670796
2698,0.04744754760303027
2699,0.06950667784593095
2700,0.09041652708534462
2701,0.01072541680407291
2702,0.061662052982086546
2703,0.04665572100401648
2704,0.03370762641988655
2705,0.06269788539614714
2706,0.018860230278447056
2707,0.09065487829481884
2708,0.025258482690237637
2709,0.031249292462108502
2710,0.0644515967312216
2711,0.02252684964906302
2712,0.0360117304164868
2713,0.025959376871153943
2714,0.026052366430087286
2715,0.10496723055633234
2716,0.1037721186967631
2717,0.034405204071964755
2718,0.19475534982721604
2719,0.06863137248599567
2720,0.03410751158048059
2721,0.009920851146677834
2722,0.02679608538318007
2723,0.18878046872995025
2724,0.04616384618335475
2725,0.063263957428896
2726,0.03128909659402601
2727,0.10843437802634771
2728,0.020341856446810736
2729,0.057771265138539626
2730,0.08862466338197822
2731,0.13532628894788717
2732,0.07285152317546217
2733,0.030973968710311342
2734,0.062062568296331326
2735,0.03164185537486493
2736,0.039078306404440696
2737,0.010856302217125949
2738,0.26557411666198
2739,0.03881111084972374
2740,0.08977623094832961
2741,0.05924007543303247
2742,0.05129217360681687
2743,0.3311880138648154
2744,0.014475878360658773
2745,0.07959937317749893
2746,0.0522907948990637
2747,0.08096463071062734
2748,0.02494166744109485
2749,0.08387578897410587
2750,0.11336868713123024
2751,0.01247998120338717
2752,0.03743979121399468
2753,0.044411670747110076
2754,0.02376936513218015
2755,0.028090815066998176
2756,0.02315050101799048
2757,0.13734839467671758
2758,0.0361627055950168
2759,0.05954381940153524
2760,0.0166643013028034
2761,0.016773665209937692
2762,0.02175969478590703
2763,0.06540186147367996
2764,0.047114318389711314
2765,0.029593155031033325
2766,0.04100158351898309
2767,0.0129146883667862
2768,0.03685927231273058
2769,0.026445598454577418
2770,0.022293045114262083
2771,0.08875069550945536
2772,0.04406647082128208
2773,0.04718685364248094
2774,0.09586001071977841
2775,0.25131127699985856
2776,0.09514044282680639
2777,0.02813568433668394
2778,0.07253167926967066
2779,0.0742695884741899
2780,0.0686066898645171
2781,0.1284176704424407
2782,0.04274250098672583
2783,0.012916213706705362
2784,0.04025885982053029
2785,0.05664236050421945
2786,0.02595563589235081
2787,0.11445496525939189
2788,0.12593910062744348
2789,0.023953353680757586
2790,0.05665147763374184
2791,0.1068571108427582
2792,0.01958438908967923
2793,0.018305046652973396
2794,0.04544452980699318
2795,0.061755814623950744
2796,0.09015056926497254
2797,0.015294413914647375
2798,0.041886342244652354
2799,0.09401818025519315
2800,0.06278781583803401
2801,0.07895441362242586
2802,0.6952734839485696
2803,0.030494629572904372
2804,0.03970113652009286
2805,0.012415226537985796
2806,0.03878373900876459
2807,0.056918978805307746
2808,0.04508396640768261
2809,0.05529491788814921
2810,0.03560159309903677
2811,0.01575403293831562
2812,0.036176630056116134
2813,0.0814557078801886
2814,0.061755399702682345
2815,0.018641173548326957
2816,0.07183516920412827
2817,0.04258800680781095
2818,0.048744485364181786
2819,0.11833929187927023
2820,0.012834731946765173
2821,0.1476883943719694
2822,0.04554013044931244
2823,0.06872261974100455
2824,0.1408733617130848
2825,0.028267320806684128
2826,0.07735708964418449
2827,0.02842358873504745
2828,0.06423499581700401
2829,0.01725124505466119
2830,0.045195012621558145
2831,0.03169113434248199
2832,0.03198600442164967
2833,0.027596977770384876
2834,0.0389223037468957
2835,0.013542950583026032
2836,0.05575832375499859
2837,0.13174749753277626
2838,0.039100931182706085
2839,0.3840477459322734
2840,0.03649778252400987
2841,0.04083201227430755
2842,0.1285208290083717
2843,0.308713036084987
2844,0.026846529615391218
2845,0.011585871515618223
2846,0.04418194762241724
2847,0.2164837935200374
2848,0.10797475161657685
2849,0.10161056174072836
2850,0.03472600468168266
2851,0.07552557503996384
2852,0.02185977266819227
2853,0.022847339309974252
2854,0.019360312136348805
2855,0.06033579015333385
2856,0.03458041616709852
2857,0.06288117707767242
2858,0.07900606995142058
2859,0.06650877184163378
2860,0.04791094683049904
2861,0.027608750735354848
2862,0.01296157282262778
2863,0.02180608274042064
2864,0.2921900467302852
2865,0.09391088941636475
2866,0.02871008195647353
2867,0.01655110935179592
2868,0.08689389429568017
2869,0.9590504081136327
2870,0.08162011636433684
2871,0.023423764051209103
2872,0.19450436495167514
2873,0.12090125762518487
2874,0.039178026404424277
2875,0.08128849301411122
2876,0.2558732146243868
2877,0.6811379803780293
2878,0.05491795551480346
2879,0.058206512746839315
2880,0.10172282042546404
2881,0.31381475738173026
2882,0.13348306347357716
2883,0.05786962219719988
2884,0.09351507396714678
2885,0.025684970916499107
2886,0.1063042377115862
2887,0.07386216227072459
2888,0.15564408458499562
2889,0.01915181747562522
2890,0.014238627743286884
2891,0.061791841587589
2892,0.046439678661650705
2893,0.14557584989479616
2894,0.3624459692102264
2895,0.05250468820420343
2896,0.022395440145322954
2897,0.07233880161433075
2898,0.03754941914438796
2899,0.013278694007001131
2900,0.24256999588172817
2901,0.056805014444843614
2902,0.03701207407460118
2903,0.023407450390686806
2904,0.023427921680803425
2905,0.05796839702453992
2906,0.017842029145461947
2907,0.1872138879957859
2908,0.2929984510344701
2909,0.052906573208478413
2910,0.025808791645922497
2911,0.019770378152033755
2912,0.015529486713235178
2913,0.011512606967577393
2914,0.07454076187225295
2915,0.08245029728037379
2916,0.029968951388776054
2917,0.03261666662600449
2918,0.024219137585877723
2919,0.07461915291477647
2920,0.015691346072418524
2921,0.10598369900621352
2922,0.0780107847408668
2923,0.08101241168600032
2924,0.0287076031604323
2925,0.42601826283427624
2926,0.04217661623471624
2927,0.21552482877860257
2928,0.07308310441021953
2929,0.06866847230176863
2930,0.04378960282455259
2931,0.06443638142244162
2932,0.028153357105975545
2933,0.01647222149932285
2934,0.029794415189304507
2935,0.04844332300144607
2936,0.06037368517023008
2937,0.04717557355996427
2938,0.13886752709124664
2939,0.14103902159958018
2940,0.06034573347324969
2941,0.03465555605155049
2942,0.013813602743655095
2943,0.16891394891665987
2944,0.013113165311594722
2945,0.08497743101126554
2946,0.0444629914797718
2947,0.04477434212848705
2948,0.08366898037298504
2949,0.02509048523522671
2950,0.06857346711130309
2951,0.05524554726388446
2952,0.07567374937797737
2953,0.5950372444004899
2954,0.08059359510869121
2955,0.07286298058048647
2956,0.05411584063262792
2957,0.024809143091833064
2958,0.05264784469542167
2959,0.040118871672491056
2960,0.09183590894931999
2961,0.18279777867548075
2962,0.031805154411401686
2963,0.37847772658948153
2964,0.05707202342319473
2965,0.11281126836788587
2966,0.1305746031149584
2967,0.03471273965195664
2968,0.016582425203442858
2969,0.07545251399446049
2970,0.047089225991227966
2971,0.02552554957875192
2972,0.18057217822170524
2973,0.6743493184202995
2974,0.4999475453930583
2975,0.05210914174970649
2976,0.08443188648503068
2977,0.036243819390998806
2978,0.26583087594251803
2979,0.022089604910558884
2980,0.07318077399741545
2981,0.05177800398550213
2982,0.022477007646899173
2983,0.24488337683846712
2984,0.1214230199982919
2985,0.01665523165825933
2986,0.7975832065593325
2987,0.01628854061049511
2988,0.04213590169290767
2989,0.05366256873893392
2990,0.050337232889159006
2991,0.04098325970796757
2992,0.13947515448616232
2993,0.030709948139481864
2994,0.027406272965663052
2995,0.043775696607180795
2996,0.19359262075057837
2997,0.020538801735937858
2998,0.038969269604783356
2999,0.07856325424613475
3000,0.04096946761348687
3001,0.020766550235956645
3002,0.017515682578766983
3003,0.03589231097378728
3004,0.04286828845433414
3005,0.08091779266166683
3006,0.11866451407964917
3007,0.13859029883847288
3008,0.009953764348994344
3009,0.017206652554995344
3010,0.03352542165859396
3011,0.024754023071352733
3012,0.0572460245531246
3013,0.032819914980661134
3014,0.022563146618754304
3015,0.05308658535039048
3016,0.2689519459135297
3017,0.03251238850652104
3018,0.35621117427541943
3019,0.13898974866519428
3020,0.18124411733900736
3021,0.06296635682943322
3022,0.026091386375563172
3023,0.13064052477339105
3024,0.022039703484860486
3025,0.1488071408417434
3026,0.17027553662737413
3027,0.05319349517081477
3028,0.19173094204955382
3029,0.049178846631008105
3030,0.0619392223450287
3031,0.2915887661786287
3032,0.24574049554761535
3033,0.036912245187306444
3034,0.48379276931541865
3035,0.2211060470006058
3036,0.08315037689323265
3037,0.03505244156361378
3038,0.025277876637220097
3039,0.19220595165152193
3040,0.09412097941958994
3041,0.035510301352435186
3042,0.013485231608433923
3043,0.034401938601222204
3044,0.20365526502322678
3045,0.018551847431349133
3046,0.026831881342953126
3047,0.02213862969492155
3048,0.020505001879344002
3049,0.025155473168346723
3050,0.027495115549473124
3051,0.08098670210493025
3052,0.029257027384256597
3053,0.04978894241125681
3054,0.03166470928851947
3055,0.04661885619455329
3056,0.09894367707001198
3057,0.08717519891367967
3058,0.0246916017075828
3059,0.022401878703701653
3060,0.10593461677368896
3061,0.02097805292680802
3062,0.03970912531897032
3063,0.016323071585807654
3064,0.0914749778771419
3065,0.32744532872387044
3066,0.05154327659608411
3067,0.030984873441035846
3068,0.0822201015401671
3069,0.048310035934811944
3070,0.04715792335006365
3071,0.05863194944679971
3072,0.07499518496818328
3073,0.02450287645278697
3074,0.02097135932109188
3075,0.011857551445235877
3076,0.059098990469776985
3077,0.04366153236173837
3078,0.05579834378949994
3079,0.03987054226621507
3080,0.13618157614043402
3081,0.12456591643662078
3082,0.030885994523157788
3083,0.01756196205278971
3084,0.1341709259796056
3085,0.07062854312374647
3086,0.13327029813213537
3087,0.03972247957024373
3088,0.12933743248357565
3089,0.03373445824759005
3090,0.07563707180285129
3091,0.04051793774271203
3092,0.022803241814198853
3093,0.15707809834774314
3094,0.04082265862526659
3095,0.025148004042282124
3096,0.08769380284824266
3097,0.055292890453959395
3098,0.04592681029929264
3099,0.07843222574793826
3100,0.14800877642158256
3101,0.046566432822665524
3102,0.0942007960516432
3103,0.03630333258211454
3104,0.03221754176203346
3105,0.021994083661952997
3106,0.05508225228940383
3107,0.12796788380056145
3108,0.12375993400540494
3109,0.18574855352198588
3110,0.09416548372927348
3111,0.026053368266486743
3112,0.0513222694290665
3113,0.03049474311408327
3114,0.08365193889946415
3115,0.0884041165145838
3116,0.05468646415847108
3117,0.13350226260361392
3118,0.03885016301689489
3119,0.07564692952332597
3120,0.08354372862080298
3121,0.07162172420280714
3122,0.0731393859425314
3123,0.12327387852610919
3124,0.42549335164251095
3125,0.0640053105275516
3126,0.022043207784563958
3127,0.055466423866230574
3128,0.03678629417391753
3129,0.04567935427463583
3130,0.0376862623941092
3131,0.045740631404497335
3132,0.2272163860231849
3133,0.2301227300776303
3134,0.017021178769604923
3135,0.3280288516920423
3136,0.044220706482785296
3137,0.024946559401675686
3138,0.058693852153418845
3139,0.2271594511913367
3140,0.1369580111632192
3141,0.017907938074081114
3142,0.028707604673901328
3143,0.043730965840727595
3144,0.014265673905247363
3145,0.16389899023921267
3146,0.04545110680122659
3147,0.015793660398102462
3148,0.1793034957677537
3149,0.11453158626338429
3150,0.07407174770139643
3151,0.023029553744303554
3152,0.031095749543543653
3153,0.03149873101464534
3154,0.01579245836243645
3155,0.04614905281045582
3156,0.1181685560290004
3157,0.04546221161198957
3158,0.06287786349622448
3159,0.021479282655236707
3160,0.4724924447983774
3161,0.20454626091662928
3162,0.05026191128819818
3163,0.08193765682101756
3164,0.06293509442727009
3165,0.06543112935071432
3166,0.009831050983599472
3167,0.020445606915766735
3168,0.10386943082296785
3169,0.21604621164193663
3170,0.026437856255659666
3171,0.011989009463489205
3172,0.08799994673349232
3173,0.12062114580527242
3174,0.07768918202699604
3175,0.038428451018447336
3176,0.06593724397881763
3177,0.31862297371288906
3178,0.223962338544363
3179,0.20661001675311677
3180,0.04820135482119763
3181,0.037783688659836084
3182,0.06497708755207644
3183,0.042895668061901114
3184,0.0729171079683552
3185,0.044870240899672544
3186,0.04141000555383197
3187,0.05143106779951063
3188,0.1478053466209413
3189,0.01570810384560964
3190,0.10248795187807236
3191,0.042346386513502546
3192,0.0815304269812949
3193,0.2419313564242955
3194,0.04770099140480688
3195,0.0426940852555719
3196,0.03771501769647678
3197,0.04139609207731652
3198,0.012598008126104053
3199,0.15549857293042382
3200,0.08574945833773617
3201,0.03525960207573624
3202,0.19539463339587748
3203,0.13537866925589567
3204,0.2640274096138575
3205,0.04715273657046246
3206,0.2686733018877351
3207,0.1886177364884908
3208,0.02034267928504467
3209,0.0362552081122915
3210,0.05097646342542907
3211,0.015743547482113568
3212,0.054952379980873836
3213,0.02490907700300857
3214,0.05416319839510338
3215,0.1134065312305313
3216,0.0854686739390363
3217,0.04746166969996693
3218,0.017511673346698856
3219,0.023947554157271504
3220,0.11386320439774779
3221,0.09370532574650431
3222,0.053244101901774255
3223,0.10075371207145357
3224,0.10225780572636534
3225,0.04803794493504026
3226,0.08659915101082864
3227,0.055076209336536494
3228,0.013857096229154783
3229,0.025608735728205094
3230,0.05445743351396196
3231,0.04388738911371432
3232,0.15973471085428273
3233,0.011336127829538932
3234,0.0668162114633747
3235,0.03190394591052528
3236,0.024890446704306263
3237,0.12092625831809851
3238,0.08386805609158254
3239,0.06525050922231809
3240,0.025772464620767814
3241,0.06521937064974938
3242,0.04493235602307512
3243,0.008950442262410856
3244,0.018316156163678106
3245,0.024325263732795116
3246,0.031886301203040715
3247,0.10090578134534763
3248,0.05993945842131439
3249,0.06614565694307797
3250,0.07176469582505424
3251,0.02660330020497699
3252,0.021654022142997335
3253,0.02261220271563824
3254,0.031324671327599
3255,0.04133906043733658
3256,0.15326594533929075
3257,0.15244072589766627
3258,0.036742361070501904
3259,0.0419600273548922
3260,0.02054981823703128
3261,0.09645225240825983
3262,0.2535364732357575
3263,0.030082513028474884
3264,0.12811141119535108
3265,0.04925900627890863
3266,0.03483685021252518
3267,0.18260754173313692
3268,0.022369849681037137
3269,0.07825078154105697
3270,0.03558916414404532
3271,0.03708515483564691
3272,0.014931563139732987
3273,0.35578265229478667
3274,0.05785239425988131
3275,0.015977361654149955
3276,0.030788675276241927
3277,0.23716627024252435
3278,0.021696801715804216
3279,0.010214654171116559
3280,0.09691488326349375
3281,0.05812498059518224
3282,0.021051369657188387
3283,0.03921263820662372
3284,0.05185883679467615
3285,0.057669242445573074
3286,0.00821469238362205
3287,0.07080047810758539
3288,0.016884360545092333
3289,0.042886330392889666
3290,0.024511000974427856
3291,0.0408949743228663
3292,0.04577519736850682
3293,0.14686044245295113
3294,0.03220521988226611
3295,0.01572888843480942
3296,0.043393307686321075
3297,0.08380220330213067
3298,0.17195411328260807
3299,0.01559154061898577
3300,0.11043960347595716
3301,0.13877237374892581
3302,0.017932647514452817
3303,0.02962829062360362
3304,0.06793339207251146
3305,0.026800399265154592
3306,0.02262602407585261
3307,0.08956131967813517
3308,0.031286147808066385
3309,0.07264567433722255
3310,0.0615313599882261
3311,0.30011037719285666
3312,0.012825290536253314
3313,0.014899726970230606
3314,0.06932885159224417
3315,0.17564393199594835
3316,0.2571026817876822
3317,0.14996247009513433
3318,0.01754564953659188
3319,0.03608828992299464
3320,0.05844777806373243
3321,0.08146057532811032
3322,0.06993149556659273
3323,0.15581902254666982
3324,0.05511076465741154
3325,0.06638075521551516
3326,0.03784472190913829
3327,0.05807377497379654
3328,0.016282363089382516
3329,0.047192009972305396
3330,0.030736407731579325
3331,0.04934900387278425
3332,0.03500672700323897
3333,0.23948074425105056
3334,0.06976898764424595
3335,0.02018233353582357
3336,0.010544150027167732
3337,0.022901311092157664
3338,0.04924993847847063
3339,0.06956652206812042
3340,0.3966142947502549
3341,0.08964890749338526
3342,0.04192106194523958
3343,0.07338197739136917
3344,0.02514854990626017
3345,0.2555300206254992
3346,0.10506947840908555
3347,0.010821881304176406
3348,0.01256238801580091
3349,0.031023851093513306
3350,0.023531214090592494
3351,0.026597525429978758
3352,0.11379887161847058
3353,0.020626298592956803
3354,0.1955513628205218
3355,0.042857356681113914
3356,0.4822545007213148
3357,0.10844517096265832
3358,0.09762175346719598
3359,0.1700359238545162
3360,0.013030743640692597
3361,0.020980983700865374
3362,0.017431694144709527
3363,0.04382598533798339
3364,0.03434978775422839
3365,0.2145407631753905
3366,0.21927656262336054
3367,0.028112772491187592
3368,0.09728891259537709
3369,0.03340721173630017
3370,0.08695055359353926
3371,0.013542723549762206
3372,0.012957529703313429
3373,0.02962758576133908
3374,0.4965839345671138
3375,0.09246249020352741
3376,0.16005286840074145
3377,0.042522482778113074
3378,0.06267365773452946
3379,0.05531780932390311
3380,0.017806537469268514
3381,0.015316513376431251
3382,0.03563762115968807
3383,0.20389366089036534
3384,0.1702750346878571
3385,0.06801994408473613
3386,0.12926050319984783
3387,0.16186255682636752
3388,0.026472495398446996
3389,0.08459569571735318
3390,0.07996119611884646
3391,0.1035824530830147
3392,0.014738839046823767
3393,0.023299991123355065
3394,0.09890164091972299
3395,0.06148754247460827
3396,0.028079462023478153
3397,0.034685302612701835
3398,0.07068810693817416
3399,0.05283467137459928
3400,0.1521824728193647
3401,0.04538719910727079
3402,0.019536848465081958
3403,0.07913796096989376
3404,0.9671331980584135
3405,0.025262007718542985
3406,0.03317643850144871
3407,0.09549651722136933
3408,0.12982669025021742
3409,0.01794303363512288
3410,0.015742687054575544
3411,0.022612883033451013
3412,0.03573663692866093
3413,0.014484279370997654
3414,0.05390251216133975
3415,0.023905817819755766
3416,0.08751919210821726
3417,0.02927007391682217
3418,0.06633795661806628
3419,0.061757797394956765
3420,0.013736303443649294
3421,0.21491959296797397
3422,0.031043964484016043
3423,0.02884634892117984
3424,0.03309094437853412
3425,0.019451070479725326
3426,0.1969392090981347
3427,0.035104149567951506
3428,0.04419476253381061
3429,0.1926863857903962
3430,0.7121347429578021
3431,0.036647070083705144
3432,0.013862531376095697
3433,0.05186614791469882
3434,0.022692569903387687
3435,0.16065340969910752
3436,0.05211917539900292
3437,0.12799907848066075
3438,0.04310670630773404
3439,0.14604726191470727
3440,0.033760311447001534
3441,0.19690991340441993
3442,0.03735403603589024
3443,0.06554246806725252
3444,0.04934245977383328
3445,0.020415142004438627
3446,0.016475091005120394
3447,0.07943434951808778
3448,0.13177710452245012
3449,0.06416188245207874
3450,0.01726425207086025
3451,0.057983164327326066
3452,0.03643507140140211
3453,0.02499611029847859
3454,0.03906374237487188
3455,0.08445177045414257
3456,0.02552794859590799
3457,0.13949089842028906
3458,0.01597280400911021
3459,0.01882897010006656
3460,0.0617137428849209
3461,0.031735908715485955
3462,0.0645626959123606
3463,0.06678962232306178
3464,0.07876824129843134
3465,0.10869348079307345
3466,0.028565720302604153
3467,0.060494778023867324
3468,0.07574005683840739
3469,0.023725854268001948
3470,0.017969461526691446
3471,0.0752539612347913
3472,0.03880344179085177
3473,0.03892674911342862
3474,0.0974489690461966
3475,0.08037935821406372
3476,0.06506878079396725
3477,0.040947292550594525
3478,0.18159664362202532
3479,0.027760233870435275
3480,0.0371151567428181
3481,0.07611530593357207
3482,0.0383395736431152
3483,0.03024270937927059
3484,0.1500219216146231
3485,0.022335846806750787
3486,0.04165614666920715
3487,0.027420169797478612
3488,0.034753945005183355
3489,0.04381081041179807
3490,0.03533490949560604
3491,0.08489381703537215
3492,0.03186968345503115
3493,0.028571961051989288
3494,0.0367967627546842
3495,0.04104804105773211
3496,0.01944311493515069
3497,0.13069801275950219
3498,0.07976663490693785
3499,0.015970373998194107
3500,0.013116387641198827
3501,0.02162840243112498
3502,0.01914134772414082
3503,0.059580537255920704
3504,0.20216993217526338
3505,0.0707705784512315
3506,0.05400010533686944
3507,0.09098702413838218
3508,0.13153641815475361
3509,0.20247065173319165
3510,0.42044172648561773
3511,0.23082321391203986
3512,0.16291698002223926
3513,0.043086519511704204
3514,0.0179506467320332
3515,0.017396066536887213
3516,0.06583221521161564
3517,0.01826904051838758
3518,0.1274137575054736
3519,0.04864003619197468
3520,0.10650608532728814
3521,0.0415294944977538
3522,0.1334792413111427
3523,0.12795760717142468
3524,0.03612074435108045
3525,0.07425539141113692
3526,0.06402337236525645
3527,0.012774989886264763
3528,0.08128295102025755
3529,0.03826381080571316
3530,0.07299730883846271
3531,0.0204695209697169
3532,0.08710209673075446
3533,0.03355931385407348
3534,0.014400942218185168
3535,0.052876641595749556
3536,0.05158178022279556
3537,0.06018157152458602
3538,0.06250799514004707
3539,0.018992082860843564
3540,0.06408874273989017
3541,0.04394389426525389
3542,0.02136809095395427
3543,0.020996394689647962
3544,0.04101636580959477
3545,0.030066330474195047
3546,0.024954559126411334
3547,0.035707009248112265
3548,0.013415177041194888
3549,0.03636898890041074
3550,0.013577689487970411
3551,0.015439687936236887
3552,0.04111689955425755
3553,0.10722556179871645
3554,0.0986429707950911
3555,0.028006518227445616
3556,0.012870114757666508
3557,0.011506294673155799
3558,0.08753244135231159
3559,0.01373895642260356
3560,0.020971179840796217
3561,0.12440358836208248
3562,0.14384286222594475
3563,0.011649889329270215
3564,0.016955840757645776
3565,0.025300123973941338
3566,0.08276987417853401
3567,0.048540718262686876
3568,0.019205183833905112
3569,0.05192462635989584
3570,0.09095372694652552
3571,0.09161976026567006
3572,0.04976056181432992
3573,0.04284752331654966
3574,0.11233607936091437
3575,0.016550276537247763
3576,0.1271917410239947
3577,0.3429874295199129
3578,0.03149252275575128
3579,0.02031253997300845
3580,0.02108755460572954
3581,0.2553829539284204
3582,0.02570600474053364
3583,0.027258387895838617
3584,0.04878661986000361
3585,0.02432987615529947
3586,0.020150118472747242
3587,0.20900408063041398
3588,0.04318080413002414
3589,0.026615796125622378
3590,0.06071500447316312
3591,0.02688643228980238
3592,0.032128283976393855
3593,0.06940532563038038
3594,0.037124515681935116
3595,0.05539553508038057
3596,0.04124622126362899
3597,0.03910781516857345
3598,0.00833169565471746
3599,0.009231117842933357
3600,0.03653215094956505
3601,0.0836752560366412
3602,0.09470612272536175
3603,0.028450314350736736
3604,0.617043774261818
3605,0.33608278478885834
3606,0.1090494272474904
3607,0.04461839683939841
3608,0.08125073543818528
3609,0.11867974719947777
3610,0.10735976866833923
3611,0.05757116365568567
3612,0.021696972878302113
3613,0.03359554259169741
3614,0.08281810439299359
3615,0.07705197112465245
3616,0.07739710265505398
3617,0.061205523988523275
3618,0.18319040320885546
3619,0.0389635981709065
3620,0.08752075966750554
3621,0.06471266173212972
3622,0.02105197050795209
3623,0.03384814198766142
3624,0.03151131035991363
3625,0.09873837922858125
3626,0.07076362556241908
3627,0.1832090239208897
3628,0.18206616260340072
3629,0.09924526190728956
3630,0.04021484605212619
3631,0.03432225467186125
3632,0.18658812372235054
3633,0.022185839238946247
3634,0.06249708791377604
3635,0.015281829053568043
3636,0.053714377093087066
3637,0.016608546124078638
3638,0.032594448588570746
3639,0.04105056875395885
3640,0.19382666463851467
3641,0.01651118880003715
3642,0.019367352030709446
3643,0.11176855380011311
3644,0.029908063535787555
3645,0.1258235571055646
3646,0.09632480445033713
3647,0.028885995393434463
3648,0.17136724503560868
3649,0.03368437150768068
3650,0.4362237341001761
3651,0.25658400761874933
3652,0.03649542148526784
3653,0.037177492375330336
3654,0.040228327077850304
3655,0.039563943489185946
3656,0.01459745462169365
3657,0.1015651535438015
3658,0.042144758716525205
3659,0.2140504230899848
3660,0.028278447880120842
3661,0.06227964965661417
3662,0.02658160128724284
3663,0.0170469008934168
3664,0.06888121815144216
3665,0.02726446109432364
3666,0.06253065178877178
3667,0.03367394452018987
3668,0.027999936158872175
3669,0.03397341169520153
3670,0.2415804280784422
3671,0.014636088108005943
3672,0.1356614062156066
3673,0.01268508549414824
3674,0.24090287225264284
3675,0.02893961862337302
3676,0.09164318918847195
3677,0.0532930851457495
3678,0.031081307069490846
3679,0.05194241428514059
3680,0.149846561733876
3681,0.05668123857425578
3682,0.1076258834236042
3683,0.0140964697760284
3684,0.029540167276856943
3685,0.02941347453334394
3686,0.06653212753063249
3687,0.025788545478646653
3688,0.06615741988004721
3689,0.2530381847764572
3690,0.15214103243721666
3691,0.062248768509102256
3692,0.042858862582714666
3693,0.05401855196442956
3694,0.028046556452674697
3695,0.028025766584138592
3696,0.0345116744149335
3697,0.016035771304853855
3698,0.011702722100193415
3699,0.3089207208084823
3700,0.12158709545086996
3701,0.032483925505157274
3702,0.03965921726433208
3703,0.01970042012528361
3704,0.02576198017597929
3705,0.06562440804385064
3706,0.03164659215089354
3707,0.014550041401976434
3708,0.02804557589473442
3709,0.01648835626623083
3710,0.052779227238288304
3711,0.08661900552968975
3712,0.022984938374063242
3713,0.04825251668385105
3714,0.04823012530742073
3715,0.05311906272014309
3716,0.0866260786985958
3717,0.03247766641604106
3718,0.01875104808187563
3719,0.019177455788404737
3720,0.031122409638940838
3721,0.031130356471606845
3722,0.04556555712226686
3723,0.019244394337939348
3724,0.026034480845875195
3725,0.09402260171538299
3726,0.018608705020028805
3727,0.12976205474848584
3728,0.06255935307468433
3729,0.018231352069319043
3730,0.05750674287243328
3731,0.017774686633323347
3732,0.030590747355481084
3733,0.031220913372239003
3734,0.06654664151654638
3735,0.10942100223813953
3736,0.026852711178539428
3737,0.08604724119502309
3738,0.35666035933454215
3739,0.028233349475371535
3740,0.07482308319179218
3741,0.6554913081229624
3742,0.04036069617029511
3743,0.030361220885875666
3744,0.05433880949886284
3745,0.05312653737856828
3746,0.010690750949236112
3747,0.16745351311972317
3748,0.043989373534349174
3749,0.06374167985266602
3750,0.024141974360392778
3751,0.047881984102645464
3752,0.022183494320021726
3753,0.026347119574297657
3754,0.011957987006105352
3755,0.07836864500715367
3756,0.043953246491511784
3757,0.26369141478337743
3758,0.03088396768172781
3759,0.06849871151345995
3760,0.12329065631206278
3761,0.2476014438079978
3762,0.0211469962759946
3763,0.111100935086312
3764,0.04230763413023908
3765,0.01206904337303321
3766,0.04632473161988008
3767,0.9802743270981299
3768,0.022124304581540258
3769,0.021854842092196427
3770,0.015923539263626402
3771,0.02031667669290069
3772,0.015136602463791438
3773,0.08429539741813122
3774,0.04136814027794017
3775,0.02665302815716445
3776,0.0485076036286582
3777,0.07763612411915385
3778,0.030043374704434134
3779,0.03005196662952563
3780,0.029433603613523755
3781,0.06811488149251585
3782,0.03884914583284987
3783,0.03290116103851712
3784,0.10823923472497841
3785,0.015774175545355738
3786,0.19867501401524154
3787,0.03224485691448123
3788,0.22966511917860172
3789,0.042755070211691115
3790,0.055026076905030516
3791,0.021978345660357487
3792,0.11492347273968631
3793,0.024119792986937415
3794,0.039699059928801114
3795,0.09729643067670748
3796,0.05086638199777181
3797,0.0338863917230754
3798,0.05767582988383811
3799,0.04008472854872404
3800,0.022233434249177956
3801,0.09682340950501846
3802,0.11102436085254903
3803,0.17630932615420306
3804,0.03977577613468655
3805,0.20989225488493432
3806,0.015362560013459826
3807,0.181007125731952
3808,0.03005681303320982
3809,0.09092583299697833
3810,0.0323286870414806
3811,0.032140285876094785
3812,0.03101573308196849
3813,0.05809309160302492
3814,0.06261814361889412
3815,0.03498293281019685
3816,0.10676223490069538
3817,0.11809189543652715
3818,0.034341981337222674
3819,0.01724826511893502
3820,0.03359070492192156
3821,0.04189820402583915
3822,0.05784376548309877
3823,0.05910901858340216
3824,0.0891683500712095
3825,0.01869174342730645
3826,0.027507913039222558
3827,0.08486563910471648
3828,0.018668768265919417
3829,0.05151523455622714
3830,0.05023412620500681
3831,0.0888961368295487
3832,0.10064948313276237
3833,0.07809814002390253
3834,0.13319407168545025
3835,0.9087624278855944
3836,0.07447684621268945
3837,0.15976372679142828
3838,0.056240598386751176
3839,0.16464452695543544
3840,0.07200958889655071
3841,0.012716658675002135
3842,0.036874564602977535
3843,0.03509741933361537
3844,0.025959574278280655
3845,0.018136565960178312
3846,0.02465505254780769
3847,0.03407757688857035
3848,0.04018692250373208
3849,0.21998816363210139
3850,0.07303255667918153
3851,0.02231042174576546
3852,0.10758793344279827
3853,0.18244259746102048
3854,0.0234960244311036
3855,0.15517403835726912
3856,0.050217919434149653
3857,0.1520869499068057
3858,0.028307759290175784
3859,0.12387897239691074
3860,0.047760283390429176
3861,0.011337002451322364
3862,0.01934918500454915
3863,0.20360270945808717
3864,0.037742497658318636
3865,0.043419926399596395
3866,0.05556248019009538
3867,0.0159726190053891
3868,0.032464648891767305
3869,0.025687423194483583
3870,0.14122067901691598
3871,0.032319792026344066
3872,0.014897352415540632
3873,0.058373930127106455
3874,0.02162163215430713
3875,0.02741917820795839
3876,0.0362615706610482
3877,0.014185916292352068
3878,0.023573627855927197
3879,0.14712349888986997
3880,0.02598456831894493
3881,0.047612717514497485
3882,0.03188579810135811
3883,0.6372103916326266
3884,0.03830905862143453
3885,0.4041739431765353
3886,0.051137594265471716
3887,0.033423718657893176
3888,0.06995460934941614
3889,0.01571118906390582
3890,0.07535121498792882
3891,0.12493490593632381
3892,0.026662458177808997
3893,0.01998115575433636
3894,0.01204446403804451
3895,0.06798524501902331
3896,0.01845736297619606
3897,0.019424656766047956
3898,0.020122891904505075
3899,0.039196947065381516
3900,0.1137619820865482
3901,0.11195116238248203
3902,0.09095281727026124
3903,0.06356971662724291
3904,0.1407862799679029
3905,0.17458989054647278
3906,0.03841564355067964
3907,0.03776659107306378
3908,0.025320545244802276
3909,0.04340139442687423
3910,0.018170848911604334
3911,0.10684457603741394
3912,0.02463497590494373
3913,0.06736515122564579
3914,0.020800123910934443
3915,0.015297504719687828
3916,0.01709042834943441
3917,0.12958279616809684
3918,0.04069480099446482
3919,0.052355050663061384
3920,0.3973045679548345
3921,0.05309144999374696
3922,0.039956884772662044
3923,0.3613700523825549
3924,0.04434669706404984
3925,0.12239066802915513
3926,0.045680338025782974
3927,0.052801417903946116
3928,0.041203784727345406
3929,0.03716373742701403
3930,0.030481392547169688
3931,0.07497541883008484
3932,0.02191172214221603
3933,0.03807551338966179
3934,0.11327630031606752
3935,0.09906105413251938
3936,0.02938497675731431
3937,0.13229931222551417
3938,0.07211638021176882
3939,0.07862348146718397
3940,0.03984707901548974
3941,0.03405937131505451
3942,0.13217617349819422
3943,0.04873066194163728
3944,0.2567588023067465
3945,0.020396282489297562
3946,0.006760888362379839
3947,0.05770058542905634
3948,0.06369727309419225
3949,0.017975462443039457
3950,0.22894780342939275
3951,0.7257860639201721
3952,0.02023814248787962
3953,0.0888034011975771
3954,0.07958931079907433
3955,0.024824186597818123
3956,0.05949674675038728
3957,0.0923628319931461
3958,0.03511846812965857
3959,0.016647005573122795
3960,0.029375681086668645
3961,0.02594578628017184
3962,0.03840756842401357
3963,0.12509698465307492
3964,0.17135266601872187
3965,0.09519939410814299
3966,0.04805836044801045
3967,0.032265363486172115
3968,0.03322548023379378
3969,0.07224810156699794
3970,0.014191982280015978
3971,0.04153011441322891
3972,0.05709792634696163
3973,0.055578859083418926
3974,0.13588923958215626
3975,0.1748072514649658
3976,0.0711031652368408
3977,0.19318493554272806
3978,0.011010680376044659
3979,0.3012579913199716
3980,0.32768446312150395
3981,0.07926122998874946
3982,0.058515558690857866
3983,0.03733600692944498
3984,0.026373416726695277
3985,0.0963331122713127
3986,0.11607729726759597
3987,0.025643017562297258
3988,0.0786309924210266
3989,0.06783930141026202
3990,0.019468054808280073
3991,0.01808945043398853
3992,0.021201676589503046
3993,0.03602854643878726
3994,0.06856552542918046
3995,0.03355952264966469
3996,0.10794172261885698
3997,0.015381108288255015
3998,0.058690716947701206
3999,0.16609083555852597
4000,0.07486153275352911
4001,0.037965605580429995
4002,0.24315907753820964
4003,0.05075287502440533
4004,0.027178200528144517
4005,0.030002010771654805
4006,0.08072976206033042
4007,0.13633493029253296
4008,0.046384661864046786
4009,0.02147475197510722
4010,0.025147788515023323
4011,0.05753729151759216
4012,0.026277526475928115
4013,0.10713983148495831
4014,0.020627869240028122
4015,0.025675070276187414
4016,0.02698794570485477
4017,0.12003706945649859
4018,0.21440249844600162
4019,0.012279224261491962
4020,0.2305608682972046
4021,0.14205512479384935
4022,0.013906695176126825
4023,0.05031067210582413
4024,0.02217585726006737
4025,0.015166809750490432
4026,0.025375278963834694
4027,0.019707992339468634
4028,0.03403383979183949
4029,0.05544764981167841
4030,0.020807308958310476
4031,0.03207568313360046
4032,0.03685142374896329
4033,0.026842466593430633
4034,0.07656828350268881
4035,0.07506770224828872
4036,0.18687518598354158
4037,0.0569763488928421
4038,0.019935785883875158
4039,0.0308555474608144
4040,0.047441169114511676
4041,0.07195910711851436
4042,0.02970234454684211
4043,0.009266581552867319
4044,0.019306043982316418
4045,0.068504643286068
4046,0.028129609100244896
4047,0.07690327197306612
4048,0.015516695799449545
4049,0.1784764472259719
4050,0.14287659969406627
4051,0.05027332076152944
4052,0.04231717765689651
4053,0.31537885402572935
4054,0.026489532691041522
4055,0.0410970135533576
4056,0.014476189126015601
4057,0.2916333962481068
4058,0.020683027328796535
4059,0.04372563517415729
4060,0.028799085134412712
4061,0.055489042425860155
4062,0.012919565661952032
4063,0.06463370003319964
4064,0.01157039234969447
4065,0.06134629730858844
4066,0.035957514509379014
4067,0.009748741930582262
4068,0.018704597417484613
4069,0.03800716122986536
4070,0.020130237418504934
4071,0.11157174572331977
4072,0.01829465389891131
4073,0.020129521916159465
4074,0.015609539332783407
4075,0.07699293792771955
4076,0.026954918973306152
4077,0.017574954579467846
4078,0.10305652602288475
4079,0.03254973717425727
4080,0.020343445213869847
4081,0.0446782619832363
4082,0.09983132454979822
4083,0.24262084410332863
4084,0.07751849556115864
4085,0.18333808359741494
4086,0.023581454504022093
4087,0.034581622292998083
4088,0.06136379566467699
4089,0.01840328252218446
4090,0.13828878606157463
4091,0.039081621851982405
4092,0.03731791694142856
4093,0.030361083080037772
4094,0.05694280234678134
4095,0.22904659429109905
4096,0.09262160565019113
4097,0.05370735349246837
4098,0.0668532104997648
4099,0.026407615218420128
4100,0.016602951995682444
4101,0.03111597716665322
4102,0.037943474967524676
4103,0.036152808456703996
4104,0.05490897880912491
4105,0.06395520610705385
4106,0.029646801291154858
4107,0.023973318024868222
4108,0.01688364704436955
4109,0.04720803353911858
4110,0.0286978843729572
4111,0.013762342465269277
4112,0.03808217298504163
4113,0.01545124914722728
4114,0.014803659163927629
4115,0.0384040822593089
4116,0.8960217718959063
4117,0.06807418228675158
4118,0.043255348846877595
4119,0.10249995531333009
4120,0.0558363129177141
4121,0.36779555031728345
4122,0.027157093620799044
4123,0.01380791616828509
4124,0.023371562691538443
4125,0.10613402488465669
4126,0.030856989403563892
4127,0.018500337028040048
4128,0.022423449734652857
4129,0.24375838502071967
4130,0.05267061545263898
4131,0.060852974012450156
4132,0.12420603736787056
4133,0.062163154169930346
4134,0.06781393814135125
4135,0.04652440037654034
4136,0.03063413353973364
4137,0.123130021565935
4138,0.026214912285370075
4139,0.024039529959760712
4140,0.023600845477341675
4141,0.12108558552008966
4142,0.08778192573560081
4143,0.03369138540776341
4144,0.057653528159981524
4145,0.021210922255578597
4146,0.0229323179873949
4147,0.014984567121489828
4148,0.04467642944570816
4149,0.06204459584495663
4150,0.059981684896280876
4151,0.10406069755357036
4152,0.04826764473776233
4153,0.10848892977955964
4154,0.08320228440542704
4155,0.05056524207592208
4156,0.06566827156335112
4157,0.04930593979601541
4158,0.05387349990498154
4159,0.06184045444007198
4160,0.29611389375449937
4161,0.014637643599348408
4162,0.022971596625346313
4163,0.3586834301594132
4164,0.07377230995555066
4165,0.01576693491847826
4166,0.029625229147080264
4167,0.007442762536260762
4168,0.1253759797157345
4169,0.03356023427967078
4170,0.07641078120596036
4171,0.03559180476201579
4172,0.07834410878239069
4173,0.012787313408723083
4174,0.012138741967627943
4175,0.059424083503278075
4176,0.012003804927164173
4177,0.06952305957676817
4178,0.07407596005846019
4179,0.1785950630349344
4180,0.692217755631139
4181,0.10754488140844409
4182,0.010599150451483966
4183,0.02796085782451625
4184,0.05459766825090112
4185,0.0380615933211024
4186,0.05281449330550177
4187,0.020513271574966654
4188,0.10486078823084237
4189,0.02352008681148695
4190,0.09964793396093094
4191,0.27306665054941737
4192,0.06232898826690736
4193,0.019661073416337386
4194,0.03151157724371952
4195,0.047550840389041546
4196,0.0424072128933634
4197,0.009170561272158867
4198,0.02501353189744564
4199,0.017882155063043186
4200,0.07755242207727597
4201,0.023943212126495167
4202,0.07703638591507936
4203,0.12096884850949063
4204,0.11114205440964423
4205,0.05597704296674094
4206,0.12501743354023384
4207,0.011257762315411014
4208,0.0651000428109901
4209,0.40462195502680925
4210,0.10696547242395632
4211,0.06032762533615571
4212,0.10080689069874901
4213,0.018840147201160253
4214,0.06413012410205449
4215,0.04263017852303965
4216,0.12198834744789847
4217,0.07606116489084519
4218,0.017738111147023138
4219,0.2215590584818813
4220,0.018978514696565845
4221,0.057658411961643175
4222,0.11973389201014958
4223,0.03571027827068637
4224,0.015321556545329532
4225,0.021576261572454444
4226,0.020956595414392685
4227,0.07906254409833836
4228,0.024220216972661163
4229,0.04747391783941425
4230,0.06257791801960139
4231,0.03978138264212057
4232,0.12318646692538128
4233,0.029733270161890493
4234,0.09479283078588899
4235,0.058129889135238234
4236,0.016143461941471995
4237,0.042337203030411864
4238,0.01717449950450571
4239,0.16653461013226728
4240,0.02359341643518858
4241,0.020034999587367004
4242,0.05181195442071682
4243,0.04494541007681832
4244,0.030467478930616684
4245,0.041499525578053684
4246,0.03907975797234265
4247,0.02433632786237504
4248,0.17253230571411704
4249,0.04924534853179488
4250,0.1019297201142453
4251,0.051566770770410546
4252,0.00917093704473354
4253,0.026297070575386
4254,0.031669793037731514
4255,0.02836082763554471
4256,0.07631828563637288
4257,0.13209797564203848
4258,0.029197591739593062
4259,0.040685286730897524
4260,0.15209526316831576
4261,0.17017150603200562
4262,0.08057475797982003
4263,0.03390877011055794
4264,0.023325095131540647
4265,0.1713991616202411
4266,0.03629378340422823
4267,0.060471038087091526
4268,0.14320361725598743
4269,0.10928319174077261
4270,0.5084878849797533
4271,0.11241386673338778
4272,0.025444091425554836
4273,0.027545310094273044
4274,0.02986896507672677
4275,0.027492505556743922
4276,0.24213912869591364
4277,0.01515097606726479
4278,0.042611254931725476
4279,0.01451451379953286
4280,0.015963009201195106
4281,0.08768743309600008
4282,0.10990552837335037
4283,0.45108415605464014
4284,0.022407695788412618
4285,0.011763721233486011
4286,0.02136863267782791
4287,0.03172389099073869
4288,0.01704059260607422
4289,0.026363194662832184
4290,0.013353983101614234
4291,0.15479153737973483
4292,0.033639534849868966
4293,0.03412294370822774
4294,0.2152871200390731
4295,0.02946498108847699
4296,0.026491234479656164
4297,0.02463733347843313
4298,0.08457392107007802
4299,0.03838223130005687
4300,0.03241728231890038
4301,0.10221837271366924
4302,0.011796784126726488
4303,0.18571378314754444
4304,0.06980792975210019
4305,0.04059127441273093
4306,0.09467650562504294
4307,0.02780875146983662
4308,0.06358998543186713
4309,0.04235914699559648
4310,0.014581393287731843
4311,0.08359051953396354
4312,0.05790782976195865
4313,0.08671672860267679
4314,0.020015639716243913
4315,0.01739081913839115
4316,0.021975554280922266
4317,0.09313127053382673
4318,0.06838696062992605
4319,0.08171840659696587
4320,0.039920811069376616
4321,0.08876750700289646
4322,0.014771129191277602
4323,0.015483605015301199
4324,0.18510745667487177
4325,0.21268975229300785
4326,0.13530178058583375
4327,0.07616007604829175
4328,0.026049819153681077
4329,0.012856541136289607
4330,0.03379000504572934
4331,0.04534645557807652
4332,0.12069543263273756
4333,0.014728783364243714
4334,0.023911289762785226
4335,0.06551081736529957
4336,0.010936179063068466
4337,0.019048875532993663
4338,0.025113416827344293
4339,0.08685923317020275
4340,0.010606038296324756
4341,0.03950163590271437
4342,0.06319834734149263
4343,0.04876162652792637
4344,0.09880594368283938
4345,0.11387111017332077
4346,0.05322071965686875
4347,0.08446406241573125
4348,0.017586529735943712
4349,0.01535913065344768
4350,0.04921333105048113
4351,0.08927440882699189
4352,0.04115950205103125
4353,0.009098776608365226
4354,0.046017786627800504
4355,0.0448857777201762
4356,0.06011863767673936
4357,0.04766301589649601
4358,0.05663574312266567
4359,0.14413179776166646
4360,0.029641124701695103
4361,0.16663033204978348
4362,0.031131407796979177
4363,0.04641297429858039
4364,0.028337536954144125
4365,0.05368295358327205
4366,0.04807600684652487
4367,0.03276345461056965
4368,0.16427555242297665
4369,0.04715986839630569
4370,0.016053910478814666
4371,0.015022140089605132
4372,0.01648343524121867
4373,0.08849899733777247
4374,0.19089674478439372
4375,0.022562749067866116
4376,0.052202707084649164
4377,0.04346682055536571
4378,0.20461672756760824
4379,0.301624035763592
4380,0.08424698302439468
4381,0.04669568140369679
4382,0.025017252450130992
4383,0.01945968041237798
4384,0.03626190117351494
4385,0.049667729427038905
4386,0.02159412878663572
4387,0.030549715161693837
4388,0.061054913109086284
4389,0.07155790437421108
4390,0.015080337148203556
4391,0.10760587973287986
4392,0.011857041737937573
4393,0.02131383648390963
4394,0.06388027772273636
4395,0.026402664317544122
4396,0.06446877483326836
4397,0.029169321246547017
4398,0.030626112561755698
4399,0.045955006853887745
4400,0.03399249890897662
4401,0.10737786684668507
4402,0.3248179621702961
4403,0.0829761105180586
4404,0.09199781714576294
4405,0.05124284170295687
4406,0.0340615709066979
4407,0.06148482081078992
4408,0.18877788381528918
4409,0.019164531933498364
4410,0.0825264488541815
4411,0.01780427032130691
4412,0.021902535014154352
4413,0.04921436634113492
4414,0.10886682123182742
4415,0.05569919507967318
4416,0.011412202947704755
4417,0.02818437693603596
4418,0.08581412494938401
4419,0.03392060045261712
4420,0.012854346062104772
4421,0.0717495971722125
4422,0.051048210119549686
4423,0.06414244893931466
4424,0.12230961377056654
4425,0.026650172852509705
4426,0.05925304532892017
4427,0.04042915237488093
4428,0.0349815139870361
4429,0.021495457477927457
4430,0.1586233629863773
4431,0.04686999575576915
4432,0.013646298504923451
4433,0.46156578931711006
4434,0.08172076248253049
4435,0.03976574904882641
4436,0.28041471135684926
4437,0.03642180216926612
4438,0.23655069580211374
4439,0.2775800327460902
4440,0.15146789792781298
4441,0.08206588749635044
4442,0.02207948223268356
4443,0.015301773259345352
4444,0.13729089714090764
4445,0.017716910579980073
4446,0.020649982052944254
4447,0.06499742286795712
4448,0.014308898305939698
4449,0.04403395562385527
4450,0.06164286189619982
4451,0.04817344459673617
4452,0.012193214444914335
4453,0.054273303865660455
4454,0.029354914486397873
4455,0.01320036377885529
4456,0.016616278941327445
4457,0.2150694365869516
4458,0.06325129450914005
4459,0.0491539061379537
4460,0.05386606023280254
4461,0.014128910166471508
4462,0.04621063597399608
4463,0.03991761586134823
4464,0.11610944067617211
4465,0.04950668493294656
4466,0.06676276099781087
4467,0.025719599383409404
4468,0.06423005984625185
4469,0.2594535343381562
4470,0.00855799655258182
4471,0.025564242440923028
4472,0.03754439123482879
4473,0.06554770199914947
4474,0.022673866548714415
4475,0.051571722510996905
4476,0.08287589966889168
4477,0.09191918465057536
4478,0.020970488912639588
4479,0.0317884908412487
4480,0.030641858152213673
4481,0.06614107653492682
4482,0.08301525118584108
4483,0.03827136436022754
4484,0.02165207898647402
4485,0.14021276798835944
4486,0.12634238546396595
4487,0.04996270847675728
4488,0.015777894246207007
4489,0.08044386031509812
4490,0.014790563458759665
4491,0.11604835491484353
4492,0.13855119989851034
4493,0.05047393196557716
4494,0.11243011957705405
4495,0.025922501604400572
4496,0.034484556283971415
4497,0.051546073488053665
4498,0.10454402366853033
4499,0.032931641883493554
4500,0.039176423424309284
4501,0.0480720395125631
4502,0.049087336503323545
4503,0.1694957979354006
4504,0.0145568940785389
4505,0.06071208943478279
4506,0.06754608909622015
4507,0.08894738103081574
4508,0.0800326815083185
4509,0.07110069377121268
4510,0.03035740657164788
4511,0.09089128424680559
4512,0.10686669498145683
4513,0.30403450930176307
4514,0.07426366534329892
4515,0.1245172785455824
4516,0.13866418111950146
4517,0.012789856694346803
4518,0.07718282263129918
4519,0.17673693663209242
4520,0.15187662625183948
4521,0.01977801878466972
4522,0.048202428097494886
4523,0.033512028371070125
4524,0.07307962165651372
4525,0.04213452047720187
4526,0.013446693841412276
4527,0.050621860046631245
4528,0.0716314358434111
4529,0.026453793613553583
4530,0.04572956654440227
4531,0.047888683019900645
4532,0.02397266263295334
4533,0.05596441733499569
4534,0.029402567367368022
4535,0.10562751477694612
4536,0.04852590653681441
4537,0.23052061775357166
4538,0.019378073123743976
4539,0.08384398586880723
4540,0.035869564403024815
4541,0.027538937394476097
4542,0.043357015549239236
4543,0.06272851904271345
4544,0.029466870173219188
4545,0.19073689691169649
4546,0.03644034762039596
4547,0.038166246401939455
4548,0.04003757198700651
4549,0.034193770146480854
4550,0.10906634438828884
4551,0.036301076419622436
4552,0.13022221083352967
4553,0.02674088646015781
4554,0.04854142317419688
4555,0.018272990397751387
4556,0.09920952642023559
4557,0.0691356939850663
4558,0.024679314717847865
4559,0.8721187048217376
4560,0.03969827152122059
4561,0.022385455739421554
4562,0.17271876209584214
4563,0.06541403911226729
4564,0.019811598438043577
4565,0.025292243277229
4566,0.026998980601201008
4567,0.489662691358825
4568,0.01662597580277293
4569,0.032952469884728185
4570,0.036034910768638934
4571,0.03010831221653833
4572,0.028905977438108427
4573,0.017385847267373064
4574,0.02048809837509267
4575,0.06647616640367585
4576,0.021864079949523198
4577,0.09268151108070738
4578,0.06333062181906501
4579,0.013474763561023537
4580,0.12137951261821067
4581,0.024839177845811838
4582,0.13992775724536927
4583,0.10512489230595898
4584,0.02729412675239591
4585,0.021959155700178486
4586,0.1227759530171078
4587,0.089366790768823
4588,0.03229464694862065
4589,0.03464029525809413
4590,0.1323562746009101
4591,0.05229315725546331
4592,0.16353151637349111
4593,0.017733508712706465
4594,0.0800255218680417
4595,0.030019696238664458
4596,0.07786163276010706
4597,0.04692377115663274
4598,0.14421353143780538
4599,0.01934882630208458
4600,0.037089479623219325
4601,0.050863246686627755
4602,0.05053829643811597
4603,0.04038006492416479
4604,0.04855480948780216
4605,0.01622572288239954
4606,0.05678550084960485
4607,0.055980348254517975
4608,0.03374885077982493
4609,0.06590667906730131
4610,0.025415333644314274
4611,0.07201610142695486
4612,0.01481398572557079
4613,0.02846109660096654
4614,0.10547668346227801
4615,0.03384338690441917
4616,0.04256180210522999
4617,0.013176753978677219
4618,0.013710513676550108
4619,0.02298310512521168
4620,0.025869997345301467
4621,0.02293450261931785
4622,0.0704059479981258
4623,0.030056388656615387
4624,0.04948233334680086
4625,0.0885897483121641
4626,0.039665603657224116
4627,0.056801448003730715
4628,0.05952999913684853
4629,0.012880836253426219
4630,0.09239872453677805
4631,0.12937047456508066
4632,0.034207001128986156
4633,0.021427564757518964
4634,0.05655550581548921
4635,0.030877997010167985
4636,0.04145997239681831
4637,0.022263478926496237
4638,0.028079541990296143
4639,0.3823132195403961
4640,0.0182601502882068
4641,0.1068939280814569
4642,0.23219347764118387
4643,0.1596776231536528
4644,0.1484952648123103
4645,0.3673080380623448
4646,0.01919290655565347
4647,0.04616368622456674
4648,0.07430741575098998
4649,0.26852524024342006
4650,0.055261978008529236
4651,0.02781062118840341
4652,0.11293609620970906
4653,0.025330463978700757
4654,0.0627289098519003
4655,0.056003930204796486
4656,0.03299746008773932
4657,0.03730607563009077
4658,0.1369934117396896
4659,0.04752798571715538
4660,0.03043968841935807
4661,0.26844822663101986
4662,0.02129504875164997
4663,0.032599191098303275
4664,0.14517728391654705
4665,0.024877889569564555
4666,0.028103642681519284
4667,0.06400387108964947
4668,0.09511001621229899
4669,0.049962370752868225
4670,0.06327538034638255
4671,0.1764223354219984
4672,0.04847576511010499
4673,0.0804117440016747
4674,0.03785340643217678
4675,0.021224285976451485
4676,0.009001932181919498
4677,0.02204036801082908
4678,0.8674040945072975
4679,0.09441230247032503
4680,0.051387306109669226
4681,0.16023229544605327
4682,0.018473845399718844
4683,0.029054408847905226
4684,0.021120285366217222
4685,0.037925148822369865
4686,0.050393186385716715
4687,0.02595386421068441
4688,0.1108545977153842
4689,0.04758946336385065
4690,0.04446942129078868
4691,0.029175427387729772
4692,0.027329322174656195
4693,0.0130482382704665
4694,0.0350122016359864
4695,0.015618333720518632
4696,0.04538035085449344
4697,0.05315776192902134
4698,0.1295047810906485
4699,0.03178846233717052
4700,0.013772848006703548
4701,0.06301422109704152
4702,0.049723167123248674
4703,0.05012590562278212
4704,0.13928983386526975
4705,0.026211147061571488
4706,0.025867837036545854
4707,0.08520764707717361
4708,0.07942738492289272
4709,0.025284904915171616
4710,0.03926724569693621
4711,0.02067599683131293
4712,0.0977823724393789
4713,0.07926116320597885
4714,0.04061825726365787
4715,0.15898102073571502
4716,0.0397731440671302
4717,0.06296652006544581
4718,0.10683962265753244
4719,0.06635648685426437
4720,0.030642765682916438
4721,0.011442960908392207
4722,0.014041575074060916
4723,0.08330514447650769
4724,0.11343415499412618
4725,0.1981899919218566
4726,0.06631387903699876
4727,0.09638750819742439
4728,0.02574546148485289
4729,0.09056742946374827
4730,0.016852798175008246
4731,0.07900982510589134
4732,0.046799477568927536
4733,0.04733092966582588
4734,0.1635094274991984
4735,0.031003149639895144
4736,0.01724561033393046
4737,0.03950790985427288
4738,0.024925986592959193
4739,0.06163599350028552
4740,0.11403558252620216
4741,0.02752790250412599
4742,0.07580238818456998
4743,0.10105360676839392
4744,0.029081298633162004
4745,0.013525899318060391
4746,0.1011045392021743
4747,0.04591989590775456
4748,0.059865786781422306
4749,0.017836813410804578
4750,0.012961308069747136
4751,0.16884391317534245
4752,0.2724883705070165
4753,0.027800524568820914
4754,0.040538147618123424
4755,0.020668946038563348
4756,0.030244565376882505
4757,0.09266127616633264
4758,0.049351531097736406
4759,0.1664835389864071
4760,0.04265138398400713
4761,0.13238408305821522
4762,0.08869396870082281
4763,0.022518809372369306
4764,0.04824447027867157
4765,0.024705989379405043
4766,0.052589680536651875
4767,0.02250954605945648
4768,0.0638621730826047
4769,0.038473658948209255
4770,0.01980309047418892
4771,0.06524070377245805
4772,0.0944585225543052
4773,0.11122789018546184
4774,0.01508866812789901
4775,0.29296228789660517
4776,0.036724810762284794
4777,0.016567880154235638
4778,0.027204961125363192
4779,0.08483252374103435
4780,0.029105965472689115
4781,0.08569177236517453
4782,0.1016686346814924
4783,0.03504025408884409
4784,0.019343632175775064
4785,0.056921556682037994
4786,0.01657328752756057
4787,0.04452180038478068
4788,0.07022341502577097
4789,0.029403612008931046
4790,0.07458271487356626
4791,0.011998865215243775
4792,0.043331781448799456
4793,0.1036038557009264
4794,0.027862046240139937
4795,0.17443438187211271
4796,0.020688277152475367
4797,0.02084126623167423
4798,0.12618399205681868
4799,0.04515867860279777
4800,0.022585899630460933
4801,0.16900501845398358
4802,0.06624403473413999
4803,0.03013268299306695
4804,0.03305508460556965
4805,0.025985804232079798
4806,0.30153061098943823
4807,0.10025216484493689
4808,0.03563202991936294
4809,0.04963215430876151
4810,0.11545162739543269
4811,0.018107329929402942
4812,0.026062144440434885
4813,0.03846077431041435
4814,0.015612900143086271
4815,0.18285331103992564
4816,0.07393451980491332
4817,0.05909495377124944
4818,0.02616447269507946
4819,0.012992095040581082
4820,0.020319755287032573
4821,0.027447448910068326
4822,0.035445561652254876
4823,0.024519581811229717
4824,0.030636518146727
4825,0.017710372174419318
4826,0.0839901865392017
4827,0.08911238809479341
4828,0.05519256053731286
4829,0.05956231465397678
4830,0.06613205985907553
4831,0.030742105160635018
4832,0.04316304168127746
4833,0.05855960929343831
4834,0.10543035992903715
4835,0.1241537602782316
4836,0.07416342654936617
4837,0.032489699219463736
4838,0.011193980862539182
4839,0.0763556542851759
4840,0.10324067815438523
4841,0.03377593630822932
4842,0.05728134477353602
4843,0.0187800203085986
4844,0.03819576823146069
4845,0.0387442300423545
4846,0.039281014250259115
4847,0.03126152734151975
4848,0.046032369311141096
4849,0.0825804900526701
4850,0.025958446102590252
4851,0.07066238608004158
4852,0.017888769286929503
4853,0.04058347944521869
4854,0.03937213450893026
4855,0.25358463603012704
4856,0.027918863761102475
4857,0.015724421100995662
4858,0.015099350511506076
4859,0.2767120039635075
4860,0.05486291765397992
4861,0.09957860004890073
4862,0.1130874212042101
4863,0.033898782544937035
4864,0.024412687809231684
4865,0.02726358737112954
4866,0.021051161353944983
4867,0.1201308596477964
4868,0.12519992409728084
4869,0.015783310150223447
4870,0.15733239290599155
4871,0.011934083367553128
4872,0.040428094816353906
4873,0.048072231175839183
4874,0.2002988993726506
4875,0.032051271803413175
4876,0.10626172032886726
4877,0.04403914943221131
4878,0.10862467173897336
4879,0.0717571767547238
4880,0.06273065055360208
4881,0.05706670901420721
4882,0.026856398871796673
4883,0.028291687825417355
4884,0.21588003398504127
4885,0.10176445583221695
4886,0.07963711677842678
4887,0.03490928837914684
4888,0.029615558235587532
4889,0.03975657739552858
4890,0.10119285286736632
4891,0.08842359431456517
4892,0.0734781230256186
4893,0.02104742859922465
4894,0.09584680405914507
4895,0.1572148226089417
4896,0.033132867720929174
4897,0.04591908618354008
4898,0.05054265279746511
4899,0.027197116051236488
4900,0.044700167780905076
4901,0.013482290257731374
4902,0.019720480691310195
4903,0.03226184132289779
4904,0.04888557812722928
4905,0.03989120863515022
4906,0.01377295416883028
4907,0.21986925303119106
4908,0.028516279696690523
4909,0.08933761856528583
4910,0.08627861742756143
4911,0.02575744829866331
4912,0.03255182037884639
4913,0.0613281480759505
4914,0.019293240450543897
4915,0.08851050432086403
4916,0.01088206482989607
4917,0.05542882229775781
4918,0.25734885446732614
4919,0.05224944405867824
4920,0.09032894687038392
4921,0.05888076462121522
4922,0.07957758425282027
4923,0.027282006659763495
4924,0.049881688928698535
4925,0.0519056801388247
4926,0.013296921183394931
4927,0.019590556195678267
4928,0.03114371654913465
4929,0.030151188917417242
4930,0.21484136520233132
4931,0.05275861444698621
4932,0.026215619820021525
4933,0.014147854759297692
4934,0.19613900576486928
4935,0.02305047178454462
4936,0.08064262826501419
4937,0.0630727150535662
4938,0.03989291292187294
4939,0.0250691607075549
4940,0.14023222812769193
4941,0.050320107360013556
4942,0.23870713207473848
4943,0.013130756729859605
4944,0.07749830343832184
4945,0.0578745745171033
4946,0.05314698447780419
4947,0.053563483621461835
4948,0.025340743573208174
4949,0.012113026314577644
4950,0.1074464381091741
4951,0.0449635948586238
4952,0.03304391882831537
4953,0.0243192899518849
4954,0.06474701232459651
4955,0.10269325498080027
4956,0.17694635980988407
4957,0.061968685882730745
4958,0.06328116253608415
4959,0.00860642124016759
4960,0.1101124190430306
4961,0.09942047070022246
4962,0.020646374688892827
4963,0.041358004084829106
4964,0.07818877188218387
4965,0.02399110951011447
4966,0.09540819930643803
4967,0.08777414534307892
4968,0.06602404241057389
4969,0.020316430842692926
4970,0.02427163860777032
4971,0.02937124385488902
4972,0.03605091915716969
4973,0.015725098972448913
4974,0.06053802821175851
4975,0.22365259987019837
4976,0.1090067055062531
4977,0.03900173425814517
4978,0.08710029766111561
4979,0.03290785036205421
4980,0.10985808505912523
4981,0.02223304004524403
4982,0.08248636521056896
4983,0.07288918207886977
4984,0.1441091507288763
4985,0.015959878129765924
4986,0.07784328237089555
4987,0.07119985136915374
4988,0.028029924304616607
4989,0.015931366918868768
4990,0.013224505429751347
4991,0.038239041803779614
4992,0.06101920459668727
4993,0.09250172764100908
4994,0.040057453334860944
4995,0.03679157203372653
4996,0.035863670760379135
4997,0.015523435915316477
4998,0.11396959687247536
4999,0.04501996749178013
5000,0.05862258998898909
5001,0.19257074075771932
5002,0.18122023808345858
5003,0.037744270730844784
5004,0.03611649163688139
5005,0.045153957595304495
5006,0.15923948934036466
5007,0.03716700252111185
5008,0.04515875583200022
5009,0.02103748573731694
5010,0.008523037383682742
5011,0.03093928689762512
5012,0.059472678475674015
5013,0.0855691219620468
5014,0.13421352066016257
5015,0.03106736984351003
5016,0.05934906092845306
5017,0.018285155972094184
5018,0.04391756383377129
5019,0.012112287952141379
5020,0.008381951307276649
5021,0.07777164854370819
5022,0.014930236913082321
5023,0.028444668177195882
5024,0.046944166033714436
5025,0.042577672841055514
5026,0.015224611320084201
5027,0.028263393559112938
5028,0.028446421958189756
5029,0.06652938538509455
5030,0.10054600668153912
5031,0.061486526007845294
5032,0.3245737242898912
5033,0.07108076732593031
5034,0.09696853332237809
5035,0.013399030158777744
5036,0.09969761238877814
5037,0.05151411508684061
5038,0.01980373347798798
5039,0.06516348331864268
5040,0.06855789380389532
5041,0.41404936348517624
5042,0.027758489204492115
5043,0.046808711587739034
5044,0.036354982436961114
5045,0.056320470232161135
5046,0.07922214970846561
5047,0.04994703475807684
5048,0.04303947195734923
5049,0.05453967593381634
5050,0.11798541708002547
5051,0.03342706349128788
5052,0.1096432882445847
5053,0.04870628481771464
5054,0.008909365982119324
5055,0.03009983974401232
5056,0.054829345891498134
5057,0.08901526123184564
5058,0.2896937768434352
5059,0.03890295414050839
5060,0.04399478504776083
5061,0.017927766680938283
5062,0.022951055023814306
5063,0.026368767441753718
5064,0.012165409294104559
5065,0.04577122938620584
5066,0.02338494306461868
5067,0.14859964556733513
5068,0.030571000360822807
5069,0.017938654362117522
5070,0.030653399772882693
5071,0.010464123727734077
5072,0.08790406106742038
5073,0.011277806743658842
5074,0.11301006464274999
5075,0.019129778710525222
5076,0.15204988418792198
5077,0.01630195002489967
5078,0.0173245080447559
5079,0.03305944995402378
5080,0.021611760507964733
5081,0.05000120065519955
5082,0.02923546357776258
5083,0.02433215657154452
5084,0.02323508651710731
5085,0.02594130868771912
5086,0.016639717643382422
5087,0.04103159523061189
5088,0.015878556529776256
5089,0.02110054552916954
5090,0.1394965327929291
5091,0.08685739962248946
5092,0.4399042341486106
5093,0.10467766868679015
5094,0.047823419613682805
5095,0.05589485228374394
5096,0.019583310968366224
5097,0.04659786752854794
5098,0.0511678760384868
5099,0.0491890565812657
5100,0.03644116747017881
5101,0.06421318085221737
5102,0.03368651751600847
5103,0.04984617827853928
5104,0.18332961930653027
5105,0.09626180044024804
5106,0.04742152284768674
5107,0.010075181582669025
5108,0.02637748782196969
5109,0.033225774798200894
5110,0.039289800834840974
5111,0.04870555381783158
5112,0.3098791858846618
5113,0.031047952908643883
5114,0.37555820600657114
5115,0.04279367598903737
5116,0.04078887562402356
5117,0.01333797774177984
5118,0.037495822259961925
5119,0.2839736436800089
5120,0.042892776838029716
5121,0.06396878229345945
5122,0.02837256907605239
5123,0.4231019894441326
5124,0.0975273675874373
5125,0.07343235557159933
5126,0.025429927152928584
5127,0.3661282014069483
5128,0.11676929708826311
5129,0.028805530683057884
5130,0.040890485252445805
5131,0.024873812308975986
5132,0.04705593630870593
5133,0.1019985502114755
5134,0.04034788604103234
5135,0.06015493485902572
5136,0.0591450763769104
5137,0.01585195980734909
5138,0.04313622011071254
5139,0.13533800079638442
5140,0.06005361148710692
5141,0.09449789043703047
5142,0.16580174532322012
5143,0.037596526148309474
5144,0.219362271514049
5145,0.12372123566032878
5146,0.043091128783343875
5147,0.01806487640315259
5148,0.07305650609116632
5149,0.024784816197827814
5150,0.1489038188805784
5151,0.028134022397236134
5152,0.04023192446469937
5153,0.10083996845797806
5154,0.03857839059723986
5155,0.04692141166024325
5156,0.01596795848054446
5157,0.051972965813001794
5158,0.15659549069495735
5159,0.043154675010427426
5160,0.10398360642869568
5161,0.040969387097637595
5162,0.05060307679492447
5163,0.0348829196663011
5164,0.3677969862238863
5165,0.04125086887100724
5166,0.023410791199412178
5167,0.01897722201951297
5168,0.03259516329302068
5169,0.061441887720885144
5170,0.029897236053115388
5171,0.08302123526526012
5172,0.07931972360533618
5173,0.032784089268026034
5174,0.03160818653699104
5175,0.021485274074454108
5176,0.023970097142989574
5177,0.03953376801568663
5178,0.045293272412012996
5179,0.04543249418924189
5180,0.020369253621936357
5181,0.02733751114944777
5182,0.09546696706528034
5183,0.1317277503501149
5184,0.014034981370683158
5185,0.011759046857884715
5186,0.3359330522679973
5187,0.0802693714200809
5188,0.07927321975757019
5189,0.013137213472684947
5190,0.03295527186293255
5191,0.013006531787382751
5192,0.023560949019065396
5193,0.026159590941694424
5194,0.04822636183826204
5195,0.07314939997649574
5196,0.04429294659883213
5197,0.0362300355606084
5198,0.014613346854593196
5199,0.07505479760720703
5200,0.048496372178814216
5201,0.022329292532711816
5202,0.0163909281277293
5203,0.07592958796516174
5204,0.01954090765997566
5205,0.08233649283624564
5206,0.22292139777620434
5207,0.02871937945303302
5208,0.27367648857615434
5209,0.17608388418995174
5210,0.1692828171632731
5211,0.05449628841435756
5212,0.07443243850696528
5213,0.1760505619942021
5214,0.13462718723690167
5215,0.23157540005424274
5216,0.09790393548107365
5217,0.01863519427971778
5218,0.12105385651524886
5219,0.046686642911818094
5220,0.019803610042605748
5221,0.1815665030490823
5222,0.022011648974099296
5223,0.013414614151380495
5224,0.014718550839685892
5225,0.1904811069563436
5226,0.019572690721248613
5227,0.014038161971257401
5228,0.08120301355727004
5229,0.0868614296665086
5230,0.060507096616309486
5231,0.036476438956606114
5232,0.09362226538207014
5233,0.03483546716686852
5234,0.32905218138602205
5235,0.06792060408009977
5236,0.05541964267749877
5237,0.026650602475789528
5238,0.10901478094174401
5239,0.06267124117899724
5240,0.041908421761356895
5241,0.019343116264347277
5242,0.033907525942457224
5243,0.13934984863813793
5244,0.02126151645804886
5245,0.05573791149807099
5246,0.03546317840597317
5247,0.10964870991356489
5248,0.12061986008029368
5249,0.056410250319392216
5250,0.013210179231313145
5251,0.061696075891384185
5252,0.18105930625993352
5253,0.2178818298915503
5254,0.06708110004043982
5255,0.04387275463155814
5256,0.04593477251994748
5257,0.10813226173851812
5258,0.028956800721658033
5259,0.3324125490322731
5260,0.05807395261256719
5261,0.4751359961587649
5262,0.5621978825337987
5263,0.019026548067701588
5264,0.04215613932383255
5265,0.055645398330917785
5266,0.012124855387849551
5267,0.19945661452686456
5268,0.06154075695356394
5269,0.22788736371179455
5270,0.060332635641736375
5271,0.06418425798250336
5272,0.03951810315870298
5273,0.04227621560778706
5274,0.030427345278699315
5275,0.01655213120185283
5276,0.018245265822578946
5277,0.035458211090898605
5278,0.04339410581501978
5279,0.1505892565579775
5280,0.05261367632491121
5281,0.13087860227690978
5282,0.02117187059246343
5283,0.021746458424863294
5284,0.20487001596085586
5285,0.015467112033769909
5286,0.09532914564427104
5287,0.01764966170898219
5288,0.05783693412506313
5289,0.05888785088890338
5290,0.0299474690161678
5291,0.010853700559525089
5292,0.011360212323754757
5293,0.09573666228605673
5294,0.0524506616226469
5295,0.01765707268354066
5296,0.02228639331737334
5297,0.019477191865610956
5298,0.15048831935836157
5299,0.1037003431128333
5300,0.020351781614804318
5301,0.04862374980795704
5302,0.06267862943775637
5303,0.03490275277506033
5304,0.05864834913149228
5305,0.06767253234524778
5306,0.0457371961930292
5307,0.024426840969652207
5308,0.07894043149372633
5309,0.08842110550955863
5310,0.044866779512392936
5311,0.01299915032993186
5312,0.049208437858319506
5313,0.052202799551494844
5314,0.04697453305200221
5315,0.05495565329479639
5316,0.034236901259043245
5317,0.029049961804285568
5318,0.13636273720959063
5319,0.039760924218847846
5320,0.05403252611445859
5321,0.07647411013595004
5322,0.16680411379067211
5323,0.0547130687623255
5324,0.026038922505292463
5325,0.17979245311649977
5326,0.04894964274786582
5327,0.04451947447250235
5328,0.12319198467009453
5329,0.027412360358870434
5330,0.027141071755893288
5331,0.15725954517672872
5332,0.030496550222606146
5333,0.13047738445501442
5334,0.010014464895233242
5335,0.11287837941596159
5336,0.12102861655814219
5337,0.026165815261587393
5338,0.01803102929623113
5339,0.04235671037506915
5340,0.08477280422505015
5341,0.01413347916778315
5342,0.03584919452976086
5343,0.05235198000014015
5344,0.028793825572271056
5345,0.08845857337619015
5346,0.040380683040761235
5347,0.0841882886870232
5348,0.08256614337689386
5349,0.015021739259476329
5350,0.08879650968162822
5351,0.04854450179360355
5352,0.24414712114107417
5353,0.024499457246617763
5354,0.11499401037811213
5355,0.015179279974653917
5356,0.024407362401770796
5357,0.10562027233215945
5358,0.023424279344343005
5359,0.017299902878604417
5360,0.06657524726743463
5361,0.057859246721333094
5362,0.4448656265786666
5363,0.10668448774809226
5364,0.13322545830295474
5365,0.5666441812106906
5366,0.047164407408875945
5367,0.012843035588584639
5368,0.047541026389085486
5369,0.13794908565228314
5370,0.06344549623852876
5371,0.012248353412571137
5372,0.020205145387241392
5373,0.015517773373755803
5374,0.09784543445332966
5375,0.06396517512579447
5376,0.012144531489405587
5377,0.1566676805592487
5378,0.10735399396396422
5379,0.0713888500894484
5380,0.015075459643522107
5381,0.03147565401198818
5382,0.02575209609564461
5383,0.01805610191076984
5384,0.05014719469038575
5385,0.034096413193431485
5386,0.010901951939211162
5387,0.02234073433427705
5388,0.050815959810068465
5389,0.015232151514886865
5390,0.02854347326389641
5391,0.06010186703140465
5392,0.02110923764567723
5393,0.05719324320408402
5394,0.10121742458563199
5395,0.09236138261922379
5396,0.036897701038295976
5397,0.16476079809373753
5398,0.07973813515103684
5399,0.06655170956172518
5400,0.03797586322119266
5401,0.0390090330244186
5402,0.017968130406890714
5403,0.34933324366475993
5404,0.2159573753761223
5405,0.3264162470443372
5406,0.02221154853626607
5407,0.029621947207283453
5408,0.13603448427774442
5409,0.04887945988440482
5410,0.02636303176076296
5411,0.10119656250658662
5412,0.02448072628077435
5413,0.04522191996457001
5414,0.05557105762408097
5415,0.156901271551334
5416,0.15340164569399273
5417,0.040218700241050565
5418,0.0435589914034169
5419,0.031552239212326354
5420,0.03729044827558982
5421,0.032555371539726326
5422,0.12555835451262343
5423,0.01560473309706967
5424,0.1408861242967957
5425,0.07140147024560783
5426,0.030192306080809965
5427,0.271026860287498
5428,0.07580297493599053
5429,0.014413523827968622
5430,0.014209543429161352
5431,0.1376082275729472
5432,0.012117215755861112
5433,0.10334260808930507
5434,0.03789715765087091
5435,0.060318646229690354
5436,0.06549477201031706
5437,0.00642203828534428
5438,0.01319014750834827
5439,0.04697008679833412
5440,0.021082450329065236
5441,0.0744851607425471
5442,0.028133978713187378
5443,0.023898047415972613
5444,0.03470773172870239
5445,0.01406169840506303
5446,0.10429029930005143
5447,0.03761637839238552
5448,0.03639343430679001
5449,0.017401150863057473
5450,0.04390754086020921
5451,0.05548316125017912
5452,0.05337063034154782
5453,0.019568570402459115
5454,0.03644695253843068
5455,0.019177243267542467
5456,0.2079535325975005
5457,0.017190867258145864
5458,0.03421528415412636
5459,0.030068724481449406
5460,0.06520495236897977
5461,0.08708317790184097
5462,0.1362563432454245
5463,0.01974916483447448
5464,0.09801117872867449
5465,0.014431166404176273
5466,0.05892825306453216
5467,0.021051341610940168
5468,0.015919323107410666
5469,0.023804165043317185
5470,0.05467099799183826
5471,0.025082226233509246
5472,0.02504711829305087
5473,0.14485766435934405
5474,0.042879421490655954
5475,0.08032248660374157
5476,0.06518461450204742
5477,0.06724120749302168
5478,0.06478797710094769
5479,0.021723271716023784
5480,0.04892240096910728
5481,0.013699982883131914
5482,0.05755524274035399
5483,0.047871682525456274
5484,0.029076461932631296
5485,0.015220215239532372
5486,0.09043023838455844
5487,0.171996596223775
5488,0.015962886997117332
5489,0.2554434499686273
5490,0.029745447354565437
5491,0.08150130513085307
5492,0.10830887458348022
5493,0.04250945468082968
5494,0.06323304869574772
5495,0.05846412833030026
5496,0.02801570767951296
5497,0.17699279881775626
5498,0.08100257447076878
5499,0.017316442411017097
5500,0.036998834599709624
5501,0.03955812869362391
5502,0.021941161478392417
5503,0.030920214517246337
5504,0.04904215418080615
5505,0.024181545216820467
5506,0.019238366216689166
5507,0.02021917399671921
5508,0.06938995863989106
5509,0.18401197604191155
5510,0.015384121846478454
5511,0.02540770047125704
5512,0.04503032570991385
5513,0.10238741425113906
5514,0.037363495642478796
5515,0.11568723293602695
5516,0.034692388703454424
5517,0.06013789628564241
5518,0.04739107823032862
5519,0.040575360097055826
5520,0.011145176367009037
5521,0.05241141973582058
5522,0.04721064564851642
5523,0.022034319536164568
5524,0.14387518941295374
5525,0.03121029507693582
5526,0.014549963786691433
5527,0.025672959860045724
5528,0.04038487844527391
5529,0.024702334233958873
5530,0.058222195627595466
5531,0.09868985958310089
5532,0.1378619832095937
5533,0.0077179014206984675
5534,0.0964890846741786
5535,0.12423505253729579
5536,0.026997408908367788
5537,0.023619381543479694
5538,0.029006826011709327
5539,0.016799380552248007
5540,0.05141034330533914
5541,0.06019563946783697
5542,0.011743689254396223
5543,0.06916769533224118
5544,0.07751509347235966
5545,0.06208840839814155
5546,0.03466243822688137
5547,0.027966915490307234
5548,0.06247431872138595
5549,0.03942549412656139
5550,0.03869242109201744
5551,0.03328269354218244
5552,0.019963566708425872
5553,0.17096689711672736
5554,0.056263922478639095
5555,0.46568534436665576
5556,0.015583085224258567
5557,0.04858821758425366
5558,0.0631474083339018
5559,0.04604638314320553
5560,0.05894527582249929
5561,0.051229437013543995
5562,0.09009167955772417
5563,0.06713484120789616
5564,0.027873100664766903
5565,0.04763683369076245
5566,0.1272802399146613
5567,0.01997779567490026
5568,0.08897257075093555
5569,0.0399548802547837
5570,0.12679640294945116
5571,0.04280268311540551
5572,0.04215293179816256
5573,0.04471040769186478
5574,0.026532914827365348
5575,0.04000331492184857
5576,0.03580817257274578
5577,0.017183069654105477
5578,0.019118028828101794
5579,0.21166731984422543
5580,0.042523587110999406
5581,0.017528433603931193
5582,0.010644402004858533
5583,0.042607512234860784
5584,0.07474106109124315
5585,0.06264131407543416
5586,0.08270798885401079
5587,0.01252779223083445
5588,0.18122876074228983
5589,0.01866124052126467
5590,0.269806875745939
5591,0.059375897238178016
5592,0.11027338021052205
5593,0.00831585939636697
5594,0.20913542149691314
5595,0.21119093618951607
5596,0.09879909331384376
5597,0.043062311348478884
5598,0.026511385054820553
5599,0.09282254861261797
5600,0.01017732438370663
5601,0.037427428700910946
5602,0.039860577038528945
5603,0.016647636430676932
5604,0.0641228275253413
5605,0.014019139610823567
5606,0.08246592131762853
5607,0.24767740573720876
5608,0.06424834149737385
5609,0.03356928157497771
5610,0.13991660668076458
5611,0.011472051582390232
5612,0.11153912565840204
5613,0.04416866477033239
5614,0.035773783443094356
5615,0.17894301219502529
5616,0.022177530518367898
5617,0.040873133596785925
5618,0.06188934938424785
5619,0.08045242349950876
5620,0.020624408052536576
5621,0.04195902254049552
5622,0.03573349801546987
5623,0.04218187523606431
5624,0.018302349708955848
5625,0.2588747318797189
5626,0.047039487489469095
5627,0.018701720373289214
5628,0.00992680055700518
5629,0.09193222393158018
5630,0.43647646242181676
5631,0.03332195806700364
5632,0.09088688721051374
5633,0.03214211503484897
5634,0.029873291069343465
5635,0.039464461415095395
5636,0.08401516787021814
5637,0.1843522229907709
5638,0.0713278261564418
5639,0.012720892439584115
5640,0.013118377331907759
5641,0.023398421043178762
5642,0.1457970160505569
5643,0.025782031139859423
5644,0.10035549967871712
5645,0.015271103885784848
5646,0.16869590773489992
5647,0.07047296251357307
5648,0.0552927887039703
5649,0.01150254765328121
5650,0.07029594952758304
5651,0.011806385610019435
5652,0.02560073562307632
5653,0.053718502071876464
5654,0.06893805596305685
5655,0.016717041504613832
5656,0.02614441405721471
5657,0.052601826965293065
5658,0.01121508232500686
5659,0.013843830238248131
5660,0.026735954937469428
5661,0.0363395709392047
5662,0.015552434561117809
5663,0.05239797738222256
5664,0.22498352158481386
5665,0.03117848783012333
5666,0.17698132107014192
5667,0.06827530717136644
5668,0.021597386298409016
5669,0.017934686853627122
5670,0.09527085224009094
5671,0.099259782212542
5672,0.049500394190474195
5673,0.04045835410357857
5674,0.07492284459035528
5675,0.052856701636280964
5676,0.026715864263821547
5677,0.16975224691402327
5678,0.024588728860788705
5679,0.021857049651885316
5680,0.015542941915002707
5681,0.008993332648143311
5682,0.02985006955729945
5683,0.024905954266737623
5684,0.03970397409631676
5685,0.02635290951602038
5686,0.05155643313127063
5687,0.06168930343414001
5688,0.1912828140347122
5689,0.027672882960031182
5690,0.2459386756719414
5691,0.05921215902109232
5692,0.011868773224703094
5693,0.024868391163258355
5694,0.06460274516752344
5695,0.02395337924762956
5696,0.037647100510501116
5697,0.020376496491886224
5698,0.026766531045270048
5699,0.01506810164627264
5700,0.033063502404130675
5701,0.05386555979077688
5702,0.08271307711773684
5703,0.0310272080801441
5704,0.031342504756390104
5705,0.02570957544611876
5706,0.02026474269269323
5707,0.09473080122127685
5708,0.05687412682948981
5709,0.03493798222707747
5710,0.010950380008559345
5711,0.11627074809151204
5712,0.025744191315001514
5713,0.015892123451483678
5714,0.02637503802303814
5715,0.07027294252231576
5716,0.01806377800482962
5717,0.024070835270705034
5718,0.022149789641742027
5719,0.019148624492780146
5720,0.015437904777301541
5721,0.09071173411975346
5722,0.020432745427842566
5723,0.037364990090357084
5724,0.02007124019581907
5725,0.08361025968034463
5726,0.026487207523863927
5727,0.021041920090691668
5728,0.026342520189519048
5729,0.027608028759487417
5730,0.037486098356907936
5731,0.027146159195307672
5732,0.041933697992089944
5733,0.12876480384952985
5734,0.028102582335364938
5735,0.026524170763656922
5736,0.02964824679919776
5737,0.029200252784450566
5738,0.07868515945082843
5739,0.09454432273293402
5740,0.2729433324276825
5741,0.019031737930342737
5742,0.017456471674068268
5743,0.08556835397313745
5744,0.045753270531371966
5745,0.04285353271510744
5746,0.06854327613289764
5747,0.008478585960701574
5748,0.012562671405785233
5749,0.08252835521086233
5750,0.023650492672658792
5751,0.08088631007104552
5752,0.08742273697196293
5753,0.07350090646678147
5754,0.3831931311835207
5755,0.02928697631801238
5756,0.023280385112979404
5757,0.040366103986548205
5758,0.05593214395013786
5759,0.02426516990734657
5760,0.032056069395237835
5761,0.19108235139024307
5762,0.04541567021287166
5763,0.07360483674896837
5764,0.06562590681531376
5765,0.031130454190459365
5766,0.045874892878582534
5767,0.6632474739229323
5768,0.0982367217642065
5769,0.03657790006165519
5770,0.03262345227720044
5771,0.10781586642786506
5772,0.01885258831685767
5773,0.15567823442398346
5774,0.08542857908203669
5775,0.027716389657155022
5776,0.08183733769060585
5777,0.052494586550553224
5778,0.021760097242505088
5779,0.10341118682811053
5780,0.031136585130107607
5781,0.07315110207247617
5782,0.029742466706934468
5783,0.025820360089874345
5784,0.02153464534700902
5785,0.04044728543854773
5786,0.05103077046722297
5787,0.012844395301947024
5788,0.19231668893815357
5789,0.11180611684374027
5790,0.021536557399136964
5791,0.04411975973395167
5792,0.053420794727490534
5793,0.026593983548298193
5794,0.016877078184778023
5795,0.027770223754889727
5796,0.015661827924058645
5797,0.24122853527160704
5798,0.0515546388131292
5799,0.018307490115689246
5800,0.3202982439173259
5801,0.040774083029203496
5802,0.01548383876185563
5803,0.03436760281980026
5804,0.0456835395176133
5805,0.013946604477430378
5806,0.16208447143653198
5807,0.07690551537956504
5808,0.18570820279840622
5809,0.15378325572289375
5810,0.07653003157355676
5811,0.02832213749539649
5812,0.04916031473197713
5813,0.25644117845970554
5814,0.031060293824868284
5815,0.12543789962704796
5816,0.11084959866096923
5817,0.28869547319970235
5818,0.1862592552265978
5819,0.11502940167430564
5820,0.5567133121833537
5821,0.02944698614273817
5822,0.04138980311902549
5823,0.029861926128508368
5824,0.017323225050400504
5825,0.07324139696836848
5826,0.07506863212670364
5827,0.022406263606847526
5828,0.023236268957726493
5829,0.014323583846824986
5830,0.018080667719123034
5831,0.08956758057529353
5832,0.04136803601037191
5833,0.03504446762838672
5834,0.03765747049784135
5835,0.04420269075732504
5836,0.03925483533721674
5837,0.041468962003176235
5838,0.03892742005700538
5839,0.026362115333262118
5840,0.044690680000776736
5841,0.03204643819871796
5842,0.019325829162125052
5843,0.033286683539106056
5844,0.120023420135487
5845,0.012377551156189168
5846,0.09837802421086528
5847,0.019955623054019517
5848,0.018445214976546834
5849,0.030751845560018753
5850,0.10051303266045636
5851,0.021046388823054606
5852,0.03272511833210278
5853,0.047586901773416436
5854,0.03664620572317321
5855,0.020101870935632093
5856,0.06012646185045375
5857,0.09990818890282277
5858,0.06975681524187113
5859,0.014887437587581862
5860,0.11495759309962679
5861,0.09196519629653
5862,0.030788418939582594
5863,0.045514123643811064
5864,0.11223938055921664
5865,0.10675015654591308
5866,0.03951039279172739
5867,0.03666766720189721
5868,0.05864251089374736
5869,0.2238727093058532
5870,0.02040818983223261
5871,0.013025238241523646
5872,0.02975264680397116
5873,0.05007328198921918
5874,0.032207454660300554
5875,0.262498912610658
5876,0.05595749673020878
5877,0.01748725581811562
5878,0.2681557403923357
5879,0.10273938451970788
5880,0.06548091812784376
5881,0.04403329175236787
5882,0.03115249507783786
5883,0.12814452981843918
5884,0.036553898038948034
5885,0.025550531567572206
5886,0.022636036656409404
5887,0.04100459422810719
5888,0.04114876643721477
5889,0.02728936522367533
5890,0.03861951845695343
5891,0.011719375739609874
5892,0.07166664520773368
5893,0.17749084579931773
5894,0.03387885104525974
5895,0.04745176565993875
5896,0.041621110180431756
5897,0.02463055085136031
5898,0.04256337327557238
5899,0.10447068340912974
5900,0.029978403899508985
5901,0.06198052062506171
5902,0.028033071134314906
5903,0.14884175989292756
5904,0.033029567738822346
5905,0.12518283621765058
5906,0.011388326937006964
5907,0.05150527376410543
5908,0.06704909568345263
5909,0.04991491686350641
5910,0.02371094216556839
5911,0.048761416017574
5912,0.020125709854262624
5913,0.02283399667061335
5914,0.06779907666318294
5915,0.02764951905662749
5916,0.22243997946166075
5917,0.33148332647415496
5918,0.03064246700317151
5919,0.011979715540061737
5920,0.02718833290632461
5921,0.01361905252962493
5922,0.07861946304491149
5923,0.02796627476883249
5924,0.009378070108485693
5925,0.12420634801181447
5926,0.039894429918848645
5927,0.031808906857729025
5928,0.018065946610626077
5929,0.012930037175375497
5930,0.029951226134003774
5931,0.03722422206363807
5932,0.03343830870424992
5933,0.04771258109505712
5934,0.059819046443811495
5935,0.012770278272793699
5936,0.029590553803456137
5937,0.16918156493253203
5938,0.09618047927363876
5939,0.02407392929375954
5940,0.022151168158093138
5941,0.04624271864975557
5942,0.05479637857255131
5943,0.20170823333775528
5944,0.5238481966638888
5945,0.09128756216418656
5946,0.022462665548487755
5947,0.07673168184533957
5948,0.03937541561248881
5949,0.08278575311388092
5950,0.017285300430007117
5951,0.017326813578004543
5952,0.09179382295200969
5953,0.022784381825075677
5954,0.06611528265190245
5955,0.059563263204458566
5956,0.017955784163271885
5957,0.08757899914402106
5958,0.024720007509569583
5959,0.034952917645640916
5960,0.05400611269035689
5961,0.04845867316351492
5962,0.03473592559915026
5963,0.08397410433388011
5964,0.1293138920771197
5965,0.17258111534549245
5966,0.06604064083633732
5967,0.07042076920384015
5968,0.01766160918365503
5969,0.033663199480359916
5970,0.03861028618458125
5971,0.07308880552747693
5972,0.09177634791310837
5973,0.11732064503555244
5974,0.0836075839821164
5975,0.04505210761516952
5976,0.05079511071254875
5977,0.025363675084508652
5978,0.015738203622580348
5979,0.06309693491253929
5980,0.05411884955533691
5981,0.05435605412731168
5982,0.041996696815998595
5983,0.0905577806043068
5984,0.08114584352374168
5985,0.02810849169597015
5986,0.04935703955533403
5987,0.0324148916564761
5988,0.05239035605090707
5989,0.07714011897429683
5990,0.039338170588870576
5991,0.1269841567327157
5992,0.02960198314463663
5993,0.009086455177343558
5994,0.07634720876790375
5995,0.018328686201680013
5996,0.049290252026264275
5997,0.15452584059873004
5998,0.06976851918260749
5999,0.03979107720882111
6000,0.0549448180969046
6001,0.058085778628335874
6002,0.12352410744154395
6003,0.06461167848034621
6004,0.09552634670656177
6005,0.039785062067317876
6006,0.039940666779658844
6007,0.04029940258613777
6008,0.11139212485769744
6009,0.041435411250993426
6010,0.03519022497264888
6011,0.03283353916340234
6012,0.014125642891939356
6013,0.1035082321423173
6014,0.02676508410640496
6015,0.025151970510794965
6016,0.02421717974133648
6017,0.10445489970661143
6018,0.05246970395531112
6019,0.026903562423753077
6020,0.23946854552874502
6021,0.015336269623464613
6022,0.10549411968002399
6023,0.02851252323781229
6024,0.03171485943192886
6025,0.0485799832333254
6026,0.07730473841308971
6027,0.1040880680953466
6028,0.01362320936368127
6029,0.0173234454496166
6030,0.08821783898878702
6031,0.16720197250951835
6032,0.0533310947906702
6033,0.031259643553630125
6034,0.061380212171926594
6035,0.017916970713825343
6036,0.0822518738024369
6037,0.014807055421519649
6038,0.009618191320073806
6039,0.020289424637350617
6040,0.05799712357716331
6041,0.014427630961619552
6042,0.012959142798998222
6043,0.0964171207383636
6044,0.054984351720145146
6045,0.031232645531638323
6046,0.0737249221720038
6047,0.05666981741716193
6048,0.0567871676598676
6049,0.12188601373626623
6050,0.022563057798829736
6051,0.017643110960327203
6052,0.025950707166793287
6053,0.12586690638750356
6054,0.01746576370976159
6055,0.1925478150501446
6056,0.01955556640768095
6057,0.01925412192252835
6058,0.019724513505496484
6059,0.05775147317619602
6060,0.03677640454081453
6061,0.027591152976277334
6062,0.020239138893920625
6063,0.03005193853344573
6064,0.03175389383382081
6065,0.031416441077204524
6066,0.06255487111390613
6067,0.020060904886745355
6068,0.008644274502213879
6069,0.07106734885015506
6070,0.034608895411728846
6071,0.039638559423258585
6072,0.04487648548652347
6073,0.024710420439123828
6074,0.10930320948915087
6075,0.06879926888369259
6076,0.1168431585232897
6077,0.072079140109307
6078,0.06086298944020152
6079,0.08234567904527143
6080,0.025145498066550316
6081,0.05215034201439414
6082,0.02390602020604813
6083,0.03327457266403648
6084,0.3753021327782622
6085,0.05390150003777894
6086,0.02052151869183132
6087,0.022028678256741235
6088,0.07563663438693813
6089,0.02976191445101245
6090,0.01773780924081196
6091,0.06556289315980991
6092,0.02661859320152885
6093,0.027245187703393875
6094,0.026125270191468514
6095,0.08878917525544595
6096,0.013487972121243665
6097,0.030205817988450002
6098,0.043109384716713314
6099,0.01596045130798028
6100,0.034263164894181575
6101,0.024459841295403538
6102,0.32098594986998236
6103,0.2566269729170468
6104,0.13216036291921202
6105,0.05553208416477332
6106,0.02959605230619304
6107,0.05242684507930557
6108,0.09630687183695145
6109,0.24746082722515458
6110,0.07201266158120719
6111,0.10648905874812352
6112,0.06972712476421558
6113,0.012311059313039609
6114,0.0710851196991667
6115,0.1333347459550085
6116,0.09755451944934786
6117,0.060494335623388726
6118,0.08193830706222618
6119,0.28975096624631236
6120,0.07116814771605265
6121,0.09318888299799113
6122,0.08240145050320426
6123,0.0160815277659902
6124,0.3137260345939112
6125,0.02291209873901599
6126,0.03242291167122152
6127,0.07419013228374813
6128,0.03818945702177603
6129,0.030076961675894836
6130,0.08890528987519522
6131,0.09923228556600444
6132,0.05066501301642484
6133,0.07818807380834047
6134,0.03569497832157965
6135,0.015893161824066596
6136,0.07717902001840146
6137,0.0321161294677556
6138,0.034044727047439105
6139,0.01311967508053714
6140,0.0698552703406631
6141,0.04012332830033197
6142,0.06415805338890895
6143,0.07299726847947599
6144,0.06056506208276993
6145,0.056688998815656325
6146,0.12431836575442715
6147,0.043730567202927347
6148,0.05493455771095214
6149,0.03142939379856309
6150,0.03770777834693015
6151,0.013294645723098596
6152,0.1023375909900028
6153,0.8086599334850079
6154,0.014757921709814086
6155,0.013622531887703584
6156,0.0068256232526567005
6157,0.017217734210400962
6158,0.06421460600893264
6159,0.16499086083926753
6160,0.16243184613553543
6161,0.02642966877316638
6162,0.0733603974498258
6163,0.023165795484449074
6164,0.15246014251928902
6165,0.020015098106379327
6166,0.017568724589874386
6167,0.08099535820367323
6168,0.069680931147358
6169,0.15902324113678226
6170,0.053208987475963726
6171,0.05828731751551658
6172,0.053426313061052555
6173,0.010885416787499384
6174,0.029491844465168508
6175,0.03145701973800624
6176,0.07744801065838874
6177,0.030444180304998986
6178,0.06002464079454072
6179,0.020464823923322023
6180,0.08709923795574487
6181,0.0462817174867577
6182,0.03953879425458709
6183,0.07672418203069808
6184,0.11357311964877113
6185,0.08646446414811149
6186,0.09589380730511379
6187,0.019611697965008792
6188,0.1138235938189518
6189,0.013070907372714201
6190,0.09712980729703492
6191,0.03474930566098696
6192,0.10340217869706267
6193,0.030946521275982776
6194,0.14639263587593923
6195,0.017390094460650526
6196,0.01791180790981331
6197,0.013301251918556089
6198,0.10324949113977797
6199,0.34074066571619654
6200,0.014959922426668512
6201,0.012704111240829027
6202,0.011954861778847713
6203,0.024708736596856323
6204,0.026084004466017302
6205,0.07475669660629673
6206,0.03757200307129999
6207,0.02446152135716581
6208,0.021245241930541555
6209,0.046138551845024314
6210,0.11647886789569102
6211,0.03310277148258924
6212,0.015285559428715647
6213,0.08652503022392158
6214,0.018180838105298983
6215,0.06183738553984997
6216,0.23463714450843332
6217,0.06987932801839472
6218,0.025111321453189613
6219,0.045076960730002835
6220,0.1268774082205255
6221,0.03499185024809799
6222,0.03570072877426489
6223,0.033483681982757835
6224,0.0471893689312425
6225,0.030674067069012368
6226,0.13362002919832636
6227,0.0574599829620638
6228,0.10228623143159207
6229,0.016010711328580885
6230,0.01165725446501968
6231,0.036850959259364414
6232,0.22266816376563445
6233,0.0306784980554526
6234,0.08697785591212985
6235,0.019511159245335565
6236,0.06891900292076375
6237,0.02864397302792803
6238,0.02192926456733996
6239,0.4712767869703768
6240,0.05273495640987719
6241,0.12531955529680927
6242,0.03652384790389906
6243,0.046067326586579506
6244,0.037246006567498054
6245,0.01873025016917145
6246,0.022899014127570193
6247,0.27567426452025345
6248,0.09938367897090572
6249,0.025862682456632986
6250,0.031433849203446884
6251,0.04510988099395062
6252,0.026846910898218036
6253,0.2816430504655525
6254,0.30685552413952943
6255,0.04818848338963541
6256,0.029521936677501755
6257,0.033371915834823816
6258,0.040246641549998165
6259,0.03436237342328219
6260,0.10260259226834265
6261,0.018612933625608626
6262,0.06900793960772306
6263,0.04735684674845147
6264,0.05735054702798248
6265,0.5059069533592372
6266,0.03235740201974649
6267,0.062328796095381285
6268,0.023426858504232657
6269,0.19211177141627153
6270,0.014611375910958523
6271,0.12157233918161893
6272,0.06403911784090718
6273,0.30037914098223734
6274,0.12314348153754004
6275,0.019667311225316182
6276,0.09452565100116517
6277,0.05192530436314505
6278,0.08656294684613902
6279,0.06376363321032251
6280,0.0288514201400486
6281,0.03783570778782963
6282,0.019902897540014595
6283,0.10471245672015439
6284,0.045059035615225895
6285,0.013821399584005674
6286,0.06577261043151819
6287,0.15061278081477453
6288,0.049569934823730816
6289,0.03491553724220125
6290,0.02477298765421539
6291,0.04297558476530469
6292,0.1793206338806727
6293,0.03000540581748393
6294,0.07919820616403705
6295,0.026618034277448247
6296,0.050270400589142984
6297,0.025185723304145785
6298,0.05910165045083719
6299,0.16879278384433993
6300,0.06455058577515838
6301,0.03635885742763411
6302,0.04274542846512009
6303,0.039062667330368915
6304,0.09369971626404044
6305,0.02339546784600787
6306,0.015125925871650882
6307,0.03467352341173011
6308,0.128722674842436
6309,0.015820417021650393
6310,0.0541976664746899
6311,0.04042151514748198
6312,0.020524834175644942
6313,0.01064392724594381
6314,0.058170755688146385
6315,0.04306308590681453
6316,0.06571250689149605
6317,0.029813765548244504
6318,0.058204750309726966
6319,0.053769693027082205
6320,0.08873433506092812
6321,0.2709079776144835
6322,0.059653917545319346
6323,0.10539145834398053
6324,0.032917098968004224
6325,0.3711965967934209
6326,0.5966353855872998
6327,0.02046234792345875
6328,0.10942080998564299
6329,0.09108790883196952
6330,0.04285335759500048
6331,0.02861807426387953
6332,0.06586128791293616
6333,0.08701669720554187
6334,0.02025780636287467
6335,0.0763979964934098
6336,0.018540235711099053
6337,0.0727464550221101
6338,0.05267449714381326
6339,0.1497605967467835
6340,0.06346514586421695
6341,0.1408409674727264
6342,0.016795311353422694
6343,0.06173524558939481
6344,0.10266017463098641
6345,0.05410829592005113
6346,0.04725820600676203
6347,0.10456817092112265
6348,0.031656083011245006
6349,0.03523560699220357
6350,0.03862853988826132
6351,0.03862501524831991
6352,0.736367907137381
6353,0.20195664483323714
6354,0.019447811796864882
6355,0.012474738865178747
6356,0.07588559054981524
6357,0.03758097870841089
6358,0.035309366512294306
6359,0.15253386578801706
6360,0.10100699516115706
6361,0.15846788716426455
6362,0.029161449917044387
6363,0.017902503101506356
6364,0.05293474298348964
6365,0.13818726284360827
6366,0.17864112214739203
6367,0.010858310955206844
6368,0.045980064985551086
6369,0.04048555341334463
6370,0.09319152954891985
6371,0.025097198864377213
6372,0.05874592103135644
6373,0.07140771120178424
6374,0.019414606849992758
6375,0.011572778080976929
6376,0.16769964222784725
6377,0.05785568544504174
6378,0.19161329822350268
6379,0.03883200543471482
6380,0.14821763479108319
6381,0.14630738102700475
6382,0.07281046333928813
6383,0.09995563102736937
6384,0.022974072797750433
6385,0.01775618924342935
6386,0.028238797037360163
6387,0.012783105867582328
6388,0.03786094424185322
6389,0.04779283795852304
6390,0.013834924066604205
6391,0.12978349505709838
6392,0.03560328716239823
6393,0.081751681317905
6394,0.0326381595324126
6395,0.018722865475242524
6396,0.09420859646930357
6397,0.025465409449540753
6398,0.01939753602734078
6399,0.04540912255500892
6400,0.015071770013490927
6401,0.04938555850529369
6402,0.03817548629197021
6403,0.02379726195744429
6404,0.05104819371482491
6405,0.05149321733576115
6406,0.0353615838802937
6407,0.03368100221802123
6408,0.08312396311373725
6409,0.07122047984061664
6410,0.06544019841829175
6411,0.05741668968683493
6412,0.12612111528803838
6413,0.03157549234018377
6414,0.04820388689200049
6415,0.039517501327104264
6416,0.031232232311601528
6417,0.10805858776081098
6418,0.19142578528572332
6419,0.029911334707107773
6420,0.09305941504881465
6421,0.21327970173785604
6422,0.031045596424359813
6423,0.10562374461247763
6424,0.22211120801165957
6425,0.02884906127781709
6426,0.033744273922594714
6427,0.3125598348340676
6428,0.027121831366898462
6429,0.021163850827913826
6430,0.07736256145361176
6431,0.06304904358157135
6432,0.020377540604505563
6433,0.014017493162352068
6434,0.14307242183188162
6435,0.02482619918389417
6436,0.02616888984714671
6437,0.10461994826114035
6438,0.030716747067530435
6439,0.010100930115577843
6440,0.09247841571147822
6441,0.2307793698756217
6442,0.061869715273819265
6443,0.1352977526525239
6444,0.08473839298254301
6445,0.04371723255178922
6446,0.01457975890255719
6447,0.03797756870233036
6448,0.35700855664243963
6449,0.07790077006208738
6450,0.015474805252045972
6451,0.02726859134037076
6452,0.02320820223059925
6453,0.03707458580693566
6454,0.039703532184874116
6455,0.0421822671365779
6456,0.03434663603749723
6457,0.05539730607543424
6458,0.05704448085476939
6459,0.03156621170423851
6460,0.027652920196918198
6461,0.017152445341997485
6462,0.0623084796728598
6463,0.0982274381355334
6464,0.01660882760806935
6465,0.10556264913529427
6466,0.015123524001360019
6467,0.2014765092631009
6468,0.06399029459282288
6469,0.06942682458440706
6470,0.019545675583414284
6471,0.12694058283707474
6472,0.07803802928611525
6473,0.08223516636497723
6474,0.04612050473316286
6475,0.20026227149965894
6476,0.0877368270090523
6477,0.018791015030870988
6478,0.0521858103545918
6479,0.04161484071024373
6480,0.08072411823072512
6481,0.06312583415958974
6482,0.29688042821418337
6483,0.028373665837645053
6484,0.026476581252172046
6485,0.18664627556357422
6486,0.011164826142376308
6487,0.030932200538800223
6488,0.02660210817486601
6489,0.12746080427453382
6490,0.055522026552140676
6491,0.02585163434043123
6492,0.0337763117777846
6493,0.013081895109786777
6494,0.1664329986191822
6495,0.013026870451945147
6496,0.024535470743071414
6497,0.05605298244251675
6498,0.26602124388941595
6499,0.03317406757868071
6500,0.030439908671336953
6501,0.07912169502007763
6502,0.09025915539902252
6503,0.04795196570076464
6504,0.09970315267649277
6505,0.05482429021685342
6506,0.052723987612651235
6507,0.02733139468933179
6508,0.056256700048854566
6509,0.10208363499558826
6510,0.026847494319346056
6511,0.0369593096693867
6512,0.03610845310815172
6513,0.12495022635903487
6514,0.11349740954794296
6515,0.0437153207122304
6516,0.31579109646937764
6517,0.018620114562646024
6518,0.03198346103453023
6519,0.019236133958382903
6520,0.05110836103225555
6521,0.11589917558315596
6522,0.014270254106192613
6523,0.029614415224774666
6524,0.06001187570931367
6525,0.020035804528726962
6526,0.03315965269902423
6527,0.061080383046979575
6528,0.19873173042432288
6529,0.03446130957113841
6530,0.01934356951936145
6531,0.09728144642481007
6532,0.20763026859131034
6533,0.014375433288700034
6534,0.1102812632957593
6535,0.02756168070275371
6536,0.0850514297433235
6537,0.03199083125202001
6538,0.02601386298641314
6539,0.04924741053882952
6540,0.014404344191882572
6541,0.10800301947585658
6542,0.036333646659289946
6543,0.17549790344218733
6544,0.03486755645663225
6545,0.05555761277839796
6546,0.06409043164321623
6547,0.03196884356965337
6548,0.03040507472905029
6549,0.04090149417799615
6550,0.016855401009839826
6551,0.032992123062944315
6552,0.018782218388156628
6553,0.0696628979369214
6554,0.07504926628371537
6555,0.029784636189135606
6556,0.06332763894046389
6557,0.020747500869786033
6558,0.038012439158726034
6559,0.09137863012893267
6560,0.07660803378533135
6561,0.05074838949629622
6562,0.043014977789125546
6563,0.22442534940987052
6564,0.0374036937527305
6565,0.09314078529992845
6566,0.07153553194700114
6567,0.026903812221458694
6568,0.047217748613816724
6569,0.021537800661060067
6570,0.07228950916004571
6571,0.07818242273097148
6572,0.10164842914856946
6573,0.019712315077486896
6574,0.016439464201158077
6575,0.03702373358679768
6576,0.23176990983854415
6577,0.022566322567207635
6578,0.018334396705124673
6579,0.032154315159589844
6580,0.018882635914103215
6581,0.04401342821672445
6582,0.016331193469244474
6583,0.13142771911845708
6584,0.0698853898124491
6585,0.015167578622268016
6586,0.03320648738894272
6587,0.06306544358117148
6588,0.024358725313373478
6589,0.016546297787466066
6590,0.04842416467242978
6591,0.02001706640912851
6592,0.09449214498077313
6593,0.02791607751937352
6594,0.07163015914455864
6595,0.10381571472150883
6596,0.06395040046011945
6597,0.12512742490984718
6598,0.07591578700444834
6599,0.020406201638156825
6600,0.12015059728681032
6601,0.16213910436787998
6602,0.09866176428444962
6603,0.4571450348705162
6604,0.03080334468576812
6605,0.09332521809185139
6606,0.028784802587011014
6607,0.03316571157412377
6608,0.01456730920774629
6609,0.026554959493704237
6610,0.04038294945824676
6611,0.03575695058222013
6612,0.05522725900272305
6613,0.01418167958941133
6614,0.04959641648230454
6615,0.17905266770470535
6616,0.1678183642874672
6617,0.025887650960552917
6618,0.11841154434262001
6619,0.05051126842726372
6620,0.041992902277830466
6621,0.013288313844281524
6622,0.03316862970648103
6623,0.17063242996881847
6624,0.16249006277541295
6625,0.01684188186566917
6626,0.0583717934853631
6627,0.033268884844571106
6628,0.16747392859419247
6629,0.033821466709990894
6630,0.04555554691955084
6631,0.021324824291970117
6632,0.0868040367992397
6633,0.017427665268371622
6634,0.25553819094468705
6635,0.025369345658847568
6636,0.0470463422208867
6637,0.0545191803119335
6638,0.07728916907054717
6639,0.03425258731944439
6640,0.05825658155823672
6641,0.08757385894648757
6642,0.0712782585614603
6643,0.05155201353542903
6644,0.02872727218435492
6645,0.02535919419831204
6646,0.021261063877019315
6647,0.056180573322122423
6648,0.03874759718627849
6649,0.024498116951613465
6650,0.015719487004978484
6651,0.012544255632509202
6652,0.30439175506280114
6653,0.07284159411124344
6654,0.027129219439337434
6655,0.021101183644291345
6656,0.08709285832467759
6657,0.03644269344843651
6658,0.06893928654261053
6659,0.05950294844678748
6660,0.026026589440586598
6661,0.008489497597679769
6662,0.30859393162785925
6663,0.028907979990280237
6664,0.06442419554192823
6665,0.014692234661802618
6666,0.062000366270914695
6667,0.09028770707696256
6668,0.01862705080129052
6669,0.05213058097578058
6670,0.19299476244278607
6671,0.087900397093781
6672,0.07799211322638373
6673,0.01945463289683705
6674,0.014939451717102425
6675,0.6480553312279089
6676,0.009889935407729807
6677,0.012186211904840788
6678,0.1565935662867747
6679,0.05971685042434138
6680,0.03702443873994329
6681,0.1987409695901335
6682,0.07273648918265749
6683,0.022247815550099734
6684,0.02564411721481131
6685,0.04562361151560947
6686,0.013957459135367155
6687,0.05671343812024303
6688,0.042140973651793985
6689,0.03283444329548946
6690,0.025051098993686727
6691,0.16793174615994527
6692,0.024413850434668212
6693,0.03361114224178687
6694,0.018171808430817595
6695,0.04573993323068409
6696,0.017345026008863992
6697,0.06274152399088381
6698,0.01640967630520618
6699,0.03620841274980352
6700,0.1222259937497314
6701,0.02591277253559744
6702,0.5231749444010071
6703,0.032950353682938714
6704,0.04075781811290932
6705,0.082003310355473
6706,0.10657682297123927
6707,0.19000240976279006
6708,0.05113936694762893
6709,0.15645076841442035
6710,0.12547242728968072
6711,0.03247319463447788
6712,0.07308550021129967
6713,0.12390708727790786
6714,0.02118956075529616
6715,0.011396755601116016
6716,0.04239164573436349
6717,0.020098654681138722
6718,0.046103126843856396
6719,0.07186376852296855
6720,0.0641498556936331
6721,0.058411525848952435
6722,0.04456993453056198
6723,0.027271266799027326
6724,0.04347309851486378
6725,0.08541989114163599
6726,0.1709619101712529
6727,0.020729189559774527
6728,0.044931934545728226
6729,0.12778572385188225
6730,0.06540779188801239
6731,0.055938543821758745
6732,0.06518861892790827
6733,0.08881826489820295
6734,0.009903958699680634
6735,0.017877699818160273
6736,0.14698336874326584
6737,0.019578907551508595
6738,0.02101177350595311
6739,0.027050016459756836
6740,0.12630746799900963
6741,0.027289556199380602
6742,0.17105067040896996
6743,0.023234174469135352
6744,0.12880118760695267
6745,0.025694593139395823
6746,0.04429994630971082
6747,0.014676876408820875
6748,0.10707300569468138
6749,0.03250275885371417
6750,0.10712444369510299
6751,0.03410290681194269
6752,0.02633455899203969
6753,0.03814065582812043
6754,0.01413304675031923
6755,0.019526011331311578
6756,0.1512671711417872
6757,0.12667548416795923
6758,0.12824014738592387
6759,0.021948928967208486
6760,0.014051204199334706
6761,0.03641368302718123
6762,0.14475429031395495
6763,0.025857347934089094
6764,0.022450725566736336
6765,0.05005052553361427
6766,0.021002286515295614
6767,0.022229604831853347
6768,0.012370720732206268
6769,0.01586025303861696
6770,0.1064347873765118
6771,0.029167906305702745
6772,0.08703518012795874
6773,0.05081266772300678
6774,0.10791450313189312
6775,0.020024355525242957
6776,0.03376096726056419
6777,0.014118653391392672
6778,0.027090049838107536
6779,0.07041394298447994
6780,0.08876516529175209
6781,0.040596130114122816
6782,0.031483678099882784
6783,0.010820312503554247
6784,0.12619072282029706
6785,0.07794603810854148
6786,0.010236712597060958
6787,0.011704857854652351
6788,0.19054048481374342
6789,0.05474889463056805
6790,0.18315848449827016
6791,0.024167143935800994
6792,0.008684317003381497
6793,0.02956184854477996
6794,0.014622546779514451
6795,0.11717235807863881
6796,0.01283024508798464
6797,0.3348588508078012
6798,0.01456099937343245
6799,0.09535068561937071
6800,0.01931535018499131
6801,0.04716023991043713
6802,0.03737607329140894
6803,0.04946604856568177
6804,0.023636535679644174
6805,0.2048218744473776
6806,0.09303307333785582
6807,0.010341857089816782
6808,0.020177731628065222
6809,0.026743653322004825
6810,0.05329154359901033
6811,0.022746920476662196
6812,0.14589462276801457
6813,0.04898406783229817
6814,0.06765498161258827
6815,0.07532147578949967
6816,0.041115584490786186
6817,0.06679539454409612
6818,0.1518054537608004
6819,0.019470346340316934
6820,0.01900701407897711
6821,0.08630698353104217
6822,0.05648802493854922
6823,0.04880899174002366
6824,0.13149818903270913
6825,0.11026261308828425
6826,0.07998714548135626
6827,0.051308334828973706
6828,0.12004757248989395
6829,0.08048321092377522
6830,0.07822729360075009
6831,0.06201562586961078
6832,0.0545648628707847
6833,0.07657658657797638
6834,0.1317516170519683
6835,0.023040470109004386
6836,0.021325150237180176
6837,0.057568706410522
6838,0.03749221026769647
6839,0.08423612102470612
6840,0.02164798138696035
6841,0.257763673668425
6842,0.015208813928622911
6843,0.15939800210557378
6844,0.028753640430641846
6845,0.0776848796012427
6846,0.02238826344529881
6847,0.10048984877805901
6848,0.030448303931977186
6849,0.09330454076553782
6850,0.022533370043122194
6851,0.11604355529626117
6852,0.0372884463516287
6853,0.09561437349075926
6854,0.13442241239255154
6855,0.014956012880843288
6856,0.060098119062961544
6857,0.20109802605249125
6858,0.04403241159548289
6859,0.044404613986308725
6860,0.037057407290250255
6861,0.008803610329203487
6862,0.032171362524761535
6863,0.06270509609476149
6864,0.020943857345908565
6865,0.03745938773182697
6866,0.033496077398278146
6867,0.30152918190264155
6868,0.060997289447258816
6869,0.030316613065761167
6870,0.04497961645515974
6871,0.03050136948074046
6872,0.15467580589334556
6873,0.03281662409642521
6874,0.02598923065836632
6875,0.028473893015267024
6876,0.02667143219281924
6877,0.24359118663500273
6878,0.018552371033627255
6879,0.10134986747220937
6880,0.019738773902777236
6881,0.03056066835896949
6882,0.009397110357125397
6883,0.025523484381848677
6884,0.1129959680932521
6885,0.060593566453760454
6886,0.10176475481334857
6887,0.14504631637049775
6888,0.057964421728181906
6889,0.07176739537557639
6890,0.02532281216009642
6891,0.12046459402123333
6892,0.025159733287850868
6893,0.06963417524769921
6894,0.689974304964612
6895,0.8261396069159983
6896,0.19247799748183148
6897,0.023200923005982317
6898,0.014214414951009034
6899,0.10796841992378112
6900,0.028238726300330586
6901,0.02758833672025634
6902,0.03768016253596744
6903,0.031247306696824892
6904,0.05687606756141808
6905,0.0322153025323
6906,0.03641991331030815
6907,0.08477342847445973
6908,0.015037761422534707
6909,0.13646822591060265
6910,0.023832697861516518
6911,0.04784888142507735
6912,0.15095801389089084
6913,0.07653267670069482
6914,0.0725550922245413
6915,0.03058511436544009
6916,0.2007876112117822
6917,0.017864319528829133
6918,0.04053102844658594
6919,0.06595972302844555
6920,0.0351905154179365
6921,0.02728922651277408
6922,0.03956349661428214
6923,0.04032967190096653
6924,0.012453449939470066
6925,0.03521705001302757
6926,0.042805366860354514
6927,0.021178249361132225
6928,0.0206916832023027
6929,0.1535680630419941
6930,0.02029523699835961
6931,0.016455526948163643
6932,0.022606656285335106
6933,0.02038857224734968
6934,0.03194225645378038
6935,0.00973473845341781
6936,0.03351939140040792
6937,0.043610432198856325
6938,0.0697504729097039
6939,0.04223200001189558
6940,0.018544816662125423
6941,0.04573145180121538
6942,0.01895775143506458
6943,0.12393887164213317
6944,0.03781852725915181
6945,0.13582264772189565
6946,0.1591410838544839
6947,0.061657510773912724
6948,0.16532315165864903
6949,0.031571384429599475
6950,0.0733381545450938
6951,0.057464192375020755
6952,0.02604301299608136
6953,0.019644696299781404
6954,0.038082130372474474
6955,0.0455856799836625
6956,0.05448297104076313
6957,0.038574690420182974
6958,0.10228646708144931
6959,0.0537095812240722
6960,0.05581027378730792
6961,0.075274461216878
6962,0.04549838148618521
6963,0.04233687500789811
6964,0.05621119560690763
6965,0.0993557206108417
6966,0.015036880276183034
6967,0.010374700690738219
6968,0.019143973351394315
6969,0.13104002635941772
6970,0.01930784981466102
6971,0.06039439951728896
6972,0.08470349376354687
6973,0.03608485100574063
6974,0.11943796439998375
6975,0.021503532684855598
6976,0.04437080289799949
6977,0.1877769514703348
6978,0.04750934170562411
6979,0.024247268885543922
6980,0.04014853132099538
6981,0.019544931999591755
6982,0.02978301632630105
6983,0.03095757551374962
6984,0.14736149618747438
6985,0.055310756873411165
6986,0.028900463145615226
6987,0.07989574345969559
6988,0.020915434974535782
6989,0.6839612052125305
6990,0.0577026365011381
6991,0.03543895571296545
6992,0.02906270640616453
6993,0.06647737153611498
6994,0.14510825077815265
6995,0.02213629482995656
6996,0.201240626317145
6997,0.24957705679475775
6998,0.019566064128195948
6999,0.01663739930496824
7000,0.013602111274172757
7001,0.23140013275701413
7002,0.11399962234605861
7003,0.05625029653711455
7004,0.07547677619139917
7005,0.07242505665002996
7006,0.08833544996810803
7007,0.06425404556901931
7008,0.008364958425078334
7009,0.0866746190206524
7010,0.09651627037776685
7011,0.17611936682754306
7012,0.052905060645039796
7013,0.027007013932113175
7014,0.28367099523541794
7015,0.01361118200970753
7016,0.052082999614542325
7017,0.05608366791310457
7018,0.08953479956489493
7019,0.022545939585093162
7020,0.1809350790823792
7021,0.02301897492392658
7022,0.06295548031227949
7023,0.02364730768551374
7024,0.06406692467453592
7025,0.0974226971311655
7026,0.031239157808802674
7027,0.022302261642165137
7028,0.1881358166072467
7029,0.08541728513935389
7030,0.045786421264717686
7031,0.05538627342134264
7032,0.10150277697812782
7033,0.01119656367273807
7034,0.12453413226046824
7035,0.05183330233912649
7036,0.05963251411673675
7037,0.03444542499284716
7038,0.08658105532647026
7039,0.02605652225400466
7040,0.053700502738093514
7041,0.22595389664209903
7042,0.04737495919515555
7043,0.08010182263109006
7044,0.011740766512802871
7045,0.023389849922475836
7046,0.021682543300623556
7047,0.03569569829552321
7048,0.03791831058658339
7049,0.40109904561506127
7050,0.03549104106162583
7051,0.1908557440242069
7052,0.03152329676529119
7053,0.033343977938198426
7054,0.03900889812566875
7055,0.04177989805537869
7056,0.07278897194915981
7057,0.025090805012341438
7058,0.07312574051315102
7059,0.059443260615159886
7060,0.031088969617981903
7061,0.03200931690284845
7062,0.17565052375292167
7063,0.4291233094758105
7064,0.019352752021136913
7065,0.015127504876667253
7066,0.01571652090155499
7067,0.01932441535407185
7068,0.08818538389288524
7069,0.08216652328242938
7070,0.10548777010254896
7071,0.024141562132910785
7072,0.019601548741589554
7073,0.04940757382956578
7074,0.03110518969336397
7075,0.029446517527169418
7076,0.013472456959633493
7077,0.037646908265990923
7078,0.024434941226621053
7079,0.010243343780932807
7080,0.06586106232737018
7081,0.04317643218247245
7082,0.13242517931552905
7083,0.021493253568045573
7084,0.07092909383035778
7085,0.027149695932759756
7086,0.020441960296414034
7087,0.051605272415715005
7088,0.05497969324487553
7089,0.027098104668371623
7090,0.02876505689508337
7091,0.32707767590886405
7092,0.11669325449181163
7093,0.08118770658547345
7094,0.08501490935528906
7095,0.13915633025775875
7096,0.018672030032188862
7097,0.04291495880976603
7098,0.04091816546901802
7099,0.05480645587096545
7100,0.049486471134164545
7101,0.1351063511079587
7102,0.1186137093518208
7103,0.043862131076179985
7104,0.06986223002589972
7105,0.048067680178295547
7106,0.5259490430683065
7107,0.027767468194107525
7108,0.047555910158677675
7109,0.02298350343792712
7110,0.041833732669392935
7111,0.03693784747898872
7112,0.03079206649195746
7113,0.02923398842685554
7114,0.022275939566818108
7115,0.015697920072751524
7116,0.127823496143121
7117,0.015684840848712966
7118,0.07415051687040392
7119,0.04811187725243214
7120,0.023263503739266715
7121,0.027344577862582393
7122,0.027903170387236272
7123,0.07472986616645494
7124,0.02913315512417001
7125,0.01530622996222995
7126,0.022319767048589387
7127,0.043738853752204224
7128,0.0600138997449063
7129,0.0497522011629855
7130,0.023249737088608488
7131,0.03769570186150069
7132,0.1979919332241109
7133,0.17643600762337952
7134,0.011300193840715024
7135,0.020512201577194376
7136,0.01656270439648448
7137,0.0879070351867806
7138,0.07547844125815663
7139,0.027428953412193535
7140,0.022758715344768077
7141,0.03512779740731105
7142,0.024337335197956205
7143,0.04449806167017224
7144,0.013978254946574238
7145,0.22361141815614677
7146,0.05113671902107323
7147,0.04862548448224351
7148,0.09547512666964666
7149,0.40218285863360426
7150,0.17804790350551636
7151,0.009480113082522572
7152,0.05816057756482363
7153,0.0359095194671457
7154,0.12385969686875904
7155,0.024117472801429507
7156,0.014690604396125143
7157,0.021640986597260017
7158,0.03221838157484806
7159,0.015092566176500613
7160,0.028474400178541418
7161,0.0834333730146424
7162,0.011194071076906821
7163,0.029531616714402534
7164,0.15958829204361702
7165,0.05566634776770868
7166,0.011768290382718379
7167,0.041773170706347944
7168,0.021969042740469697
7169,0.02288306378213441
7170,0.17943809733682026
7171,0.0756189060185931
7172,0.05086247855910866
7173,0.012014487688438113
7174,0.08927777544643174
7175,0.032391041085323875
7176,0.36144817485812925
7177,0.08476429351068399
7178,0.09624801872663016
7179,0.07402685690920117
7180,0.02324273691743057
7181,0.03198367394379297
7182,0.06083647438076058
7183,0.020520909504403835
7184,0.02024123612390372
7185,0.05545361169352524
7186,0.031938659956228396
7187,0.07541666268306557
7188,0.04237023452651443
7189,0.027943571101819546
7190,0.059206366569019245
7191,0.015482223020938053
7192,0.043832531937862296
7193,0.05253954227028566
7194,0.10518127612200158
7195,0.09472639980543862
7196,0.03040715046806859
7197,0.05858926014790944
7198,0.047811368006069846
7199,0.025893937736341882
7200,0.021607637147599734
7201,0.01151101133292232
7202,0.05686486745775932
7203,0.015126456142296544
7204,0.024930832490295568
7205,0.15108077198844205
7206,0.016701134510763382
7207,0.02718664386777138
7208,0.04152751266457355
7209,0.03409265529077819
7210,0.0341062821554988
7211,0.015649475113315346
7212,0.04440806083801962
7213,0.0701749980101338
7214,0.0226634968226649
7215,0.03378927496613503
7216,0.061691157434168246
7217,0.01945329954113025
7218,0.03947920866396235
7219,0.17971893713726306
7220,0.021538508535531554
7221,0.019318434693581733
7222,0.01800661133041797
7223,0.087359720408303
7224,0.05904039795518497
7225,0.08535070157024711
7226,0.01150884828457152
7227,0.03596298957310088
7228,0.12491140373281158
7229,0.04656175459376295
7230,0.16304153755573653
7231,0.009592285178922284
7232,0.13258628359060604
7233,0.0910286101190281
7234,0.10124368652737462
7235,0.03714235133292779
7236,0.09202256968499725
7237,0.40283947743849136
7238,0.1054613985215267
7239,0.03990946707023915
7240,0.04160116577839331
7241,0.029062775017344382
7242,0.356652738198993
7243,0.06094889997381116
7244,0.01755683095173125
7245,0.1480184911282032
7246,0.03232431345719187
7247,0.017349999729716004
7248,0.010174015179464372
7249,0.041337119160996486
7250,0.04993244617544364
7251,0.035315908988819575
7252,0.022968292072443205
7253,0.07703792365086927
7254,0.017883767132984826
7255,0.029447897741383088
7256,0.057735468446064746
7257,0.10773399637287773
7258,0.04013032012559356
7259,0.0918525960139128
7260,0.1072234080047291
7261,0.033368112651183654
7262,0.04506601865810849
7263,0.25620006261801376
7264,0.03362265503970088
7265,0.16230890544325693
7266,0.08232787628154335
7267,0.2051822278268099
7268,0.08365331315163627
7269,0.0852723321066138
7270,0.023074625637680965
7271,0.020718025471446893
7272,0.11191354705960546
7273,0.02599610819186403
7274,0.033515268421462824
7275,0.008449957925417573
7276,0.04013840892160407
7277,0.38559028631311665
7278,0.044064714792756844
7279,0.026314759594551103
7280,0.21379017272667283
7281,0.029438429898004916
7282,0.07311692945221643
7283,0.15754602060593373
7284,0.027085440600926373
7285,0.03793719487713933
7286,0.03118077559277919
7287,0.06826705970351495
7288,0.03271746626482943
7289,0.053062219922501555
7290,0.14905104472725272
7291,0.04807989026948673
7292,0.03192110958531298
7293,0.01119377461758211
7294,0.1985009013239349
7295,0.0868585118463011
7296,0.037316239202033995
7297,0.04280342294152814
7298,0.0448372880747103
7299,0.02985446763095219
7300,0.054445325721406104
7301,0.04948167498770749
7302,0.05353298800914344
7303,0.05345350422189786
7304,0.12936443225321798
7305,0.024842098350238016
7306,0.024402926332117533
7307,0.03793074750698855
7308,0.012580355460852673
7309,0.09914528586665762
7310,0.03743893091452735
7311,0.020751613356694145
7312,0.07206585214354375
7313,0.05122568799116971
7314,0.4102477955295731
7315,0.0681803668092037
7316,0.021098334817449174
7317,0.03247443577788238
7318,0.07950806193824579
7319,0.07779668390469507
7320,0.013628322855653801
7321,0.12837824965522937
7322,0.12266388341715533
7323,0.06566713786813325
7324,0.03400373893096545
7325,0.0513310167980654
7326,0.1026352924015288
7327,0.03596385434553304
7328,0.07521161425263484
7329,0.029279051883688078
7330,0.030038541561187123
7331,0.057908240411795806
7332,0.13984162700769534
7333,0.11751175512346149
7334,0.022094286625138786
7335,0.03138549686633469
7336,0.026191329107377356
7337,0.05273693359230558
7338,0.09142780511105855
7339,0.015845924936130747
7340,0.13980466404552905
7341,0.09407416901726942
7342,0.27735990707041
7343,0.04805694625644473
7344,0.037780827876390276
7345,0.027648146260020472
7346,0.052440870048723005
7347,0.04980521170637628
7348,0.07197129493030134
7349,0.02725149248161646
7350,0.08418092518991671
7351,0.14796895734729784
7352,0.0607987206441256
7353,0.038329069680445096
7354,0.08216634715306805
7355,0.02018615754167204
7356,0.1369769071538491
7357,0.012816649015109878
7358,0.05254207267416555
7359,0.055786050144059206
7360,0.02308070743685332
7361,0.01353167286502347
7362,0.026914342798452742
7363,0.03150801128868872
7364,0.09001574052621614
7365,0.03448981276411881
7366,0.04626659651468627
7367,0.05625222432036788
7368,0.03770168732968091
7369,0.07031400166664953
7370,0.027854988477391596
7371,0.04173944910389383
7372,0.06957067981325885
7373,0.028919947713507303
7374,0.1000609453882296
7375,0.05125895207896528
7376,0.10772728934766067
7377,0.18227829735500745
7378,0.08242657789356768
7379,0.07502770714200435
7380,0.0268130873823837
7381,0.03856349008844139
7382,0.01485736660488591
7383,0.027077983147172708
7384,0.011370694781922677
7385,0.11743970785742508
7386,0.033634825664945404
7387,0.12290690776208982
7388,0.02717917284306299
7389,0.03616939527480614
7390,0.0826239796266127
7391,0.026687495615490057
7392,0.04558559617837048
7393,0.05773115417026098
7394,0.018301805441539143
7395,0.10449733033314375
7396,0.03905193300221679
7397,0.08461643145880446
7398,0.27467812531282837
7399,0.014641891233840427
7400,0.011284071133124062
7401,0.014595923133106176
7402,0.04896884803617644
7403,0.025626264439463375
7404,0.022546332657617588
7405,0.02126784843820305
7406,0.06858886832694644
7407,0.07878942386704263
7408,0.010467834656745159
7409,0.011364693476562503
7410,0.10823075142617924
7411,0.03798944293095475
7412,0.8634919787281793
7413,0.044556586680025406
7414,0.075561399059908
7415,0.01582869194165166
7416,0.050285288319824886
7417,0.0279765004369308
7418,0.23521186750886194
7419,0.016115613639770137
7420,0.09139053607329181
7421,0.027366433101878234
7422,0.10071443491018285
7423,0.025888031056542353
7424,0.11614764942986402
7425,0.1615200364721966
7426,0.007919761939369392
7427,0.04340021351152133
7428,0.015638765727262135
7429,0.018735566179268196
7430,0.014851591848500016
7431,0.0475045039390717
7432,0.14161396826289768
7433,0.05335769671704342
7434,0.1038186888931964
7435,0.08005046414953848
7436,0.012044320436600987
7437,0.04213157192788969
7438,0.054379156637663746
7439,0.03881479714108047
7440,0.2801352054340488
7441,0.027840847966583336
7442,0.23097786138631735
7443,0.022891940975572584
7444,0.012366218143064616
7445,0.03573916800225646
7446,0.028959447840687887
7447,0.016386209232279132
7448,0.04423867633728266
7449,0.1316098475628099
7450,0.014900795468168127
7451,0.11439524355661282
7452,0.03251954818519987
7453,0.03018475505333936
7454,0.05120662936565157
7455,0.11842256047603421
7456,0.014106015987742802
7457,0.03943325481690384
7458,0.027147133139116715
7459,0.05730082336091741
7460,0.28814254435427616
7461,0.05283098898885394
7462,0.034033299336624315
7463,0.023110281604469627
7464,0.12893796489560008
7465,0.02655089426115887
7466,0.031048647746196662
7467,0.03620322148254909
7468,0.15395097206793765
7469,0.08868766843162143
7470,0.16160451900259873
7471,0.0295016935477986
7472,0.07487856932287465
7473,0.023869221794929434
7474,0.08304439345069516
7475,0.026403839072440555
7476,0.150630371211589
7477,0.029846147742392352
7478,0.026791273187854944
7479,0.017478208156528
7480,0.01660108018927177
7481,0.04085650609604649
7482,0.12870916596910037
7483,0.13234400096981347
7484,0.03095965918348488
7485,0.029858610800324224
7486,0.027061917512770525
7487,0.0680714559566249
7488,0.02046245579780556
7489,0.013065067268365496
7490,0.03823484861695494
7491,0.05133475425685037
7492,0.04034387073963368
7493,0.027059582202932534
7494,0.013457852744246957
7495,0.01722316717946535
7496,0.030079760862760634
7497,0.008860672209072263
7498,0.12471661671148085
7499,0.019985259616233098
7500,0.16991728154821004
7501,0.03867147008377293
7502,0.021599643043717063
7503,0.038522006730651204
7504,0.10720851602315565
7505,0.037613251996960875
7506,0.04325480020394964
7507,0.016835984020275876
7508,0.04678183569569244
7509,0.02190609606955591
7510,0.06927906567752515
7511,0.013120569561618025
7512,0.016724000315282532
7513,0.09756769460745812
7514,0.148877411231559
7515,0.03857726406921627
7516,0.06349151355796012
7517,0.14087015970424402
7518,0.12059313568567227
7519,0.07860892691413093
7520,0.12574466830795103
7521,0.028197044012169808
7522,0.03372004834089419
7523,0.018335169211992366
7524,0.012066006684699117
7525,0.01095080004097685
7526,0.05623911747055211
7527,0.07024252360912492
7528,0.17701572843140648
7529,0.02607996244416904
7530,0.022554846387765302
7531,0.13770004418123444
7532,0.020894918215865452
7533,0.11684880810380618
7534,0.1662542677874691
7535,0.03246095518861493
7536,0.031760365788714315
7537,0.2564565478252177
7538,0.10166867972259071
7539,0.07531025420446735
7540,0.028974157062647995
7541,0.04595074568938044
7542,0.030032657892510056
7543,0.032473413632879956
7544,0.033925798560615006
7545,0.0336126207577353
7546,0.03465888814379948
7547,0.017403772521175434
7548,0.01745232822271208
7549,0.03644631341851128
7550,0.0318485231507236
7551,0.04277163013269879
7552,0.06339944115127914
7553,0.03662771488199062
7554,0.017670758320196076
7555,0.02565851401008283
7556,0.06649297124560324
7557,0.025061531395113426
7558,0.032808060748266386
7559,0.018689611057970117
7560,0.013460426552137292
7561,0.861305340378589
7562,0.012350565839109241
7563,0.10406224917970798
7564,0.07038026195369548
7565,0.08167009929121608
7566,0.1855874207229057
7567,0.025555272799682664
7568,0.01493604791832951
7569,0.1196639487263125
7570,0.398958576921284
7571,0.10194527823545729
7572,0.09299763408045522
7573,0.05602363054259987
7574,0.041771253673198006
7575,0.03839434799051043
7576,0.012775201785535773
7577,0.24071901388381922
7578,0.40580689815685
7579,0.03565939112706616
7580,0.040791663506069505
7581,0.018430750406126337
7582,0.08612172563096306
7583,0.09119831634714201
7584,0.015318186361420984
7585,0.010699621821167668
7586,0.013660042451732616
7587,0.0317577075840179
7588,0.04319594520733645
7589,0.3463274319709182
7590,0.0440441101376096
7591,0.09410652376602671
7592,0.04160915072521878
7593,0.03524094887028687
7594,0.030668827563935838
7595,0.013167536243401591
7596,0.02943193962237588
7597,0.01777175759692112
7598,0.018121903197357327
7599,0.019411078870028863
7600,0.03415347038046211
7601,0.019065054183753326
7602,0.059601010313511914
7603,0.1284282443665144
7604,0.020147146091899316
7605,0.08101859923545227
7606,0.07944659747822061
7607,0.022110840576923158
7608,0.022251381516314967
7609,0.2918269148281404
7610,0.06341489853406651
7611,0.09310705770129979
7612,0.10298699723031936
7613,0.05823437186380134
7614,0.017137853750708698
7615,0.02007602967177539
7616,0.038558792438474224
7617,0.05001153288817651
7618,0.029314011961115095
7619,0.05458213307159368
7620,0.06096032064372187
7621,0.08097790904365278
7622,0.009425709175241234
7623,0.01511460296509221
7624,0.03119368152141795
7625,0.17152375750913607
7626,0.18016553700410937
7627,0.03991406512637989
7628,0.07724027602113227
7629,0.0699977777345787
7630,0.13898257879337328
7631,0.06260449880860675
7632,0.023658838549732726
7633,0.30209061271501014
7634,0.1429997090889784
7635,0.06964857401670997
7636,0.012274859746253555
7637,0.05485930908425446
7638,0.03291046801568126
7639,0.3474772558981126
7640,0.05115379086551152
7641,0.026782013824519536
7642,0.10247560292766161
7643,0.032325507522816425
7644,0.034696910101730566
7645,0.027730594474437896
7646,0.23432195609168757
7647,0.10010923184389146
7648,0.08050898226123929
7649,0.017457794422911524
7650,0.0465618592299031
7651,0.022468782329098637
7652,0.03810223214984858
7653,0.01940361147972584
7654,0.03994456289348729
7655,0.009118012173101925
7656,0.014022326897177768
7657,0.01815271125675584
7658,0.0447010752366714
7659,0.015103805016880321
7660,0.04493021512291675
7661,0.06114311202963032
7662,0.030986127550676687
7663,0.010095413043061042
7664,0.06179992245360656
7665,0.053431965040553225
7666,0.03253144715551914
7667,0.3181773872123973
7668,0.046532968200926936
7669,0.08900144325982506
7670,0.040088007509267304
7671,0.021371770463362024
7672,0.04033469935636795
7673,0.15783552151663055
7674,0.08000306282626818
7675,0.06144423273036491
7676,0.020469749589886933
7677,0.046642276347503855
7678,0.011169774650752995
7679,0.03328319705186493
7680,0.03764425087526227
7681,0.03334073547478287
7682,0.028619686971374826
7683,0.016676947388623155
7684,0.11416097084409925
7685,0.08201526974635638
7686,0.022523837748427467
7687,0.09711038226612616
7688,0.02098737833884403
7689,0.01260990631112055
7690,0.032524076456006114
7691,0.10985138425526528
7692,0.05418117961842353
7693,0.02691277615791796
7694,0.026266383372458627
7695,0.03747933728324996
7696,0.017549293904698157
7697,0.11392182934887246
7698,0.015627526604260755
7699,0.0628004318897321
7700,0.016481080194572516
7701,0.18979149540846424
7702,0.021585790318898616
7703,0.060862048006095446
7704,0.07924020214262913
7705,0.06940096698401604
7706,0.04484387438949466
7707,0.009708459407911306
7708,0.05054463091772281
7709,0.056547676901510475
7710,0.023260568075536756
7711,0.06269783144386112
7712,0.014886102157331433
7713,0.02834068687470972
7714,0.027137308647424738
7715,0.03251607222848774
7716,0.10770782886161587
7717,0.07283933893099752
7718,0.021119666068456028
7719,0.019501444778962044
7720,0.09338314042358098
7721,0.04720680595608979
7722,0.03363000072037695
7723,0.027255847624269147
7724,0.04972451278283409
7725,0.040819276042280854
7726,0.04923370401288859
7727,0.02568084619993661
7728,0.20237081132980828
7729,0.07264813866837064
7730,0.1806050814722896
7731,0.06471324128427539
7732,0.014725348913525636
7733,0.040589036731755374
7734,0.11017913050489245
7735,0.12180835161057904
7736,0.04814823842533493
7737,0.07290314951767576
7738,0.037468566060090774
7739,0.038867493883599724
7740,0.0751268180349028
7741,0.036989702296388365
7742,0.021986861704361704
7743,0.08897980394246957
7744,0.10124937842410502
7745,0.02468665584222611
7746,0.1349489208949652
7747,0.12202248655314998
7748,0.047311340027716184
7749,0.03974997875015865
7750,0.0424315031282258
7751,0.07254668415911888
7752,0.04702748371659827
7753,0.11355896441729493
7754,0.0629769461731717
7755,0.041848295588061066
7756,0.032474091711402635
7757,0.43282721600057994
7758,0.010542694640718654
7759,0.01998950233984169
7760,0.0714952037025705
7761,0.02240448213731241
7762,0.01368503982069903
7763,0.07551619566554142
7764,0.01853428395050888
7765,0.09641764287210358
7766,0.020275460447043706
7767,0.026432476210166728
7768,0.018933956255138752
7769,0.008918647599585055
7770,0.022933759203959195
7771,0.051101785497319245
7772,0.036782501002856606
7773,0.017231353175146142
7774,0.043632177225990505
7775,0.07495201580562211
7776,0.04408789576118803
7777,0.1365933483776761
7778,0.01884079984794357
7779,0.09387828150295004
7780,0.080114093455458
7781,0.013973717745997493
7782,0.032793929858393564
7783,0.013375030664678267
7784,0.11144179046953778
7785,0.04529128930683135
7786,0.13297629726046103
7787,0.021699902135868573
7788,0.012487955791485879
7789,0.03304291034084961
7790,0.17283737955148176
7791,0.07110331651542898
7792,0.03621420132458087
7793,0.05192150461624655
7794,0.01802263012458162
7795,0.03679613254686245
7796,0.09493753008488748
7797,0.017936820491826006
7798,0.026718146598210972
7799,0.02901924764631856
7800,0.10821677263169369
7801,0.08324353590800773
7802,0.019515410488925647
7803,0.02974319353508708
7804,0.26186155541788714
7805,0.06875125802177529
7806,0.14250004876382688
7807,0.040045970807257934
7808,0.04632674556487622
7809,0.038799481211558164
7810,0.074590101737846
7811,0.1669856310870965
7812,0.08320573901852177
7813,0.0493446579724591
7814,0.02227044127916974
7815,0.03512513481428387
7816,0.10015983904157777
7817,0.09060527480754471
7818,0.02510626935208948
7819,0.028975537572381613
7820,0.04580830953330668
7821,0.10804110725249602
7822,0.022779982557420277
7823,0.021480538841307604
7824,0.01742582621271022
7825,0.15488262410298845
7826,0.2589054905038126
7827,0.0485303676785143
7828,0.10487552646446745
7829,0.018694274794379906
7830,0.04537892770261528
7831,0.11839662892910538
7832,0.030589822458767003
7833,0.023033042758285858
7834,0.032101968519907126
7835,0.03753656326031611
7836,0.06513219460493325
7837,0.03641850881409438
7838,0.04976381389728857
7839,0.10215960176518774
7840,0.013158266288025414
7841,0.053574077642595565
7842,0.04000282821817612
7843,0.008768657973531
7844,0.0566014460206469
7845,0.03607782302534444
7846,0.06900552474461402
7847,0.028059148278925406
7848,0.0840201184679619
7849,0.02896863940918587
7850,0.07814264003308898
7851,0.03242324112263531
7852,0.03008905946646976
7853,0.15220468933014847
7854,0.03702225753060774
7855,0.020000569068961666
7856,0.011119990976079592
7857,0.05520720056666324
7858,0.03623439313649676
7859,0.07922323130785995
7860,0.03138628471945315
7861,0.09761769682514808
7862,0.0706814824933576
7863,0.03791259136539971
7864,0.029393087900469204
7865,0.031225301862879508
7866,0.026493597260439882
7867,0.02326602433131357
7868,0.007816060431425334
7869,0.03744365200106384
7870,0.02109191596172549
7871,0.05194308198230392
7872,0.04283032525046934
7873,0.024074050238720907
7874,0.03967994174362369
7875,0.00988471243163295
7876,0.00803293687487461
7877,0.12884919548215054
7878,0.2434258013703003
7879,0.025073016436205013
7880,0.030474884877357142
7881,0.07552983125230804
7882,0.11745391624589369
7883,0.14684491907940025
7884,0.09440116501417961
7885,0.050529011180509356
7886,0.12982598987043004
7887,0.14594082936671687
7888,0.01813467216721418
7889,0.08630315934356803
7890,0.08747049879037824
7891,0.03409381359601348
7892,0.027100527129631097
7893,0.029466604617573396
7894,0.05395777277232972
7895,0.024548742824888406
7896,0.0170792799168615
7897,0.1600994862818329
7898,0.01875353666792151
7899,0.02836603340975747
7900,0.03807283409389787
7901,0.016092022365703274
7902,0.14211652190973345
7903,0.040626026048449934
7904,0.13033427251650553
7905,0.1293365668376226
7906,0.01611408801544453
7907,0.04258620204902334
7908,0.39849349795570566
7909,0.7396381533682291
7910,0.02615719134782621
7911,0.018293604761610464
7912,0.03966272531325327
7913,0.027655384452223982
7914,0.009320131702794013
7915,0.09010861314485932
7916,0.05408422742275758
7917,0.032578638809451485
7918,0.03877838472562206
7919,0.010374808498744805
7920,0.0609752913958423
7921,0.038992369755612884
7922,0.03676906736150958
7923,0.4546866851719028
7924,0.042430205958072925
7925,0.08410953134338309
7926,0.3610139949500225
7927,0.08560438543769182
7928,0.24152051648478462
7929,0.022813368018537568
7930,0.02406468585073953
7931,0.03414599112509126
7932,0.060070683060997034
7933,0.1057931797684342
7934,0.009888824237908512
7935,0.01498155337868802
7936,0.049393019442917976
7937,0.06959160898011643
7938,0.019129528024176966
7939,0.012011406787350904
7940,0.060661713321827855
7941,0.07474006647709087
7942,0.022190437274326274
7943,0.07083699552963729
7944,0.22170020793200612
7945,0.11852371989107591
7946,0.050740079104690576
7947,0.045935960459584944
7948,0.07159959607653861
7949,0.011728756158087293
7950,0.0249693000012933
7951,0.07769660625413746
7952,0.06341746459715404
7953,0.06675448744168336
7954,0.11261501890154202
7955,0.0270969188679624
7956,0.08220805329489081
7957,0.19366927851074756
7958,0.15026439127824817
7959,0.18719198586461652
7960,0.05453287406586554
7961,0.05311853373360342
7962,0.01986089589532658
7963,0.06348040457859262
7964,0.061042128559362877
7965,0.011228260116089149
7966,0.012495764626307117
7967,0.10289795771628393
7968,0.03402254342175884
7969,0.3264021577801331
7970,0.052385787268170836
7971,0.11106564563457687
7972,0.05275027872681115
7973,0.025517137992070206
7974,0.0337333384679643
7975,0.046740127511970854
7976,0.01843382954141676
7977,0.09328641104491592
7978,0.030198922494134275
7979,0.13409994130456265
7980,0.020681916143181583
7981,0.055380491205253075
7982,0.01528932329867925
7983,0.022327609712515233
7984,0.043068446382796305
7985,0.015419333176805779
7986,0.032704916367668514
7987,0.01833039605246792
7988,0.03618540038315583
7989,0.023527912408983043
7990,0.041554378532679084
7991,0.08665771415844575
7992,0.10670073246784714
7993,0.03205190762051528
7994,0.1629240760300409
7995,0.03747104817175263
7996,0.049077256395881244
7997,0.05603336538028873
7998,0.1798823318852158
7999,0.19016141267495767
8000,0.054666350714764986
8001,0.03552906904464048
8002,0.03568655687706129
8003,0.2101248167393655
8004,0.07957796257264846
8005,0.04076592178948221
8006,0.1405258252448086
8007,0.03411355353890398
8008,0.049058460449410486
8009,0.02092810132364542
8010,0.07507105374440373
8011,0.05214241924518764
8012,0.023270321438124564
8013,0.05391587493524334
8014,0.2315318996681704
8015,0.08097020333201113
8016,0.06970229821351331
8017,0.012724800721620144
8018,0.03122709112557088
8019,0.034255238120312254
8020,0.014930926426806698
8021,0.04331919110397081
8022,0.08636776785124922
8023,0.023555759441354605
8024,0.010644268303936825
8025,0.04592809395996532
8026,0.01946575273234495
8027,0.0384564774826527
8028,0.03600535761095046
8029,0.020776814885864664
8030,0.03790042038312201
8031,0.06875219205758032
8032,0.03664451548075223
8033,0.06788454133803382
8034,0.16439864323749143
8035,0.13544532502167195
8036,0.025928341156617473
8037,0.18071856245592774
8038,0.040643642046197435
8039,0.027912863957497293
8040,0.022775073231541754
8041,0.1427396314491562
8042,0.15524530291254982
8043,0.06806819624479066
8044,0.019258956318647942
8045,0.07505830822583462
8046,0.03572507539535401
8047,0.038850957453336527
8048,0.008974367095949936
8049,0.09051615512443219
8050,0.023251177279345222
8051,0.2338121253168916
8052,0.03478827491901108
8053,0.07939349177830077
8054,0.06704437941699755
8055,0.04302138329353191
8056,0.016131023405150928
8057,0.13058334646867387
8058,0.028930434852122884
8059,0.02172704207481577
8060,0.026961873435494187
8061,0.036648498457683226
8062,0.01869835427200385
8063,0.039958526522459445
8064,0.08409889965629633
8065,0.06351860002963407
8066,0.013817508520627403
8067,0.026886959785508938
8068,0.07262846230536346
8069,0.16024125964677405
8070,0.02712151766234168
8071,0.01725222883478722
8072,0.07341820988508627
8073,0.06527448708439387
8074,0.044378552454105755
8075,0.2123702695555172
8076,0.010346910653835027
8077,0.0191432907789348
8078,0.043179208290573715
8079,0.08857053376249424
8080,0.017741894311681296
8081,0.035628634922438264
8082,0.04447821909408741
8083,0.0871917801029784
8084,0.052356491894671404
8085,0.0545124925484233
8086,0.06200096516460461
8087,0.3018277578400801
8088,0.025105869238615422
8089,0.16467309191433532
8090,0.08334475935656417
8091,0.22335902690468132
8092,0.030471853764402194
8093,0.04464918773724716
8094,0.06551257744991393
8095,0.02657703780277485
8096,0.021002533808998868
8097,0.01216351976795137
8098,0.050395232712494756
8099,0.08295803425964327
8100,0.018737443841713358
8101,0.03790671740666409
8102,0.02247883841836995
8103,0.0124171514191378
8104,0.1459733452600453
8105,0.023216007317727008
8106,0.048418449398084415
8107,0.030626532728213363
8108,0.031011828249479612
8109,0.30907312018758865
8110,0.04254459323887965
8111,0.054794241322750466
8112,0.019649044895803623
8113,0.01673329826700385
8114,0.029391293059911366
8115,0.040755833419827206
8116,0.018882407764778054
8117,0.758452102550505
8118,0.05729289527148124
8119,0.07844183595532804
8120,0.11186200218082323
8121,0.1172997571957548
8122,0.05103263686373137
8123,0.08919122184989267
8124,0.04113387009314036
8125,0.12252331799410175
8126,0.028381842005075857
8127,0.17642511331164884
8128,0.011508217769149343
8129,0.02945056783554789
8130,0.018545048767188772
8131,0.09469967017786687
8132,0.24503537330286065
8133,0.022907809918183756
8134,0.04343996583817197
8135,0.014094378354014836
8136,0.0919464128583237
8137,0.026053457896284
8138,0.011626496577014079
8139,0.23165731895559777
8140,0.03816924925753913
8141,0.11191950435810086
8142,0.01508445879988006
8143,0.1267207757678474
8144,0.13110198820613234
8145,0.013407391770873958
8146,0.03722592509095283
8147,0.008580051907868522
8148,0.018946028704842684
8149,0.019970973183320907
8150,0.019060348540016477
8151,0.08812118369880098
8152,0.014175755649439604
8153,0.1868462475442008
8154,0.06963472754222473
8155,0.025830259604779734
8156,0.07101522701709662
8157,0.10895441171852238
8158,0.012162481854211819
8159,0.011144533635786446
8160,0.0716674055856511
8161,0.023976449098952878
8162,0.03915240664277175
8163,0.08898972391806477
8164,0.10309075820628938
8165,0.030578354793391667
8166,0.10861537631053331
8167,0.14475633837953372
8168,0.08431160709730387
8169,0.16536055830830887
8170,0.022918268905590667
8171,0.01764168212905106
8172,0.030129924090591606
8173,0.06746953747085264
8174,0.027601859330433052
8175,0.07699335602758357
8176,0.05116239592637253
8177,0.010648995727594934
8178,0.04408172186269514
8179,0.04685629865730606
8180,0.04944586094330684
8181,0.03708231235217753
8182,0.022398934745552206
8183,0.11808446051441529
8184,0.05577895754093981
8185,0.07426874614552013
8186,0.22770232671661494
8187,0.05317819474460728
8188,0.033691971721639985
8189,0.06642327768812586
8190,0.134684006374526
8191,0.015061515163703049
8192,0.020882535508143372
8193,0.044362132510651214
8194,0.043734692012432595
8195,0.0988090419484545
8196,0.08763664702870387
8197,0.021657550934060722
8198,0.09551025917952022
8199,0.027284342886051423
8200,0.020675919904570902
8201,0.09600658905547456
8202,0.015570607532143323
8203,0.07511765983651925
8204,0.023650939335193452
8205,0.02201936360558367
8206,0.08516888161640779
8207,0.049682378628801524
8208,0.013154476915848187
8209,0.02272859695075368
8210,0.016597776659257345
8211,0.033700008290202144
8212,0.036819894737596795
8213,0.24789257157883696
8214,0.042145608649197586
8215,0.17752767639985825
8216,0.052948987546493895
8217,0.1027635553399174
8218,0.18420195202846504
8219,0.11520603156650022
8220,0.08673838267378003
8221,0.12737456447850298
8222,0.035251492697895986
8223,0.032037591897111736
8224,0.02363226628632867
8225,0.04725192654014683
8226,0.024083791980527954
8227,0.0314762653318867
8228,0.0828838357624581
8229,0.03499441182326305
8230,0.08341266977205594
8231,0.07839064380707786
8232,0.03960055443429816
8233,0.009735064724456401
8234,0.045419370578507715
8235,0.1096627530423291
8236,0.030531008871311452
8237,0.01809081865806785
8238,0.223780494875598
8239,0.027148274159678867
8240,0.07648855367035977
8241,0.04791843786485937
8242,0.03151411878001265
8243,0.09163755223902623
8244,0.08284165024767393
8245,0.07750429371668575
8246,0.022022355515796205
8247,0.1575957058371311
8248,0.042914650207306074
8249,0.10269358783223952
8250,0.02443818098571757
8251,0.08656615773361767
8252,0.020764495219056336
8253,0.08776997974711574
8254,0.02467154943597414
8255,0.038733253262958345
8256,0.14008513695620223
8257,0.031715030486194465
8258,0.07618950406068653
8259,0.11152109747970451
8260,0.08925689542758126
8261,0.02609702713962564
8262,0.15919258204262562
8263,0.020722647155011868
8264,0.01952379074857921
8265,0.02940356535468988
8266,0.04481180120617061
8267,0.03664969213033892
8268,0.07564740587413724
8269,0.03857211775363784
8270,0.10153652797237639
8271,0.0133640446362988
8272,0.07800291711814117
8273,0.1641354793730292
8274,0.10640392799007098
8275,0.022774514912245424
8276,0.021106837520936776
8277,0.038854466170359425
8278,0.12448557791129125
8279,0.03976154362329598
8280,0.06267585365515124
8281,0.0415875997798987
8282,0.029988883738497903
8283,0.02989417173859457
8284,0.05612811146188157
8285,0.27305299059375443
8286,0.042460510854430714
8287,0.038443767420925305
8288,0.026151854195150787
8289,0.03685365618901396
8290,0.03124579136462501
8291,0.02061187023464603
8292,0.05226974801680613
8293,0.11106432842393205
8294,0.17034272086711683
8295,0.03178371125529293
8296,0.02695885907087318
8297,0.023501447417839258
8298,0.032344191893952455
8299,0.02111003020341864
8300,0.019264013076145163
8301,0.053791694979669735
8302,0.031474098227142165
8303,0.07076404515218673
8304,0.014869553988730161
8305,0.03244214814516602
8306,0.06995092086089784
8307,0.04387242038832953
8308,0.10581312354992889
8309,0.014135141906060845
8310,0.009144339305778043
8311,0.08050491143806329
8312,0.2164940409947213
8313,0.14316179544958604
8314,0.12165702915841739
8315,0.018885313210092965
8316,0.1712090946993954
8317,0.0588846595333289
8318,0.05376119227757891
8319,0.07208967004501898
8320,0.03813281885111932
8321,0.13460752800463643
8322,0.11882721590094927
8323,0.03666719483688333
8324,0.0431705441725562
8325,0.013912852952335002
8326,0.04230793516083441
8327,0.06387658927104234
8328,0.07566703751771076
8329,0.03277753784858483
8330,0.02753288904842412
8331,0.014408151590489783
8332,0.016325627124742302
8333,0.04543816545322588
8334,0.015124560415704948
8335,0.04768921276789687
8336,0.2663719880199863
8337,0.014302020055966898
8338,0.04726965258931765
8339,0.01755511224105485
8340,0.20339662037461662
8341,0.0456108244892573
8342,0.07634644421189844
8343,0.020915294619576266
8344,0.05005283346410294
8345,0.12487191411150292
8346,0.022570323581822514
8347,0.030328202927535842
8348,0.027587739538527167
8349,0.036710783039121384
8350,0.10561431565429069
8351,0.013630815808037234
8352,0.07957875328701522
8353,0.03291578927643504
8354,0.051966365665646296
8355,0.029405853906247628
8356,0.4166972879919112
8357,0.06521698294009741
8358,0.06872174477974495
8359,0.044369833364453846
8360,0.049256173533235956
8361,0.03724864440114608
8362,0.0669802789283115
8363,0.012812429805879589
8364,0.1380025118401286
8365,0.03546278442555255
8366,0.030278149633859386
8367,0.08633078080817527
8368,0.053097858215782785
8369,0.013265476808561869
8370,0.038109514459046215
8371,0.475008311501944
8372,0.21308392661441367
8373,0.04680478378247846
8374,0.04157756146788978
8375,0.08972932096388045
8376,0.03540030761003714
8377,0.013395400343173176
8378,0.0942425953640067
8379,0.08085516632438398
8380,0.05144064585382851
8381,0.09530603362400351
8382,0.04302662422873723
8383,0.01112727327678021
8384,0.07090529013848608
8385,0.16151333936032505
8386,0.026980072280007823
8387,0.27812666533362623
8388,0.015129118445128271
8389,0.04922647948247484
8390,0.06614173280019209
8391,0.04466877651894724
8392,0.026421533603909603
8393,0.036937461342638124
8394,0.017672828733975566
8395,0.03276179852249009
8396,0.029607102595106533
8397,0.07039131268824653
8398,0.009967285080243506
8399,0.023047267553364566
8400,0.033213584112960756
8401,0.023341560794387733
8402,0.12187053754134658
8403,0.025351181494680054
8404,0.02251942230812852
8405,0.04027855708587174
8406,0.13654245674811913
8407,0.03557061348446319
8408,0.01564301160866736
8409,0.027709097692291632
8410,0.041052531376084896
8411,0.042566005849572056
8412,0.5747380037145479
8413,0.031077228583986448
8414,0.12931537431711496
8415,0.24220186605150387
8416,0.05592951130225929
8417,0.016070190984923533
8418,0.0563629813270979
8419,0.04468607571538812
8420,0.059063128999339104
8421,0.05439558481785227
8422,0.04673929794772887
8423,0.04146865273420859
8424,0.1295571611114666
8425,0.03441099592649256
8426,0.28428536165362245
8427,0.11911501659701697
8428,0.021776635285473283
8429,0.05493061545102393
8430,0.022290533569010246
8431,0.12503250736450006
8432,0.024671823400272755
8433,0.1383432777253585
8434,0.05259049174475948
8435,0.05459590045527872
8436,0.021591725532474324
8437,0.06612761737665077
8438,0.030553177669927788
8439,0.01292013515103329
8440,0.0581749357674598
8441,0.04091082394908899
8442,0.052793063917700785
8443,0.07362245098805123
8444,0.04551303497276735
8445,0.027163566461982563
8446,0.08724912059522458
8447,0.03990692582342564
8448,0.12853026592352237
8449,0.1891948062811211
8450,0.03665468662350514
8451,0.058532954574615104
8452,0.044084931375918165
8453,0.028652758618979063
8454,0.018218042986121362
8455,0.0466376838547298
8456,0.07335322896721493
8457,0.10661232288086117
8458,0.0840754571728571
8459,0.06292689692216576
8460,0.05482002457385894
8461,0.06509106323569833
8462,0.05812546427114408
8463,0.10857165769369216
8464,0.06736018228334954
8465,0.03269042111091933
8466,0.05499225598406
8467,0.03976853926004845
8468,0.09023302595047487
8469,0.01663881116601361
8470,0.029789132965440328
8471,0.04244099262279344
8472,0.0442776565299777
8473,0.03389374354566381
8474,0.024651373713007525
8475,0.14827650680512136
8476,0.02081560176573557
8477,0.025309686876856752
8478,0.0253545488735368
8479,0.029514914071532464
8480,0.13282038747758657
8481,0.021896983251329532
8482,0.06298655179189641
8483,0.03318659816006779
8484,0.08075365014266729
8485,0.07328658237923644
8486,0.17003673862191263
8487,0.009897939433526449
8488,0.1295980626490403
8489,0.08965497508720914
8490,0.014208349500297899
8491,0.06701887047788524
8492,0.09944560774482297
8493,0.010529714223529357
8494,0.0771265900351688
8495,0.07416714496838747
8496,0.04352939594565432
8497,0.024871020855826577
8498,0.1274807694630471
8499,0.03393709481143596
8500,0.03710495653940325
8501,0.06381638632650284
8502,0.028228122609136198
8503,0.02041928860341595
8504,0.054106866108012366
8505,0.06009279957585344
8506,0.04607387988427655
8507,0.061822547016568793
8508,0.0787908834297034
8509,0.029699309748349844
8510,0.08988477501241417
8511,0.06263381185274051
8512,0.10583693764516883
8513,0.027309852011711024
8514,0.20235293874211416
8515,0.043621423514218924
8516,0.05889673798142616
8517,0.07428917570317867
8518,0.035048753334982495
8519,0.0385316329724262
8520,0.02251155108468544
8521,0.022640842697728175
8522,0.029965652306042923
8523,0.026074127385330804
8524,0.020172351405208948
8525,0.031091996857908758
8526,0.12634731753208062
8527,0.020662744682306035
8528,0.18060471570884934
8529,0.203140234884564
8530,0.042749595681389904
8531,0.07683777574191386
8532,0.020512504902488335
8533,0.04052192605100443
8534,0.016697616452556078
8535,0.11585804969106754
8536,0.09145488139938143
8537,0.052077528230396505
8538,0.02382654289324805
8539,0.20793619863821694
8540,0.09506896727231812
8541,0.03246188749250063
8542,0.01453002363277489
8543,0.03045774249124608
8544,0.07263715521182718
8545,0.03434826172585331
8546,0.12351987268767567
8547,0.05726207321967696
8548,0.05732987385704631
8549,0.02039050485528748
8550,0.037562608476247886
8551,0.048721875195741275
8552,0.0658104839455485
8553,0.0915203173200552
8554,0.01642148099823357
8555,0.03991086696476323
8556,0.06518357172649007
8557,0.017780281788902588
8558,0.07595923519503646
8559,0.05675925898819081
8560,0.04018185175558701
8561,0.0833313932896628
8562,0.04397698936931957
8563,0.01339381818935201
8564,0.0322900862064529
8565,0.03850538845736397
8566,0.027827475544280167
8567,0.03859641922928826
8568,0.01988445146442626
8569,0.029209430282649197
8570,0.17501090292760066
8571,0.04347445911282846
8572,0.13276309220318927
8573,0.05332239771121216
8574,0.06500089627141467
8575,0.052426599577425584
8576,0.03113572345279888
8577,0.03624053620412266
8578,0.05672065581608764
8579,0.034355233036341165
8580,0.01663590300409812
8581,0.014407283884500605
8582,0.16864789415875298
8583,0.05298542987547034
8584,0.0321629166294284
8585,0.12223204754676112
8586,0.22502213225829826
8587,0.023533124011635525
8588,0.3761394525038776
8589,0.038426674047180254
8590,0.014010371762702182
8591,0.01225102757020657
8592,0.03563770243495002
8593,0.0235840192653546
8594,0.023252465049677637
8595,0.15082694444856662
8596,0.0862760682556265
8597,0.07274506657674809
8598,0.020864991376264134
8599,0.09675542357643926
8600,0.027672801079522694
8601,0.0984354397877088
8602,0.09716472860404106
8603,0.05150383775510847
8604,0.033899699310288633
8605,0.02321514170559406
8606,0.0272414710814049
8607,0.012410325809962588
8608,0.03256110570225721
8609,0.10703239256065722
8610,0.014840494440294371
8611,0.11224585658966985
8612,0.04010595461028041
8613,0.07169072531533231
8614,0.016405579406286296
8615,0.026574745397494912
8616,0.0293135270610591
8617,0.047183665135645855
8618,0.04649579040552749
8619,0.03462081053924419
8620,0.020989066397587984
8621,0.011108713714486813
8622,0.12515383962807713
8623,0.026177857036799673
8624,0.041729815605224096
8625,0.05944619664137884
8626,0.12455462135785261
8627,0.05404520617547352
8628,0.02164044287923409
8629,0.05558390520368681
8630,0.04056240532557458
8631,0.06458867966108953
8632,0.02584263035652721
8633,0.03928138869579242
8634,0.02330932043853072
8635,0.021831551148402937
8636,0.05308001758679563
8637,0.01901133788893693
8638,0.09062237996526723
8639,0.1020819636923454
8640,0.043260450640540765
8641,0.23059960004749946
8642,0.00911349283727562
8643,0.07106859707281027
8644,0.01864764416341408
8645,0.05595728399601323
8646,0.016616651202347274
8647,0.057035549990335
8648,0.021067145069221013
8649,0.023693223469914895
8650,0.04690118867667856
8651,0.0692753261527838
8652,0.017858619278233574
8653,0.022967346647302357
8654,0.029191298112690445
8655,0.1593742629433045
8656,0.0719306388660785
8657,0.08890015499245152
8658,0.1035682614430348
8659,0.046164278011325395
8660,0.03548224577630205
8661,0.10044118877382023
8662,0.029909235428934994
8663,0.022553555544461527
8664,0.03497353408522002
8665,0.12911386346851314
8666,0.035912704707355116
8667,0.027227995405536082
8668,0.012990284495596579
8669,0.037229282307886996
8670,0.03316051916347318
8671,0.07913817179196422
8672,0.06732265666699155
8673,0.06292843520816233
8674,0.015323846095057117
8675,0.11685289644928545
8676,0.07280579079887053
8677,0.013426354932850163
8678,0.13568007641988916
8679,0.30681529080916753
8680,0.024002187195407053
8681,0.022426614672257435
8682,0.028234543393425075
8683,0.22201494433070704
8684,0.019559604157493228
8685,0.0133931190143285
8686,0.016549393624466217
8687,0.03423593942660513
8688,0.04815896418415284
8689,0.013722107350950499
8690,0.02902624650316772
8691,0.009907260852958183
8692,0.022576823054907942
8693,0.17793282792083673
8694,0.2052077367111393
8695,0.14994675649973543
8696,0.16776088017328236
8697,0.05155063121678571
8698,0.05398619715148414
8699,0.307160335027378
8700,0.17584746535802293
8701,0.028520113541137797
8702,0.06837621409491544
8703,0.1851789849940802
8704,0.021893780319090284
8705,0.07793913100733324
8706,0.04227050548193953
8707,0.07025420476414004
8708,0.17094905900536048
8709,0.07895020608322283
8710,0.03896911508028145
8711,0.012961555781214001
8712,0.06704197362823464
8713,0.03234247026690224
8714,0.0784111838195291
8715,0.21951528410111026
8716,0.292862997124423
8717,0.029754822392831986
8718,0.03426551486392142
8719,0.08127704907639341
8720,0.02977668364759506
8721,0.10029607358564435
8722,0.36016838183949035
8723,0.012920173366858224
8724,0.012242593436694572
8725,0.033239818108000134
8726,0.21413077434485228
8727,0.04078594316747348
8728,0.07316903188900817
8729,0.05157425634514623
8730,0.03254017310071869
8731,0.0425339460736342
8732,0.02532785671236952
8733,0.030324246766294544
8734,0.08428668637350778
8735,0.026596301226388015
8736,0.04882179206316004
8737,0.09296185433771484
8738,0.02802887980460732
8739,0.024697232021114793
8740,0.09721617744630702
8741,0.029821872113731187
8742,0.06750492551303651
8743,0.022990249913652866
8744,0.06574568663922555
8745,0.014694572186856937
8746,0.05206555952573512
8747,0.07009594977936306
8748,0.056737644614944904
8749,0.05359328660115156
8750,0.01506552362626923
8751,0.013935026121655147
8752,0.06353036915026933
8753,0.05733919333779199
8754,0.06767494771629781
8755,0.04490508650430449
8756,0.05272331079938933
8757,0.056929413788147164
8758,0.019687401034426975
8759,0.010825031674934794
8760,0.06828250773793854
8761,0.12590312352188218
8762,0.08771934300872361
8763,0.035719269680273134
8764,0.01490607074443593
8765,0.026407941379995244
8766,0.025487493363611582
8767,0.03628120871944821
8768,0.07441865135940888
8769,0.20094476620179533
8770,0.05505265032342989
8771,0.01837326265697583
8772,0.015717181111790435
8773,0.08429042170771767
8774,0.04652429108002193
8775,0.24055814835515882
8776,0.04319256766405038
8777,0.06610800211804045
8778,0.02546389641305573
8779,0.028542675564785073
8780,0.023308593358375047
8781,0.05259089427132793
8782,0.24082130174157895
8783,0.0508192820546105
8784,0.03119730034530615
8785,0.14602495732571913
8786,0.06012125421689017
8787,0.050978060727486695
8788,0.09696025266724989
8789,0.09289062041583532
8790,0.048411824214910706
8791,0.0204999992631703
8792,0.01854237917771742
8793,0.04381467147174145
8794,0.05161170642560976
8795,0.06615116508109552
8796,0.034419558008643436
8797,0.02450296630903399
8798,0.010263728090650329
8799,0.10264039869991472
8800,0.019486244238472443
8801,0.0587444910266479
8802,0.11471116465142359
8803,0.034538339017586385
8804,0.04008305204495081
8805,0.7766646562956141
8806,0.010273424203426038
8807,0.02062307550459008
8808,0.0171511634425396
8809,0.02270035752460565
8810,0.07907922185368044
8811,0.09024014521359244
8812,0.014467159506107755
8813,0.02980930507147888
8814,0.054856776254349926
8815,0.1340264046303098
8816,0.12656724352649923
8817,0.044842327042809424
8818,0.01794249337077532
8819,0.017352130998267837
8820,0.05808762946917137
8821,0.036318157821749276
8822,0.10625386519776163
8823,0.032299320094141104
8824,0.0447519327576559
8825,0.09273788259723302
8826,0.008796544346290017
8827,0.022182504271903686
8828,0.041018013807259016
8829,0.10543297562584823
8830,0.10555579995961839
8831,0.12003296906520358
8832,0.23111687442626375
8833,0.05867241079661367
8834,0.03918288887148859
8835,0.08843208958123319
8836,0.046425942178662326
8837,0.061423950741522876
8838,0.1357827726710238
8839,0.037590236243423954
8840,0.050294036653716616
8841,0.032636355168692
8842,0.03590199528566163
8843,0.046921886589318354
8844,0.04289960828792002
8845,0.10428291538703635
8846,0.018330998900938814
8847,0.114992911119893
8848,0.09943075511984366
8849,0.027230382875789133
8850,0.023229071243333822
8851,0.042696491679535147
8852,0.027197656264544182
8853,0.023479467778661108
8854,0.01401373798138935
8855,0.3831123940002928
8856,0.06996753573451063
8857,0.010604684233912864
8858,0.1873928856470499
8859,0.013075993503780567
8860,0.19148028855270088
8861,0.1086371415634354
8862,0.013287665292955098
8863,0.0490732246908291
8864,0.015111794460618328
8865,0.022685046873094635
8866,0.031154615252503196
8867,0.1504779550913377
8868,0.08792604583269056
8869,0.03199480673818933
8870,0.04091044799666627
8871,0.027128157775547862
8872,0.2058700119070388
8873,0.026254963147508473
8874,0.08088951540683376
8875,0.00926243012333521
8876,0.010887374213971299
8877,0.051106894447488053
8878,0.05920188885206529
8879,0.02450272241069583
8880,0.030777363783783554
8881,0.028462818372512536
8882,0.14331269335214158
8883,0.06298943584695398
8884,0.06523761996495464
8885,0.05842914908612279
8886,0.11439092307122609
8887,0.044791056875574
8888,0.23592728470222812
8889,0.017083184360768257
8890,0.1763670025620595
8891,0.01802997327406007
8892,0.019308506986398147
8893,0.02017370050752159
8894,0.03849372904833803
8895,0.012994461053117242
8896,0.04489526177607574
8897,0.01349526568836729
8898,0.017613988383391507
8899,0.011522179237339636
8900,0.02523100757024494
8901,0.31374278364537067
8902,0.05464964028905672
8903,0.053354448819159295
8904,0.07581119488026616
8905,0.11254309715220581
8906,0.011104298414606603
8907,0.05759526127421748
8908,0.015029077506304375
8909,0.06429256543020331
8910,0.1690781290619106
8911,0.04540213253728655
8912,0.07032490830917491
8913,0.039825351167095624
8914,0.037692982716334894
8915,0.09085162643467957
8916,0.07829351901608336
8917,0.03347756781558159
8918,0.02783073568787049
8919,0.036601319555303616
8920,0.1922107792561982
8921,0.0160354139368347
8922,0.0278924432256136
8923,0.22828762091907256
8924,0.04645984177345341
8925,0.02112047680746465
8926,0.07855419061847382
8927,0.055238314499697364
8928,0.039928973142227764
8929,0.27474621467161187
8930,0.02042810678355494
8931,0.013377425434563113
8932,0.49743497722565033
8933,0.013543539149903597
8934,0.05353514610239518
8935,0.016852417791679876
8936,0.018473336494760836
8937,0.04577085648490785
8938,0.12795828396499934
8939,0.09105264346433535
8940,0.014921130501976052
8941,0.10269108424459407
8942,0.01621835551574145
8943,0.030762841528332252
8944,0.02901604979351883
8945,0.04388558055710125
8946,0.027227460015711
8947,0.1149469370158955
8948,0.04267045928824366
8949,0.032141569286337275
8950,0.10197440200600695
8951,0.025725445195180073
8952,0.02717986606539763
8953,0.09050886844873422
8954,0.09571394062444723
8955,0.022364488683309303
8956,0.045648608942202025
8957,0.08387198268902774
8958,0.029056632983546094
8959,0.03315725134077656
8960,0.03547007801633149
8961,0.04101393685191852
8962,0.045107485232668394
8963,0.18493268774906324
8964,0.02360275369422184
8965,0.13930923336032638
8966,0.030602650412032556
8967,0.02399522845066763
8968,0.044838673968510954
8969,0.08253750342788581
8970,0.13614602608881046
8971,0.05723650840567213
8972,0.07227577075006261
8973,0.14377694711742756
8974,0.01115063488053739
8975,0.7485993925133265
8976,0.07054659153784248
8977,0.022588948732546486
8978,0.19851083637741904
8979,0.06904372021942287
8980,0.037846935248244326
8981,0.26403519366595674
8982,0.039721391977296044
8983,0.19161086718043865
8984,0.05797554594246121
8985,0.1264075900451299
8986,0.027509850307736526
8987,0.01654043399446304
8988,0.14351123972179541
8989,0.1934045415339813
8990,0.011922757010793473
8991,0.09759215779414424
8992,0.16678160995005775
8993,0.047462560009752866
8994,0.03253934418266722
8995,0.04147470462428455
8996,0.10470059848648139
8997,0.03857043174870123
8998,0.06633390121281649
8999,0.11661959673777693
9000,0.047336450605494074
9001,0.03236815211362943
9002,0.24692826305277008
9003,0.015070467163476271
9004,0.09395638975674223
9005,0.04730706416021381
9006,0.0309369278270021
9007,0.05371696580575304
9008,0.03792396260847909
9009,0.043989199461083185
9010,0.10286811475225036
9011,0.054533520163960444
9012,0.14199225196622495
9013,0.015323707982670324
9014,0.050942334877298094
9015,0.12301737930658566
9016,0.10047597650889087
9017,0.050108411482705215
9018,0.03542361905194524
9019,0.06001178964243103
9020,0.015390375250744298
9021,0.06336957746702677
9022,0.04534697411372575
9023,0.08693560738049726
9024,0.04627805055018316
9025,0.13060599966307584
9026,0.034738090980311005
9027,0.07310201750502443
9028,0.10153270813727536
9029,0.07088949229255295
9030,0.028318464983414504
9031,0.03241027085946503
9032,0.026031320077616247
9033,0.03403437845568024
9034,0.07281896062648299
9035,0.11872328946276921
9036,0.010725242231321016
9037,0.030936809091411444
9038,0.05563391230166802
9039,0.13061517118086657
9040,0.015534242847966057
9041,0.05204488868981917
9042,0.15055761322930344
9043,0.08337932432357242
9044,0.015838979981337976
9045,0.02981618569639257
9046,0.1141103791362019
9047,0.023314946598604218
9048,0.03023145134230181
9049,0.05043660296635662
9050,0.18316063090190152
9051,0.024505901711654544
9052,0.021376144452437285
9053,0.04632368623534719
9054,0.011308755118611444
9055,0.17824914745238563
9056,0.03958376735951246
9057,0.0458368198736585
9058,0.023180970170863457
9059,0.013964391220902444
9060,0.04884133720734964
9061,0.02556178396647693
9062,0.07663412759458452
9063,0.015135288665035418
9064,0.04362634711695514
9065,0.024151101664150954
9066,0.0470635724233615
9067,0.13234784935803504
9068,0.02220054420182197
9069,0.013781298785382243
9070,0.1061599158539425
9071,0.12676161305320297
9072,0.06195830456836923
9073,0.1286914820474942
9074,0.024490074467042263
9075,0.02528876567491918
9076,0.033223346587348594
9077,0.017276451091925597
9078,0.05590548872995781
9079,0.01049909171424378
9080,0.028614033370226562
9081,0.12548266506344494
9082,0.019638127723374456
9083,0.047220398284608875
9084,0.023194817494066846
9085,0.02577639162706696
9086,0.01961979746035767
9087,0.08031291123166093
9088,0.04194232559715525
9089,0.05177064461088152
9090,0.02999723447625223
9091,0.026546312229274262
9092,0.014918083707726095
9093,0.018019875227294518
9094,0.11199766704635486
9095,0.0660168076343513
9096,0.0113997384394409
9097,0.020306101717456386
9098,0.023501573741045546
9099,0.029132107271762915
9100,0.01014841108131651
9101,0.05374752940438898
9102,0.02338217457211248
9103,0.034635944945450595
9104,0.026855841324412447
9105,0.05920909157738595
9106,0.017201695776143323
9107,0.017684768149266485
9108,0.02839712163521789
9109,0.02449727786130507
9110,0.01752537758444675
9111,0.13776942610084986
9112,0.03517878398508033
9113,0.051983966265029026
9114,0.010043726360832572
9115,0.07518031981166703
9116,0.01435633062987484
9117,0.11848437517996184
9118,0.07325413456972499
9119,0.0618454925177964
9120,0.039833914449080486
9121,0.036639567901408904
9122,0.01429886170449492
9123,0.034614276424086036
9124,0.10003937562974063
9125,0.028098775380858487
9126,0.021706171606745744
9127,0.058001379261806804
9128,0.14798193969752033
9129,0.015832277880274952
9130,0.1662038828975086
9131,0.04229072980320259
9132,0.030042281065662188
9133,0.06261446872173389
9134,0.023822566280427566
9135,0.04607395927855366
9136,0.04919391624289124
9137,0.1675631456327097
9138,0.029104955016969355
9139,0.022296202534455495
9140,0.04425139420899398
9141,0.02860971732963693
9142,0.12164768121504518
9143,0.09161064975833226
9144,0.025336640666977883
9145,0.27547795891997834
9146,0.06627220438243252
9147,0.03919051588204543
9148,0.015031262103544184
9149,0.028064222295950784
9150,0.042896588603281584
9151,0.050442951973077854
9152,0.025265292865952624
9153,0.11068620088040772
9154,0.13239549030650635
9155,0.07051728231599583
9156,0.04887016438874416
9157,0.045978061167715155
9158,0.02582949655164829
9159,0.07444552000085894
9160,0.0388857658533554
9161,0.027699804523489968
9162,0.023443412568242963
9163,0.08893359463511524
9164,0.06437872145645991
9165,0.09967171151074443
9166,0.04015858063394036
9167,0.2279063026535877
9168,0.055323092117172366
9169,0.062239242585582624
9170,0.10091438672109412
9171,0.3993997662422092
9172,0.04792260119004346
9173,0.11218956385312957
9174,0.07502973376624797
9175,0.019163138457741074
9176,0.0076418295000319336
9177,0.023394385635892655
9178,0.009376055958991252
9179,0.5214560713690881
9180,0.018358091085702626
9181,0.06419304718042979
9182,0.0529787015674417
9183,0.02372168598545671
9184,0.019700284113921586
9185,0.12239227471785251
9186,0.1782636103210312
9187,0.046653929628358154
9188,0.038632461325985176
9189,0.08090090155818237
9190,0.09458316430511277
9191,0.4680251659540155
9192,0.054390382929094205
9193,0.05184581634138775
9194,0.15459657670079635
9195,0.016687273849435035
9196,0.060746569453625804
9197,0.035702140753409994
9198,0.04609482810181859
9199,0.048436475506539414
9200,0.05414632641994778
9201,0.054608758198189
9202,0.03877896289420707
9203,0.02283240651414494
9204,0.027525456601720774
9205,0.013634636727462825
9206,0.16790307281311645
9207,0.02328123360491417
9208,0.14529758799852596
9209,0.07795755906917236
9210,0.11285744454617462
9211,0.02222796805149941
9212,0.01295281406164839
9213,0.03478751241301062
9214,0.05658755180685348
9215,0.47650835267115865
9216,0.26202872157567614
9217,0.017454301553976738
9218,0.033228689147170185
9219,0.013831344082178095
9220,0.014844486896187312
9221,0.06677165826338384
9222,0.03703850350391666
9223,0.10412142260887508
9224,0.040639526080809694
9225,0.028754517752210672
9226,0.058732626398931516
9227,0.03822125499967187
9228,0.0694002101809381
9229,0.05818325433862415
9230,0.02842551080689984
9231,0.30979018787724444
9232,0.013166601028704355
9233,0.0214694207330675
9234,0.020989314489991022
9235,0.018340918833479287
9236,0.3412623861633561
9237,0.055598593470131866
9238,0.025758045647684476
9239,0.10199625292327988
9240,0.026135269786581698
9241,0.18978303839441044
9242,0.07186656730798219
9243,0.03391779655485383
9244,0.07696018960674283
9245,0.19606169321701247
9246,0.06301259337333498
9247,0.1114473907652306
9248,0.04784990991832283
9249,0.04715898197891474
9250,0.0851767474928917
9251,0.09764567559625549
9252,0.02534982341570397
9253,0.013833046728429162
9254,0.02506020952335508
9255,0.015158794916736149
9256,0.13791525316717748
9257,0.10404677307681377
9258,0.2421785259514897
9259,0.027176434837697848
9260,0.10654608941212236
9261,0.03771868607669854
9262,0.015978117409511897
9263,0.0971604594321126
9264,0.026894943349475245
9265,0.013285184694451807
9266,0.14103624739803866
9267,0.034077574041929584
9268,0.09189658593820946
9269,0.01949640914006034
9270,0.06475565766223074
9271,0.0681186081875382
9272,0.05175476365235619
9273,0.06526344691827218
9274,0.03684097186211485
9275,0.0702622692909116
9276,0.014172664125498401
9277,0.022022973211013687
9278,0.02400093659292462
9279,0.06293995495582017
9280,0.1342650928691324
9281,0.06136129292792268
9282,0.0576290999226489
9283,0.007665073012996872
9284,0.5287683044366348
9285,0.06578863580807234
9286,0.10576800086762608
9287,0.010124143915031974
9288,0.04596112298611056
9289,0.2423733303024202
9290,0.0625469970401327
9291,0.028457404363431728
9292,0.05199330016912814
9293,0.0775727042742581
9294,0.10115390721668459
9295,0.038988255231708444
9296,0.11534059548686824
9297,0.0598648817272707
9298,0.14035724205250372
9299,0.10627857750158574
9300,0.05809242474618845
9301,0.0391027920887471
9302,0.018026357483600975
9303,0.022718087847191953
9304,0.018397622866890194
9305,0.12328545974473035
9306,0.09592893116657761
9307,0.02533336511713478
9308,0.2646512725410638
9309,0.04219581395559448
9310,0.08537623863276123
9311,0.022566101878168567
9312,0.022470473231743962
9313,0.0172737580000513
9314,0.03964481137080864
9315,0.10711989581814413
9316,0.18956358457223696
9317,0.13649814303053723
9318,0.036630411826139464
9319,0.055392121003267195
9320,0.053939748140706505
9321,0.025427911439989646
9322,0.08340550509076847
9323,0.011669031303060864
9324,0.03361613402372378
9325,0.030454441491819816
9326,0.016768342778549845
9327,0.05949480327947524
9328,0.010706696880429627
9329,0.032460879319732065
9330,0.12704692139317925
9331,0.054718531385377064
9332,0.20860748735101434
9333,0.022513267229184855
9334,0.037034279833897635
9335,0.03885208016722838
9336,0.04315888926336077
9337,0.07834808706354804
9338,0.07555679601886298
9339,0.0999231331083332
9340,0.12615401716992142
9341,0.052199394277300214
9342,0.033391054732909084
9343,0.1222685603567688
9344,0.01267429912494927
9345,0.05863017979447954
9346,0.04074094777429824
9347,0.023393876168000875
9348,0.11247173591130344
9349,0.020540819608982647
9350,0.07063147423853966
9351,0.016429011639450455
9352,0.052478202507029684
9353,0.05859175956187979
9354,0.016401555589737608
9355,0.06625736942911986
9356,0.009052735138393223
9357,0.010521865022053854
9358,0.052856895884490995
9359,0.0597342252310443
9360,0.05344931905816451
9361,0.012688026038554099
9362,0.1591883656416352
9363,0.016789453756839184
9364,0.06843941804547429
9365,0.07111339272232549
9366,0.03775532830587864
9367,0.06992216652275265
9368,0.07156444045097078
9369,0.12111269906888199
9370,0.03900679659518333
9371,0.04872769486527898
9372,0.03573552874890155
9373,0.06563179527192145
9374,0.45124908526817337
9375,0.024371707891162993
9376,0.14628017858338055
9377,0.04291027493711901
9378,0.027970176374156053
9379,0.03455216796586544
9380,0.0412108387805496
9381,0.187642237806473
9382,0.9137258968547072
9383,0.11136117403609794
9384,0.08051512797130084
9385,0.033578217417663904
9386,0.04816721601450945
9387,0.07717477280634043
9388,0.019498056375405335
9389,0.0381467876403241
9390,0.1920329713423039
9391,0.018926820408041164
9392,0.09133471616803966
9393,0.026974551600918485
9394,0.012781681617020363
9395,0.028240943499787254
9396,0.0689212084787815
9397,0.03887994021840385
9398,0.2696575965176613
9399,0.049246301994617964
9400,0.014218042491229143
9401,0.20294462322202922
9402,0.02560633128944815
9403,0.046713844619727315
9404,0.034198432227827036
9405,0.04556727264918034
9406,0.05734615542668041
9407,0.11414115977997477
9408,0.09431671753794414
9409,0.10614822228428131
9410,0.19192958898924606
9411,0.029351766226586317
9412,0.12281952970165708
9413,0.209096432205445
9414,0.04638158947169133
9415,0.07709198614882548
9416,0.047479729159705636
9417,0.018942255863501803
9418,0.030994762962438804
9419,0.037785287184395056
9420,0.04862315004067003
9421,0.08836403684892702
9422,0.052595846792793666
9423,0.042208858750202805
9424,0.10000277641468011
9425,0.03635447415868312
9426,0.037023113696141675
9427,0.024879945052243266
9428,0.009703233835162995
9429,0.026675734823446463
9430,0.039976566089878825
9431,0.11181212074483082
9432,0.020986630481766577
9433,0.10815367424569398
9434,0.0401270940628067
9435,0.037362593607281065
9436,0.02605785208995348
9437,0.04936737797522706
9438,0.0794781902566348
9439,0.06471572469152999
9440,0.02306548496870765
9441,0.023587598277943756
9442,0.020603033807058385
9443,0.08245914544802846
9444,0.04127202966747922
9445,0.23206174921878822
9446,0.13317228449536653
9447,0.15027132667294288
9448,0.10500310789786631
9449,0.06816167203715998
9450,0.04907052666028103
9451,0.05690121193380088
9452,0.017844118790908123
9453,0.02150088438559058
9454,0.08698443612543325
9455,0.03663805662664599
9456,0.05048848879955865
9457,0.7550036698223583
9458,0.05481675805316031
9459,0.05055247088946991
9460,0.028629762727339355
9461,0.04206645594638838
9462,0.05581515789391695
9463,0.03469308154500342
9464,0.39579080650719
9465,0.01729732505777391
9466,0.030815426118840333
9467,0.11264665038491994
9468,0.02200021792200956
9469,0.056557519897480965
9470,0.03016877740132346
9471,0.010111882431126044
9472,0.06268314395094496
9473,0.06233321333269547
9474,0.0393408396501613
9475,0.05477153142232239
9476,0.01821737692710115
9477,0.03423576521337758
9478,0.0501490309853317
9479,0.023748349460211024
9480,0.019439224654831784
9481,0.08052531770466614
9482,0.06640606332345912
9483,0.049752571556888746
9484,0.020845397823014603
9485,0.02199744793983868
9486,0.03751501051813337
9487,0.024213309034592352
9488,0.02096621734139637
9489,0.08908568561790348
9490,0.05918852495369371
9491,0.020498064713376108
9492,0.016441132736573754
9493,0.0313355675266469
9494,0.026788585025403752
9495,0.11364689708399521
9496,0.04208195539717228
9497,0.020807110652333573
9498,0.2061424758004985
9499,0.0474254874592661
9500,0.019434119483673296
9501,0.25234273496996346
9502,0.019692976484446574
9503,0.013994744903604158
9504,0.0640404590345289
9505,0.031639178243988146
9506,0.02031694093866941
9507,0.03932231579507178
9508,0.07608333217747304
9509,0.02112506358078266
9510,0.046716196700716424
9511,0.05760276270101378
9512,0.4685798135408582
9513,0.026029439258875943
9514,0.044931296009344535
9515,0.03930237927833175
9516,0.1336346919680958
9517,0.04904456982011107
9518,0.03808505333226292
9519,0.01630203793750875
9520,0.0436871380963709
9521,0.03662248417457399
9522,0.0594229715010179
9523,0.09643014978897937
9524,0.012764063956998003
9525,0.07280282918391792
9526,0.05369760082234011
9527,0.044914208003694625
9528,0.31788667800529247
9529,0.053744764882000855
9530,0.06314389756477096
9531,0.04924885308074536
9532,0.04883560469830857
9533,0.028616407390926343
9534,0.02283913213363461
9535,0.017493438697886565
9536,0.057095231078837606
9537,0.10607148386881805
9538,0.013086044626440328
9539,0.10502502430324334
9540,0.017830320599875903
9541,0.1333216465098508
9542,0.05096788379966221
9543,0.044125281621805866
9544,0.024867947220307857
9545,0.10144243789803384
9546,0.028235110890460255
9547,0.11786077899233549
9548,0.026134136735999416
9549,0.06381449724911875
9550,0.07974608171451475
9551,0.02124085476261562
9552,0.12641636973660283
9553,0.013596845699508994
9554,0.013653823332807935
9555,0.044456002951555926
9556,0.023507162000452674
9557,0.05264615428056851
9558,0.09700035912017575
9559,0.08367263759396726
9560,0.042393045107229244
9561,0.014255739859239308
9562,0.05889854958624927
9563,0.024745945759206446
9564,0.04185407918676184
9565,0.04417879049278506
9566,0.02604229712397545
9567,0.08169695004005212
9568,0.03633159820401691
9569,0.02233633019272346
9570,0.03007362539233694
9571,0.1498128063692042
9572,0.022138140067193564
9573,0.05528328467566444
9574,0.13860787230217006
9575,0.02575481107131101
9576,0.10205950035989553
9577,0.051180065685641346
9578,0.046351580188617174
9579,0.15998336622058126
9580,0.04504493026431444
9581,0.03663566724628736
9582,0.0429615020469476
9583,0.03029411005476962
9584,0.06815874107879702
9585,0.02061371908569151
9586,0.04149543655114068
9587,0.09097508431039361
9588,0.02664647449538737
9589,0.016775299885843926
9590,0.030627717868500853
9591,0.07004110548936959
9592,0.018406831322102385
9593,0.1584794298854662
9594,0.016799480821246764
9595,0.019210699185434634
9596,0.06174002321226582
9597,0.03404979866995916
9598,0.22858569422588867
9599,0.035533882011604435
9600,0.024229790167096317
9601,0.13475185518532493
9602,0.07378102013424383
9603,0.01960860532082464
9604,0.06833015133519012
9605,0.020982508941922186
9606,0.040903778046327076
9607,0.06370269478764513
9608,0.09514219590437033
9609,0.025458042342493183
9610,0.026015858771852193
9611,0.03731836554864443
9612,0.09609591903142405
9613,0.03082051246924361
9614,0.034703235408295896
9615,0.017332535541966218
9616,0.021154820925894303
9617,0.08660313789576146
9618,0.023715385753371246
9619,0.03163385255542886
9620,0.11170997821357914
9621,0.023211340442438264
9622,0.061611400947078884
9623,0.05538272092078716
9624,0.041915612668958005
9625,0.05454309826314228
9626,0.03359597797307831
9627,0.1183724974720804
9628,0.030836387162042476
9629,0.033816883345644144
9630,0.04400673909324833
9631,0.0458359429738877
9632,0.10276644713608428
9633,0.028205340770161326
9634,0.05878983651155857
9635,0.014308791672036341
9636,0.09264898081130346
9637,0.06570639834821242
9638,0.16642090636129508
9639,0.18163095942863564
9640,0.13868458210640489
9641,0.038466701452387224
9642,0.036460633746053
9643,0.027490031651874122
9644,0.0197246705330359
9645,0.0633076867839196
9646,0.038144893961182466
9647,0.032262933236955706
9648,0.06465111954906688
9649,0.024790453424174137
9650,0.11787718740854847
9651,0.03509312135677021
9652,0.04280891884977989
9653,0.03667174589731477
9654,0.1111510463323778
9655,0.02264889466609096
9656,0.048048336154048396
9657,0.03975992404689672
9658,0.07539715240299
9659,0.021391381377305754
9660,0.014636526921677556
9661,0.13905021940558326
9662,0.07972914197525643
9663,0.026522469158656057
9664,0.02354463649058572
9665,0.023766782388245606
9666,0.014860270600947759
9667,0.7379705476177794
9668,0.13682576305441804
9669,0.012033206718383708
9670,0.07434831072840994
9671,0.04375158641943231
9672,0.04179756193097885
9673,0.0385094766351356
9674,0.03419792947690371
9675,0.13800402298863357
9676,0.0383131969459797
9677,0.052800391840902516
9678,0.07125549197041162
9679,0.04167226232043069
9680,0.017887564955748832
9681,0.06645632193846607
9682,0.011165447539492139
9683,0.08430780165212474
9684,0.09939769032373238
9685,0.1470190503414375
9686,0.022076177592869582
9687,0.08200863289497456
9688,0.0634806498647105
9689,0.11923819574911865
9690,0.02153442683228946
9691,0.028147649138921114
9692,0.1271585845899636
9693,0.018204916186285162
9694,0.01157663056553916
9695,0.12037907611500825
9696,0.019590669146108138
9697,0.014860125874937156
9698,0.06498205591203664
9699,0.05751548054667054
9700,0.2101837969294589
9701,0.03673880521099077
9702,0.07476916489778808
9703,0.028324772638873646
9704,0.05991959142048911
9705,0.0346176226164068
9706,0.12260076855693719
9707,0.021220103535107747
9708,0.028012931549423303
9709,0.051574283960741985
9710,0.0951885356669139
9711,0.023022900662985697
9712,0.04203837095927221
9713,0.03205056059139264
9714,0.04680859392156115
9715,0.04721533053144129
9716,0.014341107003951597
9717,0.18320336554514882
9718,0.03384983225213404
9719,0.0671872511955462
9720,0.33341602583689
9721,0.03053595219826207
9722,0.29500810934117405
9723,0.09023070185484011
9724,0.01573457712129362
9725,0.03169686970854566
9726,0.11544784900828717
9727,0.09753212752722924
9728,0.032161540447875045
9729,0.05347887570974104
9730,0.05250699616338099
9731,0.01274743000743133
9732,0.04613896090084371
9733,0.03595345990945136
9734,0.07143545359138231
9735,0.013417404054950855
9736,0.03903100425037314
9737,0.10869466308620451
9738,0.04247079933354653
9739,0.03542039872067696
9740,0.08427702618256504
9741,0.02604022273056733
9742,0.036809725992785994
9743,0.33799624514914595
9744,0.10101989791790718
9745,0.02749557728365723
9746,0.248327658938621
9747,0.12550393874398386
9748,0.15604601409826754
9749,0.12436406019218155
9750,0.10284785516545158
9751,0.024212137918074916
9752,0.11486882600466271
9753,0.19980776987691568
9754,0.027173543399205503
9755,0.061734184348892565
9756,0.06544784315009668
9757,0.0760764036993182
9758,0.08451168309288515
9759,0.035516709769276254
9760,0.261816524784352
9761,0.037777300750985565
9762,0.04983350972845557
9763,0.024770632600862062
9764,0.040413864562248256
9765,0.015147716881906342
9766,0.036186530060537916
9767,0.026970401871821995
9768,0.06009256811625819
9769,0.21540430393671664
9770,0.03348992482580403
9771,0.1310112303917449
9772,0.03215474397815364
9773,0.014619417783282981
9774,0.12580702611800676
9775,0.1311925117516695
9776,0.02623841690875765
9777,0.0475610209904998
9778,0.11429201352832492
9779,0.14043606942037526
9780,0.04794555827300541
9781,0.015751186514949438
9782,0.02457230848568675
9783,0.06303990515468551
9784,0.046246070276536225
9785,0.11587417698677693
9786,0.014595160315001642
9787,0.06887817954605935
9788,0.046307796923072644
9789,0.021279674157888877
9790,0.0411384064260833
9791,0.02074064286022785
9792,0.03233466818515867
9793,0.10777056797617528
9794,0.011840004692571848
9795,0.04741490698793165
9796,0.0073320105677099024
9797,0.032931492874880855
9798,0.1320063936873511
9799,0.05927368709171932
9800,0.031341515451882164
9801,0.016855098532872814
9802,0.02843541001688992
9803,0.031192362043135288
9804,0.2030462618023562
9805,0.02154890539175124
9806,0.05333770188472925
9807,0.026045466279356645
9808,0.028479753217435438
9809,0.025677824230475172
9810,0.01890201926105894
9811,0.023561689714808168
9812,0.03624149032228427
9813,0.11584414345538173
9814,0.031107330469495896
9815,0.018408134383142885
9816,0.10591054410535983
9817,0.04459351149618704
9818,0.16782020566536976
9819,0.29078404611391
9820,0.015294334101224646
9821,0.10474931579125155
9822,0.06023150709953211
9823,0.5204398219172442
9824,0.017008542033630114
9825,0.08523922360704096
9826,0.1778476903242375
9827,0.018881166854042432
9828,0.08979072485147697
9829,0.10422548900584729
9830,0.11416587150915714
9831,0.023541900132124302
9832,0.07151220939663817
9833,0.04331506920651672
9834,0.06472074871623418
9835,0.030791731866349537
9836,0.021994626299416675
9837,0.1941137616234079
9838,0.037474620787262894
9839,0.07190329239991458
9840,0.041893496835118296
9841,0.22253081598060162
9842,0.04028235814893846
9843,0.03712679609112184
9844,0.055269753814045086
9845,0.01389998530471976
9846,0.01375167049172265
9847,0.08298162020753874
9848,0.08340310702727985
9849,0.0595181436570424
9850,0.020988979654929914
9851,0.03600394735688565
9852,0.027943921927117893
9853,0.03993155107347761
9854,0.05343071157794809
9855,0.31841377718271147
9856,0.06987523115263704
9857,0.16359712627388684
9858,0.029708957414469744
9859,0.014820631143858091
9860,0.050464458495522134
9861,0.026937458855239745
9862,0.06375841798192236
9863,0.02277265145544119
9864,0.08114429682810649
9865,0.1545878526416895
9866,0.04825959921027309
9867,0.03958457370393366
9868,0.04091845557769007
9869,0.07630142033210204
9870,0.07409484278134101
9871,0.026769225663794145
9872,0.06674711285390442
9873,0.016735898423076587
9874,0.06431125502892787
9875,0.06292664692467599
9876,0.28776502964188044
9877,0.03681687529939155
9878,0.040811400508821156
9879,0.045240384273951745
9880,0.03674873761949049
9881,0.013197640514559081
9882,0.055893561385154104
9883,0.017936551375889398
9884,0.1795013618079519
9885,0.0220519734181945
9886,0.05307707379783011
9887,0.018155410832023607
9888,0.05546439818774654
9889,0.08775479532710442
9890,0.010402918506708717
9891,0.08714812231016224
9892,0.022461285579854155
9893,0.07971045649526523
9894,0.017501688851755966
9895,0.11540881463507152
9896,0.021875682306604513
9897,0.037445220506235374
9898,0.0784657518483361
9899,0.059503154625977314
9900,0.022920796690285645
9901,0.0158839599701218
9902,0.1471739843503961
9903,0.021033322429616873
9904,0.018871809184356946
9905,0.022663980728338504
9906,0.029148176893368627
9907,0.036577778225360895
9908,0.04749985873768242
9909,0.08813304845822868
9910,0.03328215241548633
9911,0.017093591283106523
9912,0.021391485966487427
9913,0.043067517823943
9914,0.04991820105604078
9915,0.024174222738197516
9916,0.1335331983683191
9917,0.019003611453013797
9918,0.16478629063115674
9919,0.019715572753797025
9920,0.08763841435646749
9921,0.014553531954442225
9922,0.013813334945805802
9923,0.02023559151413592
9924,0.03631978648513059
9925,0.26157886441267564
9926,0.01214586200382974
9927,0.04554772248336404
9928,0.13608107979999484
9929,0.034813594560190786
9930,0.029206546404181046
9931,0.03021878639491561
9932,0.015573630416444852
9933,0.023969905101769766
9934,0.026594251760796394
9935,0.10477881745406165
9936,0.11607617483723634
9937,0.03679771986734891
9938,0.05002004720990469
9939,0.03729572438731556
9940,0.04012681284985337
9941,0.17046289849599905
9942,0.0328481946306357
9943,0.019904990125405406
9944,0.02684882181308113
9945,0.05951743221512748
9946,0.02571345732659473
9947,0.07014402183399149
9948,0.02068913089970323
9949,0.02513428764824292
9950,0.12296943728322196
9951,0.08052274397321102
9952,0.05177038812210876
9953,0.02420771019252784
9954,0.014846744847360122
9955,0.018844853499792216
9956,0.023090756940069165
9957,0.038382527921794
9958,0.035566649258695876
9959,0.16409791865372603
9960,0.048868376162933325
9961,0.03490992471653062
9962,0.01156941968420795
9963,0.03372673449377585
9964,0.031472243515218004
9965,0.06005397964578907
9966,0.03391982591276355
9967,0.042736754804968205
9968,0.10631473907571581
9969,0.045043755001289876
9970,0.018242679582941946
9971,0.023240722200696666
9972,0.10938917566388981
9973,0.058413309872798004
9974,0.05568154905535179
9975,0.03900881461640276
9976,0.01982063508564492
9977,0.12834331093175577
9978,0.0463857445358612
9979,0.021716877253311544
9980,0.105009299472002
9981,0.1556542930638432
9982,0.09071765867201262
9983,0.05355986798695786
9984,0.02179634044738116
9985,0.025325916134897583
9986,0.0685307708139911
9987,0.014981897984543056
9988,0.027230109878473886
9989,0.02920338784651566
9990,0.021663838952674756
9991,0.03457535160419684
9992,0.0139691990699548
9993,0.07830567852511805
9994,0.026262824319006176
9995,0.015310004022550613
9996,0.019984975916462807
9997,0.02805043867889464
9998,0.02189926049297526
9999,0.1618463982543086
10000,0.03009375932448679
10001,0.036831004809971424
10002,0.06506455750230061
10003,0.01828869233774419
10004,0.07996020553295308
10005,0.0690817142594409
10006,0.015843064525491266
10007,0.07882860345322532
10008,0.025901254992952625
10009,0.047975215634819754
10010,0.2246061425835451
10011,0.07400625658755705
10012,0.019930440112200017
10013,0.018275611668272837
10014,0.01954231874988081
10015,0.12390756783497278
10016,0.12072759936795381
10017,0.07595428795546705
10018,0.07134599644635484
10019,0.048894559803066104
10020,0.02753098536982002
10021,0.17441195684146957
10022,0.0899058427502532
10023,0.017337900367152805
10024,0.043269731266904636
10025,0.07096952224779163
10026,0.018230743303333963
10027,0.15296315238086805
10028,0.00856251247244159
10029,0.1321317417001016
10030,0.08851329502627557
10031,0.10479510193671183
10032,0.017929796060573527
10033,0.017526096349393748
10034,0.0353883143178073
10035,0.10333672615963976
10036,0.05346675807467002
10037,0.044255979516783055
10038,0.06601629487824033
10039,0.025334378170583153
10040,0.06366499742306815
10041,0.0704843263288141
10042,0.118218940295473
10043,0.035329634123422424
10044,0.015654122385750414
10045,0.007201884239355312
10046,0.1432560442512437
10047,0.034344979717072587
10048,0.0783388317131004
10049,0.02123015459832438
10050,0.03587800942913863
10051,0.03322909980695107
10052,0.020854658664581645
10053,0.0633150020292663
10054,0.04462947126615869
10055,0.04570580617822317
10056,0.02203630397953151
10057,0.06926709556443122
10058,0.030389140592674245
10059,0.04638781494993375
10060,0.020572643146093073
10061,0.06242967627196507
10062,0.09576069854180308
10063,0.026089149132687846
10064,0.40955157333523423
10065,0.13797004203410262
10066,0.03096371063579604
10067,0.02330807116353208
10068,0.05713323541604086
10069,0.021132594812316895
10070,0.08927861127696685
10071,0.06603771674074324
10072,0.022291735054621818
10073,0.1538180929160065
10074,0.07058415819711031
10075,0.12050213689004109
10076,0.036067156666487146
10077,0.1796256085778833
10078,0.19406280435248885
10079,0.06593364302346162
10080,0.07060469287716496
10081,0.12407734302184048
10082,0.08712396541634747
10083,0.02131228975753298
10084,0.10201035124508423
10085,0.1971537446377683
10086,0.037166290890437645
10087,0.0120636856446382
10088,0.07347373964476833
10089,0.018904171759492848
10090,0.015167843788717023
10091,0.1533617733796579
10092,0.04183787493860398
10093,0.017084783069297445
10094,0.011528959422059948
10095,0.030082120566645693
10096,0.014295278221909239
10097,0.05156900649833529
10098,0.13416879767079637
10099,0.09108688977531434
10100,0.039516671114191146
10101,0.01619184868660481
10102,0.0536959302084651
10103,0.08966960931866823
10104,0.2901720576694732
10105,0.03446741330554437
10106,0.1548171908864767
10107,0.14741680247445177
10108,0.043751766091337796
10109,0.06295058937451203
10110,0.02693716914504159
10111,0.03280683533201032
10112,0.04451253673598793
10113,0.02284470816187153
10114,0.017156897462180933
10115,0.010741937467583217
10116,0.10002693066149519
10117,0.044066385102973754
10118,0.011011989550440807
10119,0.04704228442063393
10120,0.021698057857545448
10121,0.06798076008555086
10122,0.03089018201089195
10123,0.033002875981117855
10124,0.06483696883385053
10125,0.05218706896410296
10126,0.02739216657271065
10127,0.0610857949724107
10128,0.1978984050402141
10129,0.018145522235780295
10130,0.060092780980861085
10131,0.030282090349877635
10132,0.025203589312922537
10133,0.241405699569366
10134,0.014108053979867533
10135,0.170630131189046
10136,0.027405111790773918
10137,0.024327343543612177
10138,0.021552172639320563
10139,0.07236942300280362
10140,0.07630637207832955
10141,0.11958435669672113
10142,0.0893315733267939
10143,0.04794191963426712
10144,0.15389102558260995
10145,0.03798254154752101
10146,0.09852216420847229
10147,0.03344295688012292
10148,0.07115499705215217
10149,0.05755264029129747
10150,0.0669173395314003
10151,0.09223093119125811
10152,0.058922991991008374
10153,0.15024141846628059
10154,0.03119627846490821
10155,0.03888503624601296
10156,0.0399387703843693
10157,0.03872819401728144
10158,0.014142530776553253
10159,0.07875626526317628
10160,0.025209629144497495
10161,0.0990345151637167
10162,0.13401077006720374
10163,0.015811155638979175
10164,0.12711587390049098
10165,0.01629066729145909
10166,0.0961532875718296
10167,0.05403723937804031
10168,0.09208282278610407
10169,0.06830960212978246
10170,0.017616629968912726
10171,0.12361902908511742
10172,0.03462299247526862
10173,0.06186720190017155
10174,0.0278120823114629
10175,0.0477935433605213
10176,0.03603893263832315
10177,0.5511130739699386
10178,0.017327009219022957
10179,0.15834670798096676
10180,0.06691694225017188
10181,0.05495519532789197
10182,0.01899459025203454
10183,0.1522519280787352
10184,0.04338308121845559
10185,0.07120051874589983
10186,0.04506047827359631
10187,0.037776373329815136
10188,0.05591283314294493
10189,0.06582841887707233
10190,0.13671298098928905
10191,0.04274636099768639
10192,0.06644075437251182
10193,0.08150818885200668
10194,0.024510647576097985
10195,0.12340050995253081
10196,0.01842039003953861
10197,0.04295841425105604
10198,0.010986365917631198
10199,0.013462373846914297
10200,0.043431765220723485
10201,0.010498988848872223
10202,0.02503910031790651
10203,0.1160877877780156
10204,0.08547750966875373
10205,0.041170642045747066
10206,0.0158854899141564
10207,0.031115375164065484
10208,0.05304997457190386
10209,0.025800788343972245
10210,0.1435976301312477
10211,0.03467541892152541
10212,0.040433946564666666
10213,0.20779028425177068
10214,0.08955839464594077
10215,0.06971055906270997
10216,0.13525065510895184
10217,0.06627019721702693
10218,0.10235450070214863
10219,0.06401709239542702
10220,0.02898646518847992
10221,0.11676149296732985
10222,0.036256110144696006
10223,0.04088467831028687
10224,0.060795229852182546
10225,0.13991084041840338
10226,0.04572756734699408
10227,0.017954145208648443
10228,0.03165462612334375
10229,0.03328790720473763
10230,0.07223575345361535
10231,0.29527531564869547
10232,0.07563544911286493
10233,0.055408284557553075
10234,0.03347960139323157
10235,0.051302820056813574
10236,0.013282279283137844
10237,0.023947670552953024
10238,0.07311426468089537
10239,0.015142520674611748
10240,0.15686423892773904
10241,0.0494454291252553
10242,0.054458314102751884
10243,0.06244185101389608
10244,0.03850748434047813
10245,0.012809418099551488
10246,0.14239721554011892
10247,0.07876541413732686
10248,0.023558452777459715
10249,0.4785587411005575
10250,0.0637433173010584
10251,0.045022324274424534
10252,0.03795884404713454
10253,0.03136789568033509
10254,0.08112713694784111
10255,0.023013320619925507
10256,0.04525325644149834
10257,0.08167706040546362
10258,0.07295750098583603
10259,0.012101778786795239
10260,0.032092881510079045
10261,0.05424147078433601
10262,0.09663665480643069
10263,0.11926479069213669
10264,0.09101330058056953
10265,0.013821218212743978
10266,0.029108576095892926
10267,0.027576319376877743
10268,0.06171008515647359
10269,0.06735319782421977
10270,0.03834186018651477
10271,0.03789331283719008
10272,0.1732679281738953
10273,0.13579842311311718
10274,0.19144462062456868
10275,0.11238149430925523
10276,0.015279735542567188
10277,0.04795401147280421
10278,0.07988871608384794
10279,0.025678307939870096
10280,0.025845791447291353
10281,0.012968843680035275
10282,0.2673590920634691
10283,0.016570034139789535
10284,0.06998791784198255
10285,0.09647540170290748
10286,0.018397800505335342
10287,0.08739516687218836
10288,0.031357739449443436
10289,0.024838060289498275
10290,0.09199731696006207
10291,0.022540760080469895
10292,0.05064557738624596
10293,0.047586236499571374
10294,0.07830886780979043
10295,0.03358080910901016
10296,0.08939967472250479
10297,0.0162049750475999
10298,0.06347158416266063
10299,0.02512426952552715
10300,0.01492114696843473
10301,0.10438015883217566
10302,0.10132058868764231
10303,0.0811432382012704
10304,0.04207640192521993
10305,0.02311243444790376
10306,0.055136306467957
10307,0.009382421781888747
10308,0.04970692620637544
10309,0.03618223666408388
10310,0.020942053066610258
10311,0.07584677633537978
10312,0.053258580163427736
10313,0.057142576376227466
10314,0.1224876106062913
10315,0.12170791698190335
10316,0.07720532768678356
10317,0.011273637586452438
10318,0.546934244501149
10319,0.03243040940745127
10320,0.1362547824245823
10321,0.008636976055873272
10322,0.10535427635500302
10323,0.015438010451148879
10324,0.17302318605723624
10325,0.09993270004644964
10326,0.05455273972384565
10327,0.1073762791808627
10328,0.0770613188307742
10329,0.011597630666009216
10330,0.14283928743797783
10331,0.03602919440564192
10332,0.030278372708865596
10333,0.06666647382360674
10334,0.022671824286709216
10335,0.051732322423706956
10336,0.07434968952636584
10337,0.02821350604856749
10338,0.02578831713923404
10339,0.06661116673017235
10340,0.02333285667428371
10341,0.119440069248746
10342,0.023141913485885898
10343,0.3436320980686926
10344,0.034347737340056576
10345,0.09473243583949469
10346,0.03179423835354331
10347,0.038988122180261174
10348,0.13351758113409817
10349,0.02863882831489694
10350,0.04400494460415175
10351,0.05472935905363519
10352,0.025637076278604936
10353,0.13449394689688138
10354,0.04777785470329702
10355,0.054052942913275566
10356,0.05844315832386013
10357,0.02611352163747303
10358,0.17450802246689368
10359,0.1464008441143221
10360,0.025361955221515242
10361,0.06245062749758368
10362,0.03147531177806021
10363,0.0755174325762233
10364,0.018723719015326636
10365,0.024797428326608546
10366,0.03956128064124513
10367,0.03138231800313715
10368,0.055131924207218574
10369,0.035450960310615454
10370,0.02933558790234317
10371,0.034527618270857374
10372,0.04928727457851619
10373,0.06695462678502362
10374,0.03939072422917314
10375,0.09030583399239936
10376,0.022328050327201976
10377,0.20416281134961564
10378,0.008018825944587887
10379,0.058115850257323076
10380,0.02024790222064202
10381,0.021341701067056955
10382,0.00865653230033371
10383,0.10263636480311229
10384,0.09344818409810636
10385,0.07370254632797259
10386,0.2323015291290546
10387,0.015054637646731091
10388,0.01343188743294586
10389,0.033564402397237104
10390,0.03455289904441933
10391,0.05762472755798295
10392,0.09048101910530935
10393,0.015319263674968154
10394,0.20273888148317754
10395,0.06878097907196776
10396,0.026835227050258176
10397,0.025170357066674455
10398,0.043425965365531505
10399,0.0316468178429633
10400,0.1351699920263853
10401,0.15199522451159775
10402,0.04407984839994335
10403,0.11834967807819587
10404,0.07972192215461332
10405,0.02832331371449971
10406,0.06488466870788069
10407,0.1468614358893254
10408,0.019595501443681808
10409,0.03278240544734087
10410,0.09398925506636406
10411,0.11337027306999456
10412,0.02563907536032408
10413,0.03634662611211032
10414,0.04537046179261155
10415,0.03745766281803029
10416,0.01263195536512969
10417,0.02936769585432711
10418,0.014417714641939677
10419,0.04048138512640128
10420,0.03438473171411874
10421,0.022563094657288483
10422,0.05141343232950015
10423,0.02423315303037566
10424,0.16714473852741224
10425,0.012751726729009026
10426,0.025639984337833297
10427,0.16984232424070783
10428,0.042877252983472475
10429,0.020523634643719244
10430,0.0528150253958493
10431,0.2970967848804764
10432,0.02638230179760247
10433,0.06966981355868418
10434,0.29204852256460373
10435,0.08870872870433641
10436,0.021122210757808117
10437,0.053393703193966705
10438,0.04961767720778144
10439,0.2379660250113249
10440,0.016423774492689593
10441,0.013586421558315506
10442,0.02450131721034836
10443,0.09776568423566366
10444,0.06242780253003732
10445,0.06021261702192967
10446,0.06679513658537302
10447,0.06134272457112949
10448,0.1083079330642445
10449,0.05005986568453089
10450,0.09344900491730611
10451,0.013914582621956054
10452,0.02414827624611568
10453,0.06567387141129591
10454,0.022933185548061823
10455,0.04166714082407984
10456,0.015041213158007001
10457,0.03622558751117309
10458,0.016699999001323827
10459,0.04247807156256432
10460,0.25849644311788655
10461,0.04868161587390721
10462,0.4117711051952083
10463,0.09900386757744024
10464,0.05274520437904745
10465,0.040736497308705155
10466,0.03043212324043866
10467,0.33502998443717213
10468,0.08837121078282194
10469,0.05901865792758662
10470,0.042801223946381584
10471,0.426478334156097
10472,0.02468550440207092
10473,0.03674607814884196
10474,0.02883405465727954
10475,0.03944148137050475
10476,0.043947394207043834
10477,0.05294259840326768
10478,0.06615608352275054
10479,0.03981418244551782
10480,0.07892378536368622
10481,0.03254593307399856
10482,0.05938637880283855
10483,0.21276177383991393
10484,0.08749933805166993
10485,0.03081702884488362
10486,0.04117571540484804
10487,0.044032522758378795
10488,0.0823950502113861
10489,0.03469892823306973
10490,0.0592653151991047
10491,0.015085907432617682
10492,0.02808080029845151
10493,0.01143507862475213
10494,0.031573390946349096
10495,0.03485512676586763
10496,0.032833854451922655
10497,0.08795299415020925
10498,0.04906056253920881
10499,0.13795217351748074
10500,0.12468046325992474
10501,0.06523707574654829
10502,0.06781210025615443
10503,0.027290097905831465
10504,0.04343290261017268
10505,0.04306058767060636
10506,0.03400907110356892
10507,0.042873884634074835
10508,0.023066551225368586
10509,0.11879421790973632
10510,0.03898685581203552
10511,0.01865481120412884
10512,0.017460767366396797
10513,0.041984832603861426
10514,0.038094725124981924
10515,0.15082519251018622
10516,0.02211601755519702
10517,0.022699040853889296
10518,0.034162653698703596
10519,0.08482458258757594
10520,0.016208127405464862
10521,0.14544086297489967
10522,0.011978552440937068
10523,0.01773121107028184
10524,0.014625943386804017
10525,0.03120366024280818
10526,0.025755814319392258
10527,0.10940882019740407
10528,0.011810516179322538
10529,0.14031140159995506
10530,0.0553086404516738
10531,0.11006556762394648
10532,0.12372608078071182
10533,0.07330859678967311
10534,0.048429465774028096
10535,0.02144652207209207
10536,0.08163760508188983
10537,0.026188266957082373
10538,0.03488766399520748
10539,0.02748269793191767
10540,0.12361825209730984
10541,0.06026578476160706
10542,0.02776530376499014
10543,0.14856393201039822
10544,0.40423288947424996
10545,0.03829547880632521
10546,0.052138463549241794
10547,0.016572407976516663
10548,0.07577426313671243
10549,0.021510947057825847
10550,0.016572178706879093
10551,0.19681408827650324
10552,0.03009121742926171
10553,0.06298282350689997
10554,0.016186411898536604
10555,0.047980944254236754
10556,0.12583628823112497
10557,0.06324016418826107
10558,0.11200801060748022
10559,0.11040254047983625
10560,0.08908049316468082
10561,0.020878217452044934
10562,0.009922800426005712
10563,0.03335748342035154
10564,0.029122295986540758
10565,0.11355872587781402
10566,0.23379115565421535
10567,0.03477755568452681
10568,0.011967142826893545
10569,0.04411702446281937
10570,0.07719206641658448
10571,0.07594857466767399
10572,0.028124679136574415
10573,0.039063160743851924
10574,0.1040248278357287
10575,0.3434329978373338
10576,0.4980956318756212
10577,0.04167227382964492
10578,0.2214386939896798
10579,0.060534768371783045
10580,0.08562102562479576
10581,0.060179379394682646
10582,0.04047928825065783
10583,0.027699056929233027
10584,0.03363477617571649
10585,0.08290878220334008
10586,0.11754821425132
10587,0.038355457985777046
10588,0.029390018448715555
10589,0.028340635428454407
10590,0.04878011257539683
10591,0.10464500443356353
10592,0.015192462403029648
10593,0.564661006122225
10594,0.2325546975360916
10595,0.09201640068444235
10596,0.013207849298868344
10597,0.024185274670244318
10598,0.07059961004380787
10599,0.1070103007509035
10600,0.03538436682477068
10601,0.07030552572683599
10602,0.056757185429642476
10603,0.017325432293424602
10604,0.13881636113342338
10605,0.09365065879162159
10606,0.12291717013516784
10607,0.08407474840552719
10608,0.05942560874977401
10609,0.034776599040371024
10610,0.028155290618139466
10611,0.01079058721229213
10612,0.09682842743477144
10613,0.034774204608491545
10614,0.08553619957490122
10615,0.015494019910032417
10616,0.025389141698455207
10617,0.06612130391810528
10618,0.04054757748672901
10619,0.022175666458367577
10620,0.03092896259056263
10621,0.21825496025798652
10622,0.05272318884678551
10623,0.08658874184498776
10624,0.023483525265187065
10625,0.0833643499063372
10626,0.016175404717886817
10627,0.05821336493810127
10628,0.04346396164772985
10629,0.11295526376050936
10630,0.0274173146261648
10631,0.26552780215003924
10632,0.0539189608165805
10633,0.03251301043153114
10634,0.05139601292605971
10635,0.08477293711022552
10636,0.03969175226782474
10637,0.14472778331724373
10638,0.034997906733782363
10639,0.03599988651257903
10640,0.05855276610938763
10641,0.022048350915204427
10642,0.12183788613220732
10643,0.20500739463975104
10644,0.016461867234666385
10645,0.07771824165507436
10646,0.06048461338389249
10647,0.019819986387834866
10648,0.017251697220684363
10649,0.054620242805944665
10650,0.07049901642957762
10651,0.047261830489901395
10652,0.03669617120603949
10653,0.0468348779075572
10654,0.01872324766807642
10655,0.17513339320643187
10656,0.03112748535937465
10657,0.042626050632338514
10658,0.03415989718484586
10659,0.10937777207264397
10660,0.04817442718204688
10661,0.04641785681255834
10662,0.024839967320047836
10663,0.028276801551541806
10664,0.04019703441902117
10665,0.01687116198337523
10666,0.08560294102250143
10667,0.06923225864502039
10668,0.01621190673530877
10669,0.1501452212411716
10670,0.08209839670278336
10671,0.012072851881527047
10672,0.05661541664914062
10673,0.01777427733781923
10674,0.13397222230495942
10675,0.1844821468515851
10676,0.04103362244825008
10677,0.04405457061153145
10678,0.030510246969690156
10679,0.2641201883335812
10680,0.022034152291833274
10681,0.06825040561421922
10682,0.045950281176803054
10683,0.048741980592834924
10684,0.06554928056857888
10685,0.033343940684029974
10686,0.06736451204590004
10687,0.06438289495415223
10688,0.03309606832271332
10689,0.04174158145474162
10690,0.05972405087008971
10691,0.027486446593681504
10692,0.32829876868889524
10693,0.016745827788147486
10694,0.019215755316028402
10695,0.019376129825475614
10696,0.0804292841208475
10697,0.011953494360513697
10698,0.013527027023357603
10699,0.021533868604498928
10700,0.024940111591713054
10701,0.025887774651646343
10702,0.09995519698987436
10703,0.06695009186126724
10704,0.11920129768378636
10705,0.043819639163323015
10706,0.026548525297064612
10707,0.1151775320297522
10708,0.1583731340801005
10709,0.04173899548683733
10710,0.02090278883113631
10711,0.1348238295552868
10712,0.09653708480807763
10713,0.14247202683479676
10714,0.034159724977965884
10715,0.08579468683450257
10716,0.019096352541977252
10717,0.020322280008508387
10718,0.07917057721407712
10719,0.03165274023809375
10720,0.014388856350051011
10721,0.027458125138730215
10722,0.11969701021316591
10723,0.0164550060815207
10724,0.0379062555785425
10725,0.03922451369636718
10726,0.13602730834747545
10727,0.04763518124824012
10728,0.037798342469086046
10729,0.04275432167048708
10730,0.019382719018632907
10731,0.10051365759959771
10732,0.025425210902689975
10733,0.11175062878177305
10734,0.3019225338789987
10735,0.024506461400586498
10736,0.028419719456652597
10737,0.03638281112858156
10738,0.025944839061485096
10739,0.0581587076289976
10740,0.03635619484702481
10741,0.021007414990981178
10742,0.12939716387316663
10743,0.02982845969548049
10744,0.13972311710810437
10745,0.06135062578798736
10746,0.06433163478791983
10747,0.08784111828748568
10748,0.031354951988508295
10749,0.04232747699771224
10750,0.021026820736667052
10751,0.026148991100421678
10752,0.037098138312224783
10753,0.051753063622844375
10754,0.028469694696241797
10755,0.09106871879160885
10756,0.017872279160728748
10757,0.017672940578135767
10758,0.05260399836645012
10759,0.02864894688361935
10760,0.030418994309514016
10761,0.03616509038370787
10762,0.07615278055655815
10763,0.06238790474612076
10764,0.0328904519536204
10765,0.0863435152904458
10766,0.13071955346893535
10767,0.05130076554019196
10768,0.02587347631365821
10769,0.013828314983079007
10770,0.050881071931304325
10771,0.031011086581473262
10772,0.016700102002143905
10773,0.03630232636047598
10774,0.1330591432397331
10775,0.04789044033421157
10776,0.042058946415564076
10777,0.016591759984578718
10778,0.0208273377408325
10779,0.37753423798965385
10780,0.2309101036137242
10781,0.2346679240185957
10782,0.12209727914665365
10783,0.020659996209990355
10784,0.05183711087495685
10785,0.06069595992191496
10786,0.029982733535836845
10787,0.12997411168387796
10788,0.044658822538306026
10789,0.03452178445739576
10790,0.024459869651621544
10791,0.15224946716007243
10792,0.08217623599690366
10793,0.01765317529791833
10794,0.020033980149990124
10795,0.08660138744360994
10796,0.033491535089094325
10797,0.10721658186065548
10798,0.3156763264897674
10799,0.04531769721672764
10800,0.13469144864870033
10801,0.021823636775771652
10802,0.03191450747177945
10803,0.15733481998008478
10804,0.03834186890823897
10805,0.05753475283176443
10806,0.08538107858694484
10807,0.012530334449856684
10808,0.10954680717669198
10809,0.46707102805523343
10810,0.04546556426184453
10811,0.04036330171435841
10812,0.042992461057905156
10813,0.11251708819530697
10814,0.13973620803535525
10815,0.07810861722764062
10816,0.099409887350621
10817,0.022589379783378757
10818,0.02338979205531791
10819,0.03298818597179658
10820,0.06440505135721955
10821,0.01504801282008964
10822,0.04678311438428022
10823,0.07811348398365749
10824,0.3083257117311017
10825,0.23253505738328917
10826,0.06574379573212856
10827,0.06344043446960732
10828,0.0438487685230942
10829,0.07649280512843515
10830,0.018907026337991677
10831,0.05581841662443748
10832,0.11071647694998193
10833,0.06952462220857174
10834,0.009024580661106445
10835,0.15400872040498925
10836,0.03948611947036103
10837,0.060715852145015695
10838,0.06801404151197951
10839,0.014907965216605291
10840,0.01809387663028808
10841,0.33844620056379704
10842,0.0464753945365254
10843,0.021449745439091842
10844,0.145651343634485
10845,0.02676433403241014
10846,0.029816787278040626
10847,0.05223989439417038
10848,0.021373463522103765
10849,0.07686425806873501
10850,0.016225366065496214
10851,0.04947662916113829
10852,0.04765566442910873
10853,0.0616637827073558
10854,0.31152593113551963
10855,0.05450089034910828
10856,0.02886067279455254
10857,0.10543831931736573
10858,0.11077808266734265
10859,0.01831090872176631
10860,0.03154673318146982
10861,0.12051601177747209
10862,0.0578473579603824
10863,0.08857258204974247
10864,0.017314209226781858
10865,0.04807238169528043
10866,0.027433697587020342
10867,0.019687143805521737
10868,0.015667454502842838
10869,0.016194499931873167
10870,0.0912502474550082
10871,0.03378488571580866
10872,0.037135963415042966
10873,0.11680832476700317
10874,0.044808489054582124
10875,0.04547729508847497
10876,0.0292276234856651
10877,0.026110987780837043
10878,0.015907029673694346
10879,0.03606142897809013
10880,0.019810322839950156
10881,0.03326006223960203
10882,0.012508757713488826
10883,0.21346535066619843
10884,0.05686565113533941
10885,0.038060099448663294
10886,0.14193906878215842
10887,0.020569535001735355
10888,0.034471242129117265
10889,0.024471352550089316
10890,0.07795850669783075
10891,0.06702473584552737
10892,0.03243806440982806
10893,0.04747630260636928
10894,0.08106785842468385
10895,0.012317449493726877
10896,0.03892216366227552
10897,0.012840966949679657
10898,0.039740764342128435
10899,0.018920427080717478
10900,0.1263533108586502
10901,0.03708645508106542
10902,0.05685215839585206
10903,0.03096452340513546
10904,0.04092282000944043
10905,0.030408307036463363
10906,0.041025097336825196
10907,0.043277544812440824
10908,0.016913369875291434
10909,0.013581335342973178
10910,0.0374170891132367
10911,0.03071853513661919
10912,0.1900865058608342
10913,0.04485787440872213
10914,0.04558910226097833
10915,0.014362675795909413
10916,0.021973725176389826
10917,0.16835726242271004
10918,0.04562384825271606
10919,0.02470453969242172
10920,0.05471664045431725
10921,0.09396500208545883
10922,0.11207868696002701
10923,0.0811707485093998
10924,0.01483211446747324
10925,0.09397512783860563
10926,0.024071422911222197
10927,0.12327141188921223
10928,0.03678508204115111
10929,0.027252493592572435
10930,0.0316923104257045
10931,0.055872675266014415
10932,0.17082428687903647
10933,0.013861857119460742
10934,0.26343084989336735
10935,0.24298921118920133
10936,0.09620691512979443
10937,0.032480962092950864
10938,0.07634591635459215
10939,0.07259043313629954
10940,0.10027791345751111
10941,0.08320664905112843
10942,0.03525883746344149
10943,0.05780212201655395
10944,0.02331889714932386
10945,0.04111865349890445
10946,0.016589667026733215
10947,0.0447626052725781
10948,0.12253033702023275
10949,0.03959838950528146
10950,0.26378677529093647
10951,0.05711351263967075
10952,0.038227483716829755
10953,0.021760659355834835
10954,0.15006393962033657
10955,0.04718646816458687
10956,0.013540141805416699
10957,0.11994938273959994
10958,0.046061260633390014
10959,0.1227458854296222
10960,0.08441420384316127
10961,0.13788661935942872
10962,0.03566126051477105
10963,0.1296296357685086
10964,0.03878552086271754
10965,0.07653660174037537
10966,0.10132592931503842
10967,0.04203811532738958
10968,0.0777504206333518
10969,0.17132192073109975
10970,0.25164769836028
10971,0.03507538072336301
10972,0.04547847276229455
10973,0.050264667073514825
10974,0.03674755284887127
10975,0.029246608480900632
10976,0.0685331969100228
10977,0.04218245642252441
10978,0.038065785470619354
10979,0.08773446592969955
10980,0.07547600570748234
10981,0.007657203241277439
10982,0.10500378938347996
10983,0.01956650702471673
10984,0.029532941443695938
10985,0.014739444330604437
10986,0.010966969402220837
10987,0.019575771788962817
10988,0.01669124610187532
10989,0.019022149047160247
10990,0.0639762329672244
10991,0.13305174236617107
10992,0.05399777933762325
10993,0.0165188909401282
10994,0.035880353971175415
10995,0.07411540843326249
10996,0.11273698871162592
10997,0.03917782148203398
10998,0.026762109143570367
10999,0.028549677303726262
11000,0.04564768773332324
11001,0.18230139822764901
11002,0.015980138168678746
11003,0.016133600240090827
11004,0.008393083379867518
11005,0.02480374530763789
11006,0.019136351665429444
11007,0.03173534460458717
11008,0.020009669323295023
11009,0.04630223324068738
11010,0.04614351738260864
11011,0.056168666053312125
11012,0.016259195054874963
11013,0.20170731294683986
11014,0.01419146923141314
11015,0.0753051841639731
11016,0.012465380092164607
11017,0.033381171852757886
11018,0.06520178062068528
11019,0.03089049605336089
11020,0.04263441311852422
11021,0.022954160440031478
11022,0.08310557214406615
11023,0.06153695744945427
11024,0.016270479110728847
11025,0.03631574156443197
11026,0.06836942967338043
11027,0.01865633344266364
11028,0.08674274444911018
11029,0.026572183768818296
11030,0.21722848276098128
11031,0.014712386397595178
11032,0.0510505279233692
11033,0.019039955336009277
11034,0.08430042977987533
11035,0.2500732932549029
11036,0.01986111997458403
11037,0.014490189215494484
11038,0.024089651335222128
11039,0.03283707847823561
11040,0.043081861803457425
11041,0.14592574163723743
11042,0.033610267210910004
11043,0.03122808032765342
11044,0.018316958417754953
11045,0.03895500114585075
11046,0.025837866424690062
11047,0.029707053232409564
11048,0.19332901294144378
11049,0.06464140804297222
11050,0.07555608671645146
11051,0.14069007096982
11052,0.04177165526708461
11053,0.07249619477196484
11054,0.043956146973237145
11055,0.03950932968988305
11056,0.07260650005004773
11057,0.052167773184809925
11058,0.021735271818397843
11059,0.04138287568049454
11060,0.09595525394158697
11061,0.1431732473758621
11062,0.0642851959070107
11063,0.05863094387404709
11064,0.17483889730851496
11065,0.1944961960469928
11066,0.02835043597121761
11067,0.03466294921246645
11068,0.06052607390546938
11069,0.02736985079567794
11070,0.05053445441590763
11071,0.055219558262689844
11072,0.047070240054020704
11073,0.10381709131462813
11074,0.1941874346708564
11075,0.018147582757840012
11076,0.02734633566699933
11077,0.03753069318066426
11078,0.026371303287928003
11079,0.07750329948571628
11080,0.07027692511317771
11081,0.029757067308348817
11082,0.16085200297433208
11083,0.04960704769548169
11084,0.0770157879026141
11085,0.295726505420712
11086,0.10942247790614978
11087,0.034136713927159376
11088,0.07024642974015707
11089,0.049092862746315705
11090,0.02290313505973683
11091,0.12529764606024857
11092,0.27713237996396384
11093,0.013734446331263741
11094,0.04088181535972164
11095,0.048300946991309525
11096,0.009908763205721757
11097,0.12189044237110064
11098,0.018441561194264322
11099,0.20643877634756838
11100,0.044430981383692045
11101,0.0402932735209982
11102,0.019532787971850457
11103,0.1078790008057087
11104,0.09691466507845603
11105,0.04300308842861147
11106,0.03906314104680971
11107,0.03263419663728648
11108,0.05797950660885995
11109,0.17101650728337767
11110,0.1202849912512696
11111,0.07928235312276607
11112,0.11554037801049398
11113,0.035790419821592326
11114,0.031019523525236792
11115,0.15514324567050772
11116,0.1131559984203277
11117,0.029872314951322792
11118,0.025711219800902234
11119,0.07811503570243407
11120,0.034824921098433326
11121,0.020390156856563136
11122,0.023744061348090168
11123,0.10834129705007513
11124,0.03498447120701237
11125,0.034508881484296774
11126,0.0376460110247851
11127,0.058639918349066164
11128,0.07435851343456716
11129,0.01821361878087699
11130,0.040599701238168945
11131,0.018667775610894347
11132,0.020891805813700485
11133,0.02824331743388974
11134,0.13429263965006222
11135,0.383160793151456
11136,0.22466926064371817
11137,0.040573628199739344
11138,0.08066859327894264
11139,0.3520392809579903
11140,0.16882294925317556
11141,0.07431793550203503
11142,0.03220347344486323
11143,0.028782592086065307
11144,0.069977952552776
11145,0.095654222035361
11146,0.10421372195802026
11147,0.015089255882147407
11148,0.12088056111366491
11149,0.12189306390269186
11150,0.007676054295698912
11151,0.02065654480182092
11152,0.01339971301463484
11153,0.03171685964682178
11154,0.02815403976589527
11155,0.018923909891617168
11156,0.28491630744852176
11157,0.18719560844401056
11158,0.054365099542342074
11159,0.008715977189890756
11160,0.04138268143376092
11161,0.1427742957307236
11162,0.023527696749135046
11163,0.10350886641092462
11164,0.02524578244027616
11165,0.02419191021333115
11166,0.06731922680204017
11167,0.06173894037407398
11168,0.04977648808140435
11169,0.0384823409027556
11170,0.014337256827240338
11171,0.24342323837897467
11172,0.010400514165747894
11173,0.038882205115716814
11174,0.05761568274497602
11175,0.03443454445020669
11176,0.07301470376127757
11177,0.21714023712360234
11178,0.16796620048651328
11179,0.029900218711405763
11180,0.07981018183459919
11181,0.03374247723858456
11182,0.10380029902160048
11183,0.03281980425847383
11184,0.0641273523850944
11185,0.026700396626030413
11186,0.019963082149227908
11187,0.051464125969946
11188,0.16228589265125049
11189,0.035918522397062905
11190,0.03704355618730897
11191,0.039701128914739495
11192,0.04541405067954735
11193,0.01568915043999892
11194,0.13270165320102054
11195,0.04021634410856613
11196,0.029632474059845648
11197,0.015770203253916332
11198,0.010127032062985191
11199,0.025621017390686507
11200,0.06094626377154329
11201,0.022832056945076243
11202,0.04726914208750509
11203,0.07238512470051088
11204,0.02146376823325088
11205,0.03254370870044211
11206,0.029126473915434003
11207,0.03562442747940826
11208,0.03305960503138648
11209,0.12367391961038958
11210,0.47542789639182254
11211,0.015286680480134863
11212,0.04390781739561832
11213,0.012424213222439627
11214,0.07531370653026773
11215,0.01571311819025924
11216,0.061871280831648584
11217,0.11170431951980758
11218,0.14503020728554095
11219,0.05188823217816482
11220,0.054394700488876686
11221,0.05512484674854186
11222,0.06153937466765066
11223,0.08914380461400494
11224,0.023522731052837767
11225,0.1472823374862537
11226,0.03979450612213107
11227,0.04686863652864839
11228,0.022599679913534475
11229,0.037538576908377114
11230,0.03878778807883229
11231,0.03970154935474535
11232,0.054638072514827316
11233,0.023478687871467074
11234,0.03383181685999473
11235,0.02727790126597166
11236,0.0208289848083242
11237,0.019432083772249302
11238,0.02625530726357863
11239,0.04434653524617019
11240,0.04166703785486618
11241,0.13425828853039806
11242,0.1342935261470378
11243,0.015306613708340928
11244,0.04226187438469564
11245,0.0959181949835522
11246,0.03990083247299615
11247,0.0963113655122931
11248,0.05101037822508365
11249,0.0668674355923301
11250,0.0533082078980187
11251,0.02976413564869494
11252,0.02304750051707482
11253,0.08659803430697981
11254,0.009425654491273406
11255,0.07147581509869072
11256,0.10079420664344141
11257,0.03756738314863179
11258,0.02757971509603994
11259,0.023357995942647057
11260,0.047511340422517756
11261,0.051236821041334146
11262,0.035598896928400375
11263,0.4031886788857937
11264,0.10812428299450944
11265,0.06455088989512736
11266,0.021592899180926915
11267,0.05326261884775739
11268,0.10854422862919272
11269,0.02417446225897595
11270,0.03305768985851077
11271,0.05850141456496095
11272,0.021030657470813518
11273,0.033696761838599855
11274,0.0630158143262267
11275,0.07656664311319585
11276,0.04799865517974373
11277,0.009783590157109405
11278,0.04852549856062436
11279,0.292422849705069
11280,0.03963074013378788
11281,0.15992502801739308
11282,0.12186643408390703
11283,0.17403021654526885
11284,0.028242579491857833
11285,0.08650579728492612
11286,0.041546784150340466
11287,0.04353307304121705
11288,0.1068739569751202
11289,0.033710429631480146
11290,0.056245081803618785
11291,0.03504007461570231
11292,0.0294817550187118
11293,0.2076696423385654
11294,0.04659898615113945
11295,0.09304855401946485
11296,0.06211231361534119
11297,0.133748840238021
11298,0.03596801421494002
11299,0.037695963140323856
11300,0.2167661947233267
11301,0.032055213504103494
11302,0.07825084619621295
11303,0.2672946388115264
11304,0.03741818465173983
11305,0.09666085334423138
11306,0.022216179471098618
11307,0.018558749728462692
11308,0.04456957725420834
11309,0.11691456789311362
11310,0.16439713075787343
11311,0.03161450569802566
11312,0.051996835447718326
11313,0.056005877556478637
11314,0.023550934401210886
11315,0.04543175906517852
11316,0.07505060979737987
11317,0.06281257733689972
11318,0.06281069939751192
11319,0.57049531039184
11320,0.014556449820418725
11321,0.24635535274115047
11322,0.258858801195186
11323,0.028097649191267157
11324,0.03770861317976807
11325,0.012403064289346339
11326,0.04800991293087108
11327,0.20479797586622528
11328,0.029556954084885585
11329,0.028799301821482597
11330,0.05666797938663391
11331,0.049378670489649036
11332,0.01991026257996346
11333,0.02664601329925418
11334,0.22367510478316735
11335,0.05330207583439008
11336,0.11680647902963592
11337,0.02712907906489035
11338,0.019528258187196227
11339,0.08894096300663391
11340,0.015891600345648134
11341,0.01797083860723263
11342,0.03174476414997416
11343,0.03952108985494831
11344,0.017896928005178635
11345,0.0408118680433838
11346,0.029638766662432266
11347,0.055078337621891654
11348,0.06876216668892182
11349,0.06749771915215412
11350,0.01394796299276297
11351,0.027014637000044847
11352,0.045810005410804294
11353,0.05928021414036927
11354,0.18814445212367495
11355,0.034321424936774925
11356,0.013199135748075005
11357,0.045057737673400336
11358,0.08102483404985482
11359,0.12654612420714628
11360,0.017215401070680286
11361,0.0771352784056791
11362,0.03787750338978304
11363,0.03030352208867989
11364,0.04323062150192641
11365,0.05866307174020194
11366,0.22443388093218236
11367,0.055167981728447196
11368,0.04055167280450805
11369,0.29649901502187903
11370,0.01752023039303245
11371,0.02505368382132408
11372,0.025855420289897745
11373,0.04397001797473105
11374,0.05899393728008185
11375,0.12721172141771642
11376,0.026689009929453014
11377,0.03971595493183994
11378,0.07774667147970568
11379,0.023354047870566157
11380,0.04571126984411271
11381,0.02732236861120474
11382,0.06637889676726225
11383,0.025826257704306424
11384,0.05382859115519901
11385,0.08084073124864183
11386,0.09183751369282843
11387,0.03399425481344423
11388,0.031705204061542244
11389,0.039887256879380786
11390,0.010816696679171681
11391,0.0678474933973557
11392,0.6510977870309372
11393,0.13397831423975767
11394,0.051824708150453376
11395,0.061519029170470564
11396,0.013833721213008009
11397,0.10302126097118115
11398,0.03175828871080052
11399,0.011815598198196683
11400,0.04244647536733042
11401,0.05738658301671536
11402,0.010540467981141778
11403,0.07031541915891425
11404,0.16642843561072954
11405,0.039466402883778354
11406,0.06404478314789003
11407,0.2794413925528707
11408,0.02790004098381156
11409,0.03386146662903219
11410,0.23045132270558416
11411,0.06593430019281998
11412,0.016982758115772954
11413,0.05044971126236862
11414,0.05623750887635949
11415,0.2353613870955692
11416,0.09270233585937133
11417,0.02248684688952878
11418,0.02721148411264808
11419,0.024653180360562358
11420,0.05381157509936748
11421,0.05381676117228221
11422,0.06282278924524903
11423,0.03512681128224656
11424,0.09499171534440423
11425,0.03894457456233349
11426,0.09382489329235368
11427,0.22952560318207677
11428,0.11815296028757291
11429,0.03321969749959815
11430,0.011814071599638532
11431,0.0390039994315242
11432,0.16987773617430152
11433,0.09630029687756501
11434,0.07772709388076837
11435,0.04342184959226945
11436,0.26774371045613216
11437,0.028724313253360226
11438,0.09743212427899083
11439,0.03202932727858099
11440,0.09321245268398293
11441,0.03736897499369208
11442,0.01852623615439529
11443,0.0731567471570441
11444,0.04181062111055453
11445,0.12924116793988655
11446,0.06402188136494219
11447,0.09673371922506219
11448,0.031707999984573146
11449,0.04056169174554052
11450,0.06432304149688271
11451,0.024413463408128354
11452,0.04264676802122646
11453,0.04166157302473498
11454,0.040521397269124695
11455,0.09766482355340472
11456,0.019736007475680013
11457,0.16166935265100063
11458,0.035635425412647255
11459,0.01594036274168638
11460,0.07005609017815148
11461,0.1341128902086959
11462,0.10808100511694374
11463,0.028185423369727514
11464,0.031227645809121865
11465,0.022438979765007822
11466,0.023289658665348843
11467,0.2147359514801913
11468,0.1268430911593062
11469,0.5354791014490724
11470,0.034000675933477394
11471,0.07757916821794628
11472,0.07684959940350605
11473,0.02423380797185573
11474,0.029198777594857082
11475,0.07361303535975282
11476,0.055768079012280265
11477,0.1769723037788898
11478,0.2015610622257164
11479,0.05839532243573811
11480,0.014348456462085206
11481,0.12941119337912574
11482,0.06653265710431674
11483,0.030355364554173835
11484,0.15901094992092107
11485,0.1391446384615294
11486,0.010896123198505745
11487,0.13090566417513788
11488,0.04451806727876614
11489,0.1373783941398308
11490,0.04158114175142991
11491,0.015439428287544367
11492,0.12765037713324623
11493,0.11328407852950961
11494,0.03393647605045538
11495,0.013646571999596856
11496,0.12107867854663486
11497,0.21223183476149463
11498,0.07405092780710289
11499,0.19378440545912512
11500,0.015912451832710353
11501,0.02637765151937306
11502,0.01013908002313011
11503,0.027271369435856202
11504,0.031089254441636356
11505,0.021051711393708955
11506,0.08050179195057203
11507,0.12599418114736552
11508,0.06252693798689682
11509,0.04416444682286619
11510,0.025063176936218616
11511,0.030420937691265727
11512,0.014907757862350341
11513,0.03197387154448239
11514,0.14758913765947024
11515,0.04306713655474312
11516,0.0415780217209051
11517,0.011683600289162658
11518,0.07239614157347113
11519,0.021920216352888225
11520,0.02380708325275959
11521,0.02487822583677227
11522,0.009826333055638578
11523,0.22013020406945977
11524,0.014007220034808157
11525,0.008767170397400974
11526,0.014683411537634555
11527,0.03763335611268813
11528,0.04838289253443115
11529,0.03659002141210675
11530,0.014872833883649787
11531,0.01414545686538985
11532,0.02360929948528923
11533,0.04183475299268169
11534,0.02485047134662201
11535,0.01523696804508592
11536,0.06899184467201831
11537,0.06104537065315976
11538,0.053294113465538626
11539,0.06200022179182155
11540,0.027193541911762986
11541,0.011781250141166537
11542,0.05193571096000632
11543,0.05494520338123107
11544,0.061974636387861784
11545,0.026898763889923853
11546,0.09918581983647873
11547,0.03966455514614571
11548,0.0280883143497278
11549,0.04586672267210281
11550,0.07095760234612286
11551,0.042149125030951355
11552,0.228655813118754
11553,0.0487288560365762
11554,0.32217985616778244
11555,0.019038489185103185
11556,0.04754626968090006
11557,0.034993900195008594
11558,0.020417847307423687
11559,0.0571468182247542
11560,0.01136524779505812
11561,0.02076829805181533
11562,0.01595343865937703
11563,0.018876065838799718
11564,0.04433380101826959
11565,0.035609699343872994
11566,0.045912907245130204
11567,0.0989631417820907
11568,0.05643450961731149
11569,0.03726951491466527
11570,0.08660555728741802
11571,0.07263040412302176
11572,0.01523833635980139
11573,0.1345373712549975
11574,0.05765885286858041
11575,0.060442563842614774
11576,0.02745753370143171
11577,0.022532186674099664
11578,0.03941907062546422
11579,0.024355581991222272
11580,0.051294348400506264
11581,0.02573060817856264
11582,0.015486745053395442
11583,0.06757433547585555
11584,0.0875629677229065
11585,0.05584799769203726
11586,0.06290172592526766
11587,0.17796216817765792
11588,0.01779731406627681
11589,0.04125930642579724
11590,0.12664406428692884
11591,0.05954636236268147
11592,0.1569487101433581
11593,0.07775149162674025
11594,0.034507954469431015
11595,0.04993456614772592
11596,0.03493144934972483
11597,0.11445274070691754
11598,0.06820722765410402
11599,0.04574361411070644
11600,0.06173770541703247
11601,0.03111763937055493
11602,0.03545579187002228
11603,0.0995587334603738
11604,0.03636594969689927
11605,0.6542303015049551
11606,0.03795604566567267
11607,0.01988314771506424
11608,0.06920647422386433
11609,0.017510489252691393
11610,0.15817499030166696
11611,0.03922088569244474
11612,0.07533851919882407
11613,0.039214787651135626
11614,0.08550910680113805
11615,0.0334128870269028
11616,0.0154572271769571
11617,0.12324956590941152
11618,0.19243629648575364
11619,0.020592192298680055
11620,0.35540327357222784
11621,0.03902453774215226
11622,0.01913794931419763
11623,0.11679825382823325
11624,0.0651728969761274
11625,0.05093949814278545
11626,0.02076570650520217
11627,0.02502681727744813
11628,0.06752692832013649
11629,0.12307917551325
11630,0.021066923252084924
11631,0.1138325649027587
11632,0.10055604640264579
11633,0.11605027656609881
11634,0.01430834447928316
11635,0.03494881068299047
11636,0.038089356730145754
11637,0.048975879231104476
11638,0.10852737988487349
11639,0.03545319410256671
11640,0.0716865758259542
11641,0.0595729807707849
11642,0.14643130671543045
11643,0.01959314295179733
11644,0.02474798983058376
11645,0.026841410243004883
11646,0.046799599416054966
11647,0.009153221398539428
11648,0.1058791824461831
11649,0.060460670196695245
11650,0.04884933895550536
11651,0.015908228420963122
11652,0.0224325323987395
11653,0.04989729973649776
11654,0.012412717733194429
11655,0.18741903005623037
11656,0.5131103931647845
11657,0.11124907714839803
11658,0.07636880973995806
11659,0.04023068326395601
11660,0.1095604194535143
11661,0.018530741961766253
11662,0.02929793040962805
11663,0.0465734575331745
11664,0.04421693505169356
11665,0.051918763213641396
11666,0.04270856912208471
11667,0.04650510770350151
11668,0.1454518553984041
11669,0.0695829535829922
11670,0.041387921623150276
11671,0.046780099295960303
11672,0.0335660946198383
11673,0.07856843728960825
11674,0.014140102332774887
11675,0.023269926160250805
11676,0.08302732347131116
11677,0.025776398104711194
11678,0.0627721744703455
11679,0.1488236373034788
11680,0.014850007346855737
11681,0.16388212760450838
11682,0.045771487730074084
11683,0.11893298169046215
11684,0.02122978913081626
11685,0.05860068575345772
11686,0.012858130018406334
11687,0.044511436652971956
11688,0.02201276542168385
11689,0.030667723351966193
11690,0.05034494608065046
11691,0.03652942090663724
11692,0.02175455255851274
11693,0.10365531602881942
11694,0.037107795730088745
11695,0.14790561243064473
11696,0.11822301782303571
11697,0.02783668629231293
11698,0.04912262842577118
11699,0.012106036452767002
11700,0.045197617461773636
11701,0.02984593879174515
11702,0.05475107952246372
11703,0.2393893012288938
11704,0.03531088546990041
11705,0.08889157885784173
11706,0.06442057764178241
11707,0.0765830614417485
11708,0.01827247364082355
11709,0.07715817197281863
11710,0.09196477193487802
11711,0.021474576704150424
11712,0.02688383026370059
11713,0.012247746561494983
11714,0.027989735888442453
11715,0.05296247876289083
11716,0.013008141013082834
11717,0.08226696540560081
11718,0.03788269866304704
11719,0.05929770135675729
11720,0.0349714392850259
11721,0.05229828891028902
11722,0.11048330783550127
11723,0.027347216687668652
11724,0.17233131043027805
11725,0.09565340831709682
11726,0.0904225587804626
11727,0.050707951514638694
11728,0.06308802250221532
11729,0.021581743088955253
11730,0.04408587136656829
11731,0.036321300945117464
11732,0.018461741245974602
11733,0.0389458274478818
11734,0.021592860375188178
11735,0.02406322716517544
11736,0.030183802738119027
11737,0.04412487598309096
11738,0.04395008946193334
11739,0.12762051134219493
11740,0.18689564231469613
11741,0.261839234664429
11742,0.06020670297206284
11743,0.028576777875204417
11744,0.01745954744670521
11745,0.06707058338138147
11746,0.09382353748645367
11747,0.08435039216212012
11748,0.07706188914466754
11749,0.05347739886004135
11750,0.009377859430035359
11751,0.06519535674477758
11752,0.08653373198285608
11753,0.08525892802520071
11754,0.01588880346495043
11755,0.024423834007850923
11756,0.036895899724054285
11757,0.2012632839921009
11758,0.03311880322352951
11759,0.012501785352211709
11760,0.02281006249877504
11761,0.044144503258085055
11762,0.013862655612020882
11763,0.014322667259390513
11764,0.04442493988909409
11765,0.013003978216557476
11766,0.053033300889160154
11767,0.021307995572591235
11768,0.06447427290387858
11769,0.07444995835899769
11770,0.06295590780419212
11771,0.022604452130149832
11772,0.045693488363053716
11773,0.02017192999861877
11774,0.09616772730847511
11775,0.019054577209206388
11776,0.026594297088573818
11777,0.5024306213971329
11778,0.042743918015549234
11779,0.03691391140319615
11780,0.04442666996634701
11781,0.09296724303446685
11782,0.02975687073849049
11783,0.04838565222599133
11784,0.10562108614982162
11785,0.018182307199851935
11786,0.04090838288267609
11787,0.06175347704324148
11788,0.09726852181313098
11789,0.11712048147588808
11790,0.059913311314908076
11791,0.022437097810618915
11792,0.03293030143918576
11793,0.04307597276047222
11794,0.018909535378798963
11795,0.057063516592191915
11796,0.8410829412839278
11797,0.20974814299926886
11798,0.08625759177885584
11799,0.16254702626168463
11800,0.02259645604161111
11801,0.0830251425813543
11802,0.018740497552231807
11803,0.018168863205293824
11804,0.06535589542283574
11805,0.10497793758978867
11806,0.021287541429937783
11807,0.01635906519978285
11808,0.02203306048342122
11809,0.10698336298687232
11810,0.01628483105248408
11811,0.01727755506815861
11812,0.04671062802250078
11813,0.061282622400954445
11814,0.07566117318526995
11815,0.012081809051783979
11816,0.047389242077657955
11817,0.030679521476847015
11818,0.20384249673353103
11819,0.025543459415289488
11820,0.03844137367552497
11821,0.15712919641232867
11822,0.014047764321332236
11823,0.042315917002233486
11824,0.06507742760925928
11825,0.10615675187116674
11826,0.045768249997150054
11827,0.022688757308755532
11828,0.05381543652499653
11829,0.026363959170236064
11830,0.21402790827997686
11831,0.046770873580204764
11832,0.07320396529098885
11833,0.025935964598040137
11834,0.014838881664174425
11835,0.046478297824662805
11836,0.056937917221024724
11837,0.07619423761184485
11838,0.024166749011681202
11839,0.06260208263412725
11840,0.04283851894220982
11841,0.055462184117573435
11842,0.08728783692956682
11843,0.13559704783218562
11844,0.011417126862200276
11845,0.0733412271151027
11846,0.07146708314576071
11847,0.079909933613169
11848,0.040230131433892875
11849,0.04663214918833118
11850,0.12142631774797452
11851,0.05267681201438977
11852,0.06019448520885903
11853,0.12468330944305074
11854,0.1672635905502271
11855,0.04178354856012419
11856,0.06231775879727052
11857,0.030159290076199156
11858,0.1507655009055973
11859,0.0166426691957943
11860,0.0643728576656882
11861,0.1773762702149938
11862,0.04833367873401624
11863,0.0604500063885639
11864,0.02408198822023242
11865,0.04770447273631936
11866,0.011749945908125465
11867,0.0686768690480217
11868,0.04971831042505035
11869,0.05993538697096533
11870,0.12026621600735903
11871,0.027980136742116267
11872,0.061124056578542814
11873,0.018453911647558295
11874,0.1347660070244039
11875,0.03311536702186967
11876,0.08899673488516988
11877,0.04451862215652882
11878,0.06385954469043975
11879,0.07979279630583051
11880,0.07555199828780382
11881,0.10875525677282005
11882,0.1431484670417082
11883,0.050765289153050716
11884,0.015374358762847398
11885,0.05188973647203525
11886,0.12108085064788904
11887,0.04873444029139888
11888,0.0187746301398578
11889,0.04878949510142011
11890,0.0322174524366349
11891,0.03762065658132656
11892,0.009762629569555377
11893,0.026953757939525664
11894,0.11198590491433817
11895,0.02278824242758922
11896,0.06918105488296715
11897,0.05014472797631855
11898,0.047478711655680864
11899,0.043017179259224894
11900,0.01506250323612854
11901,0.08055959118374138
11902,0.09114799951760677
11903,0.007546447256226632
11904,0.06129432490763312
11905,0.04391631444494564
11906,0.03130017510860751
11907,0.012545758928150057
11908,0.21771521269581628
11909,0.015029548938235843
11910,0.15974186106378643
11911,0.05996770997040965
11912,0.08292711795225086
11913,0.08136839064052756
11914,0.05102172542694991
11915,0.06412303677392006
11916,0.15021101924177332
11917,0.30693419245118936
11918,0.04448134273282547
11919,0.028990973875670213
11920,0.0382038321739045
11921,0.06785807793486304
11922,0.01767801750762863
11923,0.23292033952336463
11924,0.03986287928021654
11925,0.03489396032470991
11926,0.04258736916168849
11927,0.2543302312615154
11928,0.12640746517585993
11929,0.018855444884469486
11930,0.029345062944723384
11931,0.02718797836537613
11932,0.23602930872211658
11933,0.2027359516358071
11934,0.06543655732722635
11935,0.03808787325735875
11936,0.03989475053518064
11937,0.06316620593054281
11938,0.012464518014102418
11939,0.16617080843467355
11940,0.043658501731417707
11941,0.03255553310278099
11942,0.030722336407309897
11943,0.01495088464272877
11944,0.05057152744241039
11945,0.07162755140949378
11946,0.03299854473060334
11947,0.05636626081512878
11948,0.044005816146674585
11949,0.03195150908609423
11950,0.2574230922577459
11951,0.024498936750418455
11952,0.025390069400502997
11953,0.02427078544546843
11954,0.020831427506918382
11955,0.04145642858374432
11956,0.024283814095738716
11957,0.08769050251364521
11958,0.022783748383461817
11959,0.012317367474945004
11960,0.040765022683105265
11961,0.0514131627833964
11962,0.12553949590838448
11963,0.11464027780202452
11964,0.1915922804920899
11965,0.03797507120880217
11966,0.12063650082605473
11967,0.023715528536143324
11968,0.09546573828141602
11969,0.387622730266598
11970,0.026563567443221085
11971,0.04193186371835228
11972,0.16375996151102132
11973,0.0527227817084573
11974,0.02789474163778699
11975,0.0419063461454048
11976,0.019719782298746866
11977,0.02626226073315794
11978,0.03407692272743709
11979,0.02772598565768639
11980,0.021813621026133535
11981,0.124619447485154
11982,0.01791198501113605
11983,0.06660369869228573
11984,0.033318514725129075
11985,0.06989204700921325
11986,0.2138483850394556
11987,0.056901651077776366
11988,0.10768673883062038
11989,0.042400303876554905
11990,0.012898272681252857
11991,0.027945225926276355
11992,0.17678479327698776
11993,0.05142340395105442
11994,0.07224602402072783
11995,0.04006451556535495
11996,0.22350020563741435
11997,0.0775838906586111
11998,0.04918655028049611
11999,0.15472479966846997
12000,0.0690199669741563
12001,0.028850970001972974
12002,0.14429817507528758
12003,0.1498377678559904
12004,0.0667728217449385
12005,0.03484545439107775
12006,0.02887451901211315
12007,0.062174574485052855
12008,0.011134485371033303
12009,0.026832693534337575
12010,0.0639536296570169
12011,0.09360627554989304
12012,0.03675487473372724
12013,0.028899979373007312
12014,0.03220911118910034
12015,0.08518242106697475
12016,0.054537564920501554
12017,0.04856004937812665
12018,0.1492275910802305
12019,0.012388879367799033
12020,0.04040956067302854
12021,0.12260305953427361
12022,0.02229231697106083
12023,0.05388764239031139
12024,0.20359462822692248
12025,0.020363008992072475
12026,0.0436777514129951
12027,0.09616633845472988
12028,0.08135672745680265
12029,0.03544653975336666
12030,0.07311379848217779
12031,0.08053695986211946
12032,0.052389986443051734
12033,0.10470340207444727
12034,0.049767041134400884
12035,0.05852826308413227
12036,0.21708031522546728
12037,0.030584675176764508
12038,0.07602583575313714
12039,0.021691224008526407
12040,0.02674225443842675
12041,0.09574536727710647
12042,0.05169069073125821
12043,0.3265634810581114
12044,0.07417498949261578
12045,0.02890531056921728
12046,0.03843294390602238
12047,0.02825630516104219
12048,0.07591095097134402
12049,0.06163154499547961
12050,0.08218047186164675
12051,0.04162663801810118
12052,0.07689979811492453
12053,0.01896636386245985
12054,0.09144742324543598
12055,0.11879616716055293
12056,0.07290060197093869
12057,0.1340873041342962
12058,0.254267776873277
12059,0.026217434940172646
12060,0.08980188192083097
12061,0.08298473284052521
12062,0.041970606695110435
12063,0.04229215367440053
12064,0.054720898847954454
12065,0.028933834672593466
12066,0.048208306923497084
12067,0.09320548677195288
12068,0.05153875037075257
12069,0.2448701886158589
12070,0.010357024234289938
12071,0.021551189553767603
12072,0.0138961840982293
12073,0.019441121005215712
12074,0.013311368532944581
12075,0.05924952275547324
12076,0.012176250024483418
12077,0.022421424599173557
12078,0.020239715046951358
12079,0.05144164259634499
12080,0.026298481653532078
12081,0.1353896639040969
12082,0.05225707351845679
12083,0.09506011008684831
12084,0.019739183789081682
12085,0.019526609519135263
12086,0.0241801976295878
12087,0.060336463919844846
12088,0.011166402402175013
12089,0.033968751425663246
12090,0.051117499399827904
12091,0.02045361129501067
12092,0.020464822294972
12093,0.1652179968013226
12094,0.02699943520796364
12095,0.02642521275693775
12096,0.07416899136728242
12097,0.03455617603322187
12098,0.01916478364511249
12099,0.02236064758674292
12100,0.028608794665835234
12101,0.0601245092913331
12102,0.021101297238704755
12103,0.06204772094707502
12104,0.022127086752456147
12105,0.027683732928410212
12106,0.11332836410712796
12107,0.07629515712581408
12108,0.23257648893488486
12109,0.08025610189961235
12110,0.02125444172828045
12111,0.042689558386914905
12112,0.030891832285963053
12113,0.019803493444883562
12114,0.016875414246619428
12115,0.22409513951415017
12116,0.03036357323426385
12117,0.04995590414871644
12118,0.07658235395194136
12119,0.07712349785381654
12120,0.07308919582556145
12121,0.04095931770884667
12122,0.016001610298563347
12123,0.10134649044208152
12124,0.013370522109695821
12125,0.05139427572626451
12126,0.04245006458684246
12127,0.10513477186791914
12128,0.010882042511975755
12129,0.028684986938506133
12130,0.044918065219173665
12131,0.06951024548683248
12132,0.0638925598323363
12133,0.047676609144821094
12134,0.0500269802686648
12135,0.08661444131669445
12136,0.16316101998058008
12137,0.08434201396770376
12138,0.04975681432460426
12139,0.05986472050891316
12140,0.12580241149181265
12141,0.09357557992168448
12142,0.01086628250702661
12143,0.10863772269493673
12144,0.5092796762731319
12145,0.024137433515867737
12146,0.18114602516007924
12147,0.0931990795006969
12148,0.056255610852319816
12149,0.04362556568497574
12150,0.029878219432726606
12151,0.015671113191613746
12152,0.018948137458835352
12153,0.0388214871442416
12154,0.04589138921717087
12155,0.11228910761558694
12156,0.12773075705786457
12157,0.0817284222885355
12158,0.03329189897775484
12159,0.034448753690661485
12160,0.06826460932286865
12161,0.05549823523607739
12162,0.0707205566986446
12163,0.10259124661981159
12164,0.09380642857161525
12165,0.046518589616053145
12166,0.21395906055749797
12167,0.0382153753020657
12168,0.09353730053155342
12169,0.019113080223260925
12170,0.08676646826723336
12171,0.06144917498547846
12172,0.12704312090474523
12173,0.030475279650356082
12174,0.019235772431863835
12175,0.09564203374585625
12176,0.0443108784474379
12177,0.04950354836727599
12178,0.017676028196822575
12179,0.07250838938516897
12180,0.07907625453745817
12181,0.5366134679805166
12182,0.06133761366431316
12183,0.049121705701946336
12184,0.052517597505905504
12185,0.05716098732565659
12186,0.16732893603534504
12187,0.15518690698259296
12188,0.02297587666201673
12189,0.03240377262375658
12190,0.03287594410848733
12191,0.09456376883555093
12192,0.14443964934561035
12193,0.013723767103299202
12194,0.11161266747918713
12195,0.06069746573335928
12196,0.0568052938233256
12197,0.05152183637856516
12198,0.0797842230580366
12199,0.015210435987636554
12200,0.06630564555249102
12201,0.0841533502121326
12202,0.02858955600225397
12203,0.04982973612633755
12204,0.13949837948128152
12205,0.039393323014787984
12206,0.029309477500637136
12207,0.07210056310946922
12208,0.02588437979705363
12209,0.04014816468106661
12210,0.515275339952072
12211,0.09496951044032904
12212,0.14436764516830988
12213,0.041864309014587944
12214,0.02589104386746035
12215,0.06418843628770822
12216,0.022947362110313452
12217,0.04092030529987735
12218,0.03898392017326753
12219,0.024843805854276885
12220,0.03697100780505385
12221,0.0881721480596077
12222,0.03740332881159149
12223,0.020525821745689756
12224,0.09108194123999763
12225,0.0709699954967894
12226,0.04589464353981257
12227,0.053893055393591516
12228,0.08842699264546228
12229,0.017508432458214908
12230,0.037775131486151206
12231,0.05078717933065863
12232,0.11590291464054764
12233,0.01905757809118268
12234,0.03295794553967906
12235,0.15073571491131116
12236,0.022625757668862125
12237,0.020305366231162796
12238,0.03344646851737375
12239,0.02973553348170733
12240,0.09199623395077469
12241,0.018634274297072095
12242,0.016304640797623594
12243,0.0081541276761738
12244,0.02063558267189408
12245,0.049351213934225646
12246,0.022905968699784438
12247,0.051267183996121075
12248,0.026772917820516995
12249,0.08060547622005168
12250,0.029928432692540797
12251,0.0181629582162034
12252,0.1083280779769181
12253,0.02747379128008892
12254,0.015250040510801532
12255,0.016125870281016
12256,0.012599003326040508
12257,0.13086655296585223
12258,0.0330464210733986
12259,0.011151265869761716
12260,0.10110482827417165
12261,0.019042558035366516
12262,0.14388235360779136
12263,0.06178074065189786
12264,0.04900812919092637
12265,0.06819907719097151
12266,0.04405271163264601
12267,0.11326015356346199
12268,0.015136190543674688
12269,0.020608069701028367
12270,0.021960623866970622
12271,0.03209448390715492
12272,0.11976989344170977
12273,0.040354989740933586
12274,0.026207005618900173
12275,0.06286128073161255
12276,0.03509924666108866
12277,0.039736128756341325
12278,0.03427422282662502
12279,0.015193573366855343
12280,0.009115199601318225
12281,0.025456803783254166
12282,0.02712230257508338
12283,0.030668722384573695
12284,0.06623313358958448
12285,0.11181158935482254
12286,0.05659117361894944
12287,0.19066005198835984
12288,0.011464243456219898
12289,0.22829511954948808
12290,0.015499949931256305
12291,0.02615620257295658
12292,0.06858197339926494
12293,0.06638568892885885
12294,0.02271951196465289
12295,0.06646347822442097
12296,0.06361176161607936
12297,0.07724430217540787
12298,0.023560600288183922
12299,0.08802212022615417
12300,0.09430791153919321
12301,0.06277488594080538
12302,0.05559553172106253
12303,0.11888966359213546
12304,0.04087041149015964
12305,0.04962295062947581
12306,0.0425437185721736
12307,0.035942904913898004
12308,0.025588419151595487
12309,0.02759167589862336
12310,0.02547220732973938
12311,0.02679707750823461
12312,0.030496660857716525
12313,0.05158609862342717
12314,0.018860653313140043
12315,0.018222371179672518
12316,0.025669393728220156
12317,0.057584105261094434
12318,0.04654421102596099
12319,0.04536472993881271
12320,0.05925434634960218
12321,0.10788793725567447
12322,0.22602805332588116
12323,0.04559962797494252
12324,0.11635411997354872
12325,0.06615478515848028
12326,0.03707001687269625
12327,0.3265982787985701
12328,0.05549944144876144
12329,0.07940808182597846
12330,0.0347223893091707
12331,0.04683121147817717
12332,0.22844327271906373
12333,0.12290955689837084
12334,0.07707667035547455
12335,0.10675907939669002
12336,0.08367929971670625
12337,0.24095855125603857
12338,0.036759934754750326
12339,0.018054143417964998
12340,0.07711604758524009
12341,0.024453964389380328
12342,0.22069267569313777
12343,0.03563716028426898
12344,0.023872493958114815
12345,0.02276380571089123
12346,0.06812848822643335
12347,0.03184938098403417
12348,0.06328937845562049
12349,0.09115176911787021
12350,0.101965165109725
12351,0.03712902160804004
12352,0.032026707234022844
12353,0.07909837813035239
12354,0.12699921457642283
12355,0.059226237700327186
12356,0.062094218566170936
12357,0.027778466341895847
12358,0.011970568695336473
12359,0.02398571426047774
12360,0.05142935262720643
12361,0.0605208398911808
12362,0.015449608400657169
12363,0.03197462561214233
12364,0.03623572199366506
12365,0.1366789751170582
12366,0.026644326559442957
12367,0.1010340298307175
12368,0.034518320213894026
12369,0.029191115466652155
12370,0.04960834631180529
12371,0.05418333473801366
12372,0.11123799297904416
12373,0.028190742268282058
12374,0.03988103949195953
12375,0.34271350471260975
12376,0.09704588620619134
12377,0.06378114483869196
12378,0.017157080935498725
12379,0.10397726212502689
12380,0.028846595414775845
12381,0.0352753693960704
12382,0.0239192456693085
12383,0.08306960072799219
12384,0.01456099320641224
12385,0.04289374942214519
12386,0.01486951073908984
12387,0.029657919117168578
12388,0.06917768034805614
12389,0.14612596992056956
12390,0.038351868583059875
12391,0.12096356014724942
12392,0.03325656686193823
12393,0.09162240960262276
12394,0.033549991383822135
12395,0.08539738015469175
12396,0.13458069594409863
12397,0.013625694091639896
12398,0.026243573127129716
12399,0.03448587460165077
12400,0.040561990562500434
12401,0.045895224632007986
12402,0.06420520860652824
12403,0.15640975809982915
12404,0.02607066298374886
12405,0.021646611707443
12406,0.044703861338806036
12407,0.06724861394109145
12408,0.1698362598262686
12409,0.01349952519388291
12410,0.07240883830977088
12411,0.07263890213927655
12412,0.016211094443082174
12413,0.12396820880272857
12414,0.08788463293943288
12415,0.04846218760622761
12416,0.03115581760843318
12417,0.06383015487891767
12418,0.23377931068829
12419,0.45848745568892285
12420,0.014809618431877662
12421,0.296737660871357
12422,0.016832108390681087
12423,0.11224464857080638
12424,0.027371040473574193
12425,0.03862233620622754
12426,0.06278611227035918
12427,0.1311718023380486
12428,0.04559231805573343
12429,0.04055549836811685
12430,0.040822209244597854
12431,0.04240165096618305
12432,0.021923259037705808
12433,0.03441051079939864
12434,0.34479421046579223
12435,0.023151881216200383
12436,0.08020312074390878
12437,0.02248923196948403
12438,0.23699179015558305
12439,0.03898442851775234
12440,0.055094405802360844
12441,0.026588412990054097
12442,0.03039850770772981
12443,0.07558384765337438
12444,0.02055843433792381
12445,0.13669670276877113
12446,0.11583412559885176
12447,0.025398989690461237
12448,0.06853562397927651
12449,0.03706063185322806
12450,0.025151494513072737
12451,0.04900570286939553
12452,0.060557341860872346
12453,0.03387307836803811
12454,0.03429831167103065
12455,0.052826707663607204
12456,0.07614348512612434
12457,0.030764390960597136
12458,0.0507131822083634
12459,0.06916514096632684
12460,0.018974021449131642
12461,0.03393005412685075
12462,0.041834678386696
12463,0.1296154060021987
12464,0.07345852556922647
12465,0.052999818336097966
12466,0.07807997510261541
12467,0.05867142191031136
12468,0.02154012259994546
12469,0.1245230869865187
12470,0.03947600626109676
12471,0.014457343322335302
12472,0.03948383446264786
12473,0.03588903923174245
12474,0.04110588471474624
12475,0.023023288200003097
12476,0.025763449215648996
12477,0.041519224370210536
12478,0.07655407940100761
12479,0.06040842765546887
12480,0.17432875428824826
12481,0.026818779765670136
12482,0.043291901159715554
12483,0.16661982904541955
12484,0.04997705026961648
12485,0.035143407596079854
12486,0.03052687575462503
12487,0.05696492761849073
12488,0.04008580781057327
12489,0.02960380886815308
12490,0.02157550496538319
12491,0.026233653134627142
12492,0.048431300863240885
12493,0.0669657232228459
12494,0.08434466416684107
12495,0.04516979009840115
12496,0.015145039881411826
12497,0.2605824173165131
12498,0.02298764175045332
12499,0.03247364689810617
12500,0.01909691013165708
12501,0.06993865094356827
12502,0.013426756979229175
12503,0.03817774919975474
12504,0.023154235195464862
12505,0.021900820705267256
12506,0.02489180951294774
12507,0.09088495454927292
12508,0.08925988010149011
12509,0.044700761207129985
12510,0.08319068386847055
12511,0.05602519932191442
12512,0.08901164887287173
12513,0.022873485964541466
12514,0.0753651846103998
12515,0.2432152264972851
12516,0.011077900581774833
12517,0.08387168170979177
12518,0.09575345158212176
12519,0.12439425139572849
12520,0.05735082269136826
12521,0.08476320248413621
12522,0.13812167553623986
12523,0.018452795852013926
12524,0.14102636832714596
12525,0.3233765284358108
12526,0.023096547360190837
12527,0.023721313228024038
12528,0.05707193812600801
12529,0.24017395739152225
12530,0.03851333732812787
12531,0.037996014374571625
12532,0.08320913263390295
12533,0.018424637141456833
12534,0.03575407659201617
12535,0.04648600999664494
12536,0.027894047303001563
12537,0.05915014431153221
12538,0.08803985527449787
12539,0.07352981313857516
12540,0.08160779549853645
12541,0.10503018411840603
12542,0.12621947209199622
12543,0.04834553287805341
12544,0.08899724902341816
12545,0.14904774586837005
12546,0.014973422138358696
12547,0.07638359234104994
12548,0.07170857224368776
12549,0.04770230260176263
12550,0.035199530789419835
12551,0.025666392369361028
12552,0.048310002358520884
12553,0.026757649762048488
12554,0.09712281884635982
12555,0.0488583611754308
12556,0.019089860621052994
12557,0.08565705439499822
12558,0.013402697170620884
12559,0.054160308686461905
12560,0.048786544472525534
12561,0.03544021339088543
12562,0.035171818788620884
12563,0.026411932437284704
12564,0.020099896214215814
12565,0.02192652074610601
12566,0.03639277727587304
12567,0.037855867258273446
12568,0.0323485688781741
12569,0.030840004002439327
12570,0.02053860833736596
12571,0.030984211671836192
12572,0.020799207341937954
12573,0.07598265609866955
12574,0.09941322209233507
12575,0.13346185617942125
12576,0.04678991075712876
12577,0.061147457812999795
12578,0.08939067360201516
12579,0.052411922498809466
12580,0.10500751422171026
12581,0.0142604073157721
12582,0.10967969252370835
12583,0.14795956856593365
12584,0.020364802546658768
12585,0.13198645034038847
12586,0.031951414902397404
12587,0.029614300273639996
12588,0.040443975282684216
12589,0.04057219998672962
12590,0.051826502313348476
12591,0.02841892753018979
12592,0.06385979196741051
12593,0.031009616645208165
12594,0.14785018925166427
12595,0.12942170453633517
12596,0.09232977892444552
12597,0.027029250620718398
12598,0.03116115448025014
12599,0.049440186453175244
12600,0.019240792740385423
12601,0.019696518412866196
12602,0.18915368409634492
12603,0.018764928138204802
12604,0.018393760821256863
12605,0.0245828957804989
12606,0.07464958527388746
12607,0.014704068453202537
12608,0.1201959990344744
12609,0.10777088048346503
12610,0.03434649938084357
12611,0.03365748454239327
12612,0.09604167922297298
12613,0.0537807233542407
12614,0.12720585303723314
12615,0.024323219418505765
12616,0.061204242046972494
12617,0.0404917902172769
12618,0.10326710289078486
12619,0.027504796574759186
12620,0.04829420539840949
12621,0.1415624478265238
12622,0.029934706145129136
12623,0.0643265638182208
12624,0.028585000281325754
12625,0.041551652557791
12626,0.0402316703563268
12627,0.018912171364624523
12628,0.04462714952069912
12629,0.009141424814487716
12630,0.022564275275999923
12631,0.029904753818210308
12632,0.015057044047687507
12633,0.1647348706003036
12634,0.07865364552214416
12635,0.04525720743177065
12636,0.6655236952877293
12637,0.1079772643762574
12638,0.09604613209733388
12639,0.15489953486543806
12640,0.026353782811954163
12641,0.08780353420170382
12642,0.02630498557250798
12643,0.09087922888172803
12644,0.025691702844278064
12645,0.009899552222524222
12646,0.22962445280710325
12647,0.18691397855849576
12648,0.061806039999384624
12649,0.02064838550719796
12650,0.01557533521398669
12651,0.0693085614090897
12652,0.04849511815813071
12653,0.06600817205306975
12654,0.17241419501965574
12655,0.12530472175065524
12656,0.20660419620876708
12657,0.1567637181787131
12658,0.026732246734511154
12659,0.03311186567934366
12660,0.011148406400698592
12661,0.041000796611441626
12662,0.2691208265938617
12663,0.03610398976679475
12664,0.09580211183145976
12665,0.03355863747462644
12666,0.013610818245189222
12667,0.02032455990360815
12668,0.07279105217436116
12669,0.013611734751486504
12670,0.06006604933343521
12671,0.03241497121920535
12672,0.06398296125703945
12673,0.08765942241041402
12674,0.06858548389828441
12675,0.028653963506034597
12676,0.0455979160228608
12677,0.046540852189884754
12678,0.09595076146866059
12679,0.05046908786958944
12680,0.01307336410665038
12681,0.14095655934569976
12682,0.0857225080658933
12683,0.0834659325126389
12684,0.02514217821580289
12685,0.04091661478639066
12686,0.04125493024852984
12687,0.014291580140273628
12688,0.06539847836545887
12689,0.08250861502846644
12690,0.03697993293570047
12691,0.03859393926000531
12692,0.03974884278390404
12693,0.045189541129406395
12694,0.029416469867278073
12695,0.14421189979183135
12696,0.01650883994187796
12697,0.07877892202178129
12698,0.06805203205067352
12699,0.05476496404436466
12700,0.1382235889031173
12701,0.04545121649308462
12702,0.07150078072394568
12703,0.19913999199446533
12704,0.01591194578102341
12705,0.018212568493762064
12706,0.0108561322520811
12707,0.06295162893670486
12708,0.014399296541349955
12709,0.037440006409154944
12710,0.07152092669730194
12711,0.16463123197837579
12712,0.09700946662997009
12713,0.028324695317963996
12714,0.03452223840286654
12715,0.02962303957867161
12716,0.02587151246400597
12717,0.05215235477972207
12718,0.02956130036001824
12719,0.017992902710194044
12720,0.028243867029014994
12721,0.046455407042291466
12722,0.020997517264342697
12723,0.009042099510610238
12724,0.03930386662782426
12725,0.07584009785671302
12726,0.1215956143614352
12727,0.014405512113646613
12728,0.5812628842302954
12729,0.14637988103718402
12730,0.014788063970125869
12731,0.08503931331844031
12732,0.04539149572784223
12733,0.0170492480395464
12734,0.105924128599402
12735,0.07844187188533663
12736,0.057976966244261574
12737,0.5748464351025551
12738,0.03369943114372548
12739,0.10616204531312382
12740,0.030157268366365918
12741,0.2565019926275195
12742,0.01262443600165791
12743,0.01856045118659814
12744,0.20471687091470714
12745,0.031204265401385132
12746,0.1111595170343907
12747,0.08398381262215873
12748,0.027178875058628447
12749,0.013938505126903951
12750,0.03727145855200023
12751,0.0846305684199472
12752,0.03690087805410956
12753,0.12840951956079935
12754,0.08607848924446833
12755,0.01281551046161869
12756,0.08161163382409381
12757,0.04495419726789241
12758,0.019915374412472413
12759,0.18857762355862592
12760,0.10557675532603523
12761,0.018407909273235365
12762,0.023079481357634286
12763,0.10883120523801307
12764,0.01489856792346425
12765,0.06695095157295082
12766,0.06943482469535008
12767,0.029284186174140032
12768,0.05526911882292226
12769,0.07219549165387702
12770,0.023943085614081337
12771,0.0414760358895365
12772,0.08486032615631683
12773,0.044696427025929984
12774,0.049149492380782034
12775,0.024396312655655623
12776,0.18602045268152062
12777,0.035502641362147244
12778,0.09139946945338036
12779,0.06098234717154759
12780,0.05252198173087132
12781,0.03397145694519337
12782,0.06946732851004167
12783,0.16771288818331725
12784,0.033448565678088946
12785,0.09245170629133445
12786,0.012554234384737012
12787,0.02526741446577279
12788,0.232324011102084
12789,0.14942525191481285
12790,0.014257779013969074
12791,0.03487611427259461
12792,0.06254642062364078
12793,0.5304049718464582
12794,0.18452694116548246
12795,0.39839590566538796
12796,0.09748581713913163
12797,0.01204724965381804
12798,0.16804271250755584
12799,0.029232940199603173
12800,0.07677305576855459
12801,0.0195735059030629
12802,0.048176945116013815
12803,0.05238795427851053
12804,0.0908529820189363
12805,0.01865996399850442
12806,0.09523859718167806
12807,0.2129650765476948
12808,0.04802876241849166
12809,0.05637021892904978
12810,0.04408453672487269
12811,0.02074766377782813
12812,0.02771224362494571
12813,0.1401249749359871
12814,0.053619295012950714
12815,0.14947313972680037
12816,0.1349207329050846
12817,0.01601584715921884
12818,0.05695234615176727
12819,0.09950754915808914
12820,0.13153590684996058
12821,0.05441571448309575
12822,0.0214886320070883
12823,0.12399038307212806
12824,0.20971974286534756
12825,0.07152973101236394
12826,0.04043939790806367
12827,0.09070244288890586
12828,0.03163755067944917
12829,0.020886397827195854
12830,0.055819687171008714
12831,0.1092992050149528
12832,0.015704993691751695
12833,0.046097436560030174
12834,0.29997866701652687
12835,0.03962227788343711
12836,0.060423717641502575
12837,0.05888007173451056
12838,0.1783125903270475
12839,0.01128167139736068
12840,0.03384530237652104
12841,0.022081224546502284
12842,0.057107367098806185
12843,0.04421512362678411
12844,0.05143012267654471
12845,0.06647184524673125
12846,0.04261746600779336
12847,0.06493607784411574
12848,0.13751528016216344
12849,0.04459752964073879
12850,0.018550605513952635
12851,0.11399535377198791
12852,0.0419727124063728
12853,0.04356032417820583
12854,0.04960877092189169
12855,0.06534643800388572
12856,0.048843497874787034
12857,0.3976702390928834
12858,0.10630693428824366
12859,0.06131488191782973
12860,0.03022428748145539
12861,0.08833854410973005
12862,0.07598307710452862
12863,0.02419431859354901
12864,0.11427730532748015
12865,0.019655644033103534
12866,0.09342572203647595
12867,0.0305281096267643
12868,0.041588508076915734
12869,0.03816192325413635
12870,0.04575002131654359
12871,0.03015568635233508
12872,0.08469711712441738
12873,0.05011961293065732
12874,0.025507365240230236
12875,0.19110429619569652
12876,0.027999779992055676
12877,0.07740172573144471
12878,0.01733153767187099
12879,0.024286868030807082
12880,0.07892826898550959
12881,0.04882424477219702
12882,0.032850688173063886
12883,0.014391373429813469
12884,0.14232117159444718
12885,0.10153669423716752
12886,0.03781441541045919
12887,0.0658262537701944
12888,0.04795319445519675
12889,0.083054874643027
12890,0.09488296955545945
12891,0.017698031320596636
12892,0.0516260863291029
12893,0.015471454729611683
12894,0.027643532779863533
12895,0.9584130505703281
12896,0.02636107123344457
12897,0.09478507920291199
12898,0.020356614084525056
12899,0.01930822013816922
12900,0.02421069221088662
12901,0.23621203707001506
12902,0.05427595560868214
12903,0.019215624055139838
12904,0.029760534818946378
12905,0.06602061067663206
12906,0.0297351677549781
12907,0.06141830387382902
12908,0.034894087259766365
12909,0.09927731403404995
12910,0.02106090381655773
12911,0.011461280267917758
12912,0.01602002998643049
12913,0.15575796285818236
12914,0.04046810331328658
12915,0.05235231947795242
12916,0.04025934410085465
12917,0.07681508401361534
12918,0.021182556701504533
12919,0.04609674359516577
12920,0.011185701968276236
12921,0.2573953004350993
12922,0.04382167997046415
12923,0.1352800528060218
12924,0.1445312664117884
12925,0.04102430876812042
12926,0.1426848382970507
12927,0.015268975422742827
12928,0.01697506082003128
12929,0.07750984548503664
12930,0.05160620769443842
12931,0.043973583140468925
12932,0.03785356941274987
12933,0.11970049127850932
12934,0.04032748100816331
12935,0.05653589593400613
12936,0.10645042969868766
12937,0.1538129673003559
12938,0.037328561816359004
12939,0.07683303935545273
12940,0.055566542748781415
12941,0.018186213763201405
12942,0.04728042504267578
12943,0.057282393809817894
12944,0.04873931838342734
12945,0.16768380916455178
12946,0.08256281522108196
12947,0.021545234323424894
12948,0.03332610889618083
12949,0.15181165065625735
12950,0.18284237248432453
12951,0.01755949441613578
12952,0.03781329878228043
12953,0.055156996893592984
12954,0.08746025443288476
12955,0.04502933174162628
12956,0.07008512957530402
12957,0.2049335346026826
12958,0.012402435667898825
12959,0.07705380334006606
12960,0.02670226703431564
12961,0.02033024902247464
12962,0.09393103597560191
12963,0.14008659087213876
12964,0.01748361055725468
12965,0.02914199348349266
12966,0.021350735558761665
12967,0.8611184483586204
12968,0.01964906876426265
12969,0.019584842198488453
12970,0.07960895107897578
12971,0.05018198088939918
12972,0.07686363049686838
12973,0.05214851505654526
12974,0.045914550737671624
12975,0.09035113042672117
12976,0.027826779453279927
12977,0.019488218499765002
12978,0.0879284018555209
12979,0.03025830556498353
12980,0.03917192488417748
12981,0.05035652822827746
12982,0.02541945178640016
12983,0.02315394897222559
12984,0.0441342997584356
12985,0.07957170211076182
12986,0.066487532954238
12987,0.13137261398638211
12988,0.917476641432413
12989,0.1481869635849053
12990,0.051316862954061
12991,0.10910220555995254
12992,0.08634196080574219
12993,0.031115974467578113
12994,0.03057652314425903
12995,0.028149161979662208
12996,0.05526330773862776
12997,0.07785967207541739
12998,0.025028991982325412
12999,0.03931964760790625
13000,0.05398892704458014
13001,0.6646486948990924
13002,0.04144800728806337
13003,0.013562645078158287
13004,0.03273941378362774
13005,0.05157133039916452
13006,0.01210177653718099
13007,0.14582958340219274
13008,0.01705759351589789
13009,0.21618657305426928
13010,0.04553609911367845
13011,0.061791411868383266
13012,0.02893517137139934
13013,0.07323491544729983
13014,0.08325587536287896
13015,0.0616485295906366
13016,0.06136191214497319
13017,0.025758039917226076
13018,0.06372616259548045
13019,0.028294332527018143
13020,0.07310767856760281
13021,0.033998850769483696
13022,0.04741816428921672
13023,0.010844513674690325
13024,0.07598125945574284
13025,0.020628064041006942
13026,0.03799904673118429
13027,0.14681607749044157
13028,0.12064452094402225
13029,0.0569133171224779
13030,0.1304607723075213
13031,0.032700932487827315
13032,0.31973007295396555
13033,0.05173671288832604
13034,0.024289445885974335
13035,0.017667975863888654
13036,0.04842356134875524
13037,0.038385104066401964
13038,0.017354603618913077
13039,0.045026244901032735
13040,0.01122780877738527
13041,0.055132172669807605
13042,0.1279395523962507
13043,0.029373874275343624
13044,0.0752348408377305
13045,0.0421855005373093
13046,0.02290374460577762
13047,0.03764492032919659
13048,0.39323393238093557
13049,0.015919749413712124
13050,0.09606557224852014
13051,0.03616736691354672
13052,0.014233050752280874
13053,0.01612871457898021
13054,0.03179665019382644
13055,0.05409432029199833
13056,0.06508812824751861
13057,0.14299082986532427
13058,0.04937328427028123
13059,0.012050288404590086
13060,0.021569170686299814
13061,0.03001488270374785
13062,0.04066755298925515
13063,0.038026564812243396
13064,0.13901920929269213
13065,0.054915378204673265
13066,0.017233281264562212
13067,0.024719326273785112
13068,0.09803180031626163
13069,0.018150913454257758
13070,0.04257919255648335
13071,0.014630116090789968
13072,0.19745269112690753
13073,0.15053099217066498
13074,0.16813558191221506
13075,0.05984879239407749
13076,0.01752296725626738
13077,0.027581094133842025
13078,0.12909282015978674
13079,0.3305792787906937
13080,0.0740824026092793
13081,0.04250328074059812
13082,0.034449217237510876
13083,0.05261261832133417
13084,0.014219208121753098
13085,0.028622403787161507
13086,0.011782615363101304
13087,0.10320096544085476
13088,0.12819662775608892
13089,0.18539592563700255
13090,0.017992122915245188
13091,0.01831837603776324
13092,0.05033887269477429
13093,0.0415161788189607
13094,0.030990539957102957
13095,0.0708697180280542
13096,0.1144415727215281
13097,0.07243107689113004
13098,0.23514485284089015
13099,0.04737626592658716
13100,0.02833718941867666
13101,0.02571853377851538
13102,0.01810549895753502
13103,0.3790305587190194
13104,0.02391894841584781
13105,0.02552404731665025
13106,0.05822623627056791
13107,0.023378903740783406
13108,0.03567406032941673
13109,0.04159111722624943
13110,0.14816755877572618
13111,0.04508084800265123
13112,0.02082668152210254
13113,0.020695167672128242
13114,0.025733609779022344
13115,0.050524161240481244
13116,0.03834821097741141
13117,0.03964980940147331
13118,0.05618181930106048
13119,0.06002022234057887
13120,0.07782454883301032
13121,0.03294466054112198
13122,0.008806118650124142
13123,0.11392908743838148
13124,0.09485514976912802
13125,0.03963832539323226
13126,0.01120783922843832
13127,0.02155027986049001
13128,0.015276022841639078
13129,0.04599882728752552
13130,0.15841280756022652
13131,0.013796074331481674
13132,0.01751566885354991
13133,0.06761268308139658
13134,0.05058332363033265
13135,0.017297209011955934
13136,0.11178426568858024
13137,0.15315445756717594
13138,0.04976196589733631
13139,0.012285683847564448
13140,0.16171651920300353
13141,0.023149597844975358
13142,0.13646298547558836
13143,0.08899185063471182
13144,0.02228531250646921
13145,0.09666687994432467
13146,0.0357882902154931
13147,0.057727309388716785
13148,0.08232804253513823
13149,0.04033406115035278
13150,0.03156139384130607
13151,0.04504201554817437
13152,0.3811750574058475
13153,0.027975830926299794
13154,0.06973586619421825
13155,0.04020761107617664
13156,0.0122668310884814
13157,0.060090616122518606
13158,0.025635158075784276
13159,0.02988361724859927
13160,0.13448420851333745
13161,0.02174014127940914
13162,0.037192574213010296
13163,0.11120108865129316
13164,0.1428763924901123
13165,0.04126745766248295
13166,0.0193192811227944
13167,0.019514348794027872
13168,0.024956848105343758
13169,0.5215231229785509
13170,0.047854284579134335
13171,0.026994579488241938
13172,0.011422815607380192
13173,0.048068200105228734
13174,0.029327188339741683
13175,0.08230681661903265
13176,0.02419995155093874
13177,0.0922783907237809
13178,0.053928522289017136
13179,0.013997660744680819
13180,0.03557125573350703
13181,0.02598569599154752
13182,0.02337576419235503
13183,0.1282520236930424
13184,0.037837438825302896
13185,0.11661313839739378
13186,0.17125800984948056
13187,0.047981407034138834
13188,0.5609239501774135
13189,0.1260458317623435
13190,0.028869796872456194
13191,0.025454476616286505
13192,0.033148222188131723
13193,0.07548109405678946
13194,0.0295977550523051
13195,0.02868611962799974
13196,0.04351882183646715
13197,0.0348759198575679
13198,0.17182163881266846
13199,0.01586425783419535
13200,0.03194778319484259
13201,0.02878243265746821
13202,0.05819184657568994
13203,0.017695009582056734
13204,0.053360079903686186
13205,0.09509412836229095
13206,0.12302550899474204
13207,0.020166333746431928
13208,0.03346887358563371
13209,0.06476920668359207
13210,0.047731283345465156
13211,0.02805740260053529
13212,0.14472697024306747
13213,0.027499550662152074
13214,0.03319564924005779
13215,0.04130384797985971
13216,0.07716101841801985
13217,0.10121101305087703
13218,0.04144384426610096
13219,0.13931393349911866
13220,0.06246088687604527
13221,0.025390826034261883
13222,0.10450827453871817
13223,0.04563208779021221
13224,0.01641923938246193
13225,0.16105738823395144
13226,0.10132487099528661
13227,0.03190850564537981
13228,0.04975712518819163
13229,0.04327306134065333
13230,0.1509328504752528
13231,0.018332853202648935
13232,0.03543410817097488
13233,0.02599863434859479
13234,0.2772493810045383
13235,0.043442593823825246
13236,0.02545752438416172
13237,0.10096504302529825
13238,0.19891210653538724
13239,0.03771289605321627
13240,0.007325253486198941
13241,0.07335360378604919
13242,0.047933399810161155
13243,0.04162702871607561
13244,0.05855825996809612
13245,0.047443605760418284
13246,0.013218611856034165
13247,0.02865619119531208
13248,0.019515487425744035
13249,0.049851784246820637
13250,0.15534930516200327
13251,0.012242468941057133
13252,0.037345718226548114
13253,0.2993490410168945
13254,0.07424459334791189
13255,0.021606737599207143
13256,0.07553453404631971
13257,0.14960226669622725
13258,0.2997001785401074
13259,0.020540285487128253
13260,0.02004040251607773
13261,0.02014578064131288
13262,0.9331163474818763
13263,0.042397846037421194
13264,0.1809254566404751
13265,0.031944449632796273
13266,0.02973360585164682
13267,0.013547055801819897
13268,0.08516090477431515
13269,0.08106437011838569
13270,0.03950637576766082
13271,0.04213868067781281
13272,0.022410774119504186
13273,0.1707915656809586
13274,0.04292908715756598
13275,0.025560620659555444
13276,0.05742253128026948
13277,0.01653151905510567
13278,0.011711213095444928
13279,0.02248276843167321
13280,0.22876635283672836
13281,0.17536790820808945
13282,0.04223400841507721
13283,0.021099641627562348
13284,0.1256726597807591
13285,0.10738783218550917
13286,0.07704728081169199
13287,0.2802447415076559
13288,0.09184074212568333
13289,0.042226272214109115
13290,0.03297645243770446
13291,0.07466382969590406
13292,0.04520088501617926
13293,0.007441935307227508
13294,0.026284307669598748
13295,0.025601504004621262
13296,0.2389579124170934
13297,0.20347596083372496
13298,0.11099748134045419
13299,0.03525173076523072
13300,0.053535316259967866
13301,0.15324679858680096
13302,0.07241756236681558
13303,0.04022721727356825
13304,0.056055100737261776
13305,0.04750987843548755
13306,0.035708910762860084
13307,0.02993826452968465
13308,0.028374844631502808
13309,0.020916918160428895
13310,0.06463288509729866
13311,0.07607139865535426
13312,0.022268471672114216
13313,0.13923346041067136
13314,0.04582451495843873
13315,0.01751457720102262
13316,0.009931643708319119
13317,0.1352334529820935
13318,0.0525414647365612
13319,0.07714464339368679
13320,0.2570591340423314
13321,0.08800567455565664
13322,0.012999070938349266
13323,0.0594552925053288
13324,0.018411645323636636
13325,0.0969088095262588
13326,0.013499368038079442
13327,0.029175384098363195
13328,0.057358910767371374
13329,0.012600851168150774
13330,0.06731454442429233
13331,0.2187430311149774
13332,0.10843884562545492
13333,0.036116693889574544
13334,0.10218509684934729
13335,0.057696191050219836
13336,0.11406606673764416
13337,0.018528765676446932
13338,0.06117548962048183
13339,0.028759831147983115
13340,0.04273768821048825
13341,0.05731087297076504
13342,0.013440822083560091
13343,0.05882648121030473
13344,0.12570666702721375
13345,0.05804175025596076
13346,0.0198475540286909
13347,0.04953534994702336
13348,0.01616421762192787
13349,0.06819149122105245
13350,0.09489328388780968
13351,0.03652955674585292
13352,0.044374598593650685
13353,0.04960689987511896
13354,0.030758414205609284
13355,0.0696124998832089
13356,0.04899580398202236
13357,0.24632446418319642
13358,0.015578959005627089
13359,0.03155270033897445
13360,0.03762883500084748
13361,0.05435555004707013
13362,0.019201291660208675
13363,0.02479607254959013
13364,0.02614297025565441
13365,0.04046423658300984
13366,0.03310833726324181
13367,0.034300346440783926
13368,0.019219122574963
13369,0.0808964292567084
13370,0.11788493699173117
13371,0.021298876337841322
13372,0.08219947549545892
13373,0.07022876197092884
13374,0.10365500023503954
13375,0.040142838574625556
13376,0.021549903080084667
13377,0.041513850825423776
13378,0.047622593198398386
13379,0.10955621817839745
13380,0.02204598060559793
13381,0.05070969301173295
13382,0.09961299739150906
13383,0.05152019983611798
13384,0.09503286421752732
13385,0.10761916127697257
13386,0.07918446463947226
13387,0.017048809892160312
13388,0.019861240162872832
13389,0.03488589859538265
13390,0.01912800550367157
13391,0.033156258944890035
13392,0.021049409805510476
13393,0.0364296622166133
13394,0.1289266280891833
13395,0.03866284633737216
13396,0.13194930205435612
13397,0.0818374394505918
13398,0.10892116659110067
13399,0.01919696825320701
13400,0.04697307461533225
13401,0.0493432959777506
13402,0.1380576007134213
13403,0.05338623490560162
13404,0.06474369253602197
13405,0.03430248321923994
13406,0.08506073450834795
13407,0.018350491369833407
13408,0.0834043970592232
13409,0.03886364803755399
13410,0.07605707084832311
13411,0.05085429665039518
13412,0.04559631142664482
13413,0.06613887709541552
13414,0.14367139670251922
13415,0.07222269526332542
13416,0.03187499023048948
13417,0.061941290389688625
13418,0.13746544154501134
13419,0.044078958637316666
13420,0.25799703145826813
13421,0.01932797661253367
13422,0.0855237486594769
13423,0.21425802830911317
13424,0.08112959140956223
13425,0.11584369782680232
13426,0.023062996576844748
13427,0.03216124244359722
13428,0.03166612360074328
13429,0.20814050919466565
13430,0.09429318592682169
13431,0.08015920030445706
13432,0.06262046337350771
13433,0.09123316114784341
13434,0.017841044220863758
13435,0.105467117229576
13436,0.020807598511970237
13437,0.029466419995177878
13438,0.04640250287438951
13439,0.057502374832431195
13440,0.15159886116208934
13441,0.06918879959902775
13442,0.046439697268177677
13443,0.15176929487409205
13444,0.029880924409957373
13445,0.04491923384922501
13446,0.033292831867239664
13447,0.04652905052408111
13448,0.05184749329183232
13449,0.10078334200641359
13450,0.15170502094705485
13451,0.037982451243103024
13452,0.02322439910488516
13453,0.051138665319397064
13454,0.02162052879006186
13455,0.13319665499039124
13456,0.1045239489635023
13457,0.05950968950779116
13458,0.1090905312824266
13459,0.07596700475431419
13460,0.10330976338610673
13461,0.014719725983040815
13462,0.04519218415886056
13463,0.020869363993702074
13464,0.017351875001414423
13465,0.04368404741923812
13466,0.027711001458245017
13467,0.03908061404387428
13468,0.028286049066161868
13469,0.09770831911756353
13470,0.21510489651480375
13471,0.01960251349874428
13472,0.06630322779343599
13473,0.34181705535547424
13474,0.07712435276254229
13475,0.07456154632854053
13476,0.03776236447046859
13477,0.10917249278111629
13478,0.020513944014067736
13479,0.03327566574453218
13480,0.01360661727678076
13481,0.07118568237290789
13482,0.023105544898922196
13483,0.05106073577131645
13484,0.02323017122107832
13485,0.057800918911555595
13486,0.06579843123133586
13487,0.05902504589184698
13488,0.0369689205244068
13489,0.01853739597252939
13490,0.02236746846312648
13491,0.013285131225446523
13492,0.07989580074022173
13493,0.019654559896685637
13494,0.23619543779558572
13495,0.04073851573786923
13496,0.04142554179301548
13497,0.4265495084149844
13498,0.04381192204055698
13499,0.08369597804272542
13500,0.035557839795289994
13501,0.025108318694262895
13502,0.043914175891807065
13503,0.05683136897267504
13504,0.11269556732704612
13505,0.10863252537300146
13506,0.008142521858083271
13507,0.027874705394332063
13508,0.016784066707598532
13509,0.017396006892820618
13510,0.1158522274219464
13511,0.09774853736932809
13512,0.05397925739186402
13513,0.02070031401139843
13514,0.19885888927778614
13515,0.05437851568821597
13516,0.03256496693065186
13517,0.20446168693903216
13518,0.03613385219905847
13519,0.11773329741768204
13520,0.013264330562886716
13521,0.049392502035659785
13522,0.02179249416561155
13523,0.06018572582302412
13524,0.7956770876781922
13525,0.03072771035028055
13526,0.3282879931693128
13527,0.06227665283616582
13528,0.010863932890284035
13529,0.03675417279035757
13530,0.03237599840041634
13531,0.045148981995039
13532,0.016527644977247343
13533,0.04241018260607719
13534,0.04439359466097537
13535,0.023089713007858136
13536,0.057791537564953026
13537,0.01571851183516391
13538,0.028606832009079323
13539,0.024785991524880497
13540,0.020585300486929956
13541,0.0737038398594482
13542,0.02342930468203635
13543,0.13965472172946342
13544,0.03725126122234083
13545,0.025445306544615905
13546,0.0643713133359729
13547,0.062350103947040776
13548,0.021844698622716006
13549,0.02274701474506328
13550,0.06977339452503521
13551,0.06708755676436147
13552,0.10034276446542659
13553,0.11009105422697213
13554,0.11762093793055757
13555,0.04087817691986076
13556,0.07039329061057734
13557,0.028415192825635933
13558,0.06719772452185818
13559,0.4141828887292083
13560,0.09575328151352173
13561,0.017019335593791787
13562,0.013974070184822336
13563,0.15110432308613556
13564,0.042324715944375764
13565,0.01690084066808616
13566,0.021931790341285198
13567,0.03450779895559223
13568,0.012482074785638234
13569,0.032569622305293706
13570,0.012582219243461062
13571,0.03813994036263924
13572,0.06659897771702628
13573,0.10201478823677577
13574,0.03427889829579168
13575,0.06416807453289507
13576,0.02272677875011859
13577,0.02631189419825641
13578,0.22887618659817768
13579,0.01973689805593817
13580,0.0641364124944894
13581,0.015799055974226248
13582,0.01124964444100808
13583,0.05108230062420553
13584,0.034981376058639956
13585,0.019951455173488772
13586,0.009827718367308294
13587,0.03291529327431012
13588,0.027841244278488216
13589,0.05699911625274407
13590,0.04163977304901803
13591,0.22716511291223726
13592,0.05239311180412721
13593,0.024136668381501032
13594,0.05314495456186957
13595,0.034933291605803045
13596,0.030097075489916233
13597,0.09744493686621766
13598,0.027631525345969632
13599,0.05734630283030843
13600,0.015887476380599834
13601,0.0823896537635675
13602,0.011885270589567013
13603,0.05960397830070907
13604,0.07249837291383364
13605,0.0416216988853115
13606,0.03203485658143349
13607,0.12382559541084359
13608,0.06379499761777518
13609,0.05172643192901352
13610,0.05426239398888498
13611,0.08394123706568568
13612,0.12267899116607744
13613,0.08520986850639323
13614,0.011931267768006187
13615,0.05755737647608708
13616,0.07400694360989085
13617,0.028352395968674383
13618,0.0329859049045205
13619,0.09363033964267345
13620,0.1042508731735528
13621,0.10848553380799002
13622,0.07577695427753853
13623,0.06607259376585901
13624,0.02225598567724111
13625,0.015300143922543287
13626,0.04509822976546351
13627,0.033501908436743964
13628,0.13652571298695834
13629,0.05890175602043299
13630,0.26565175424586446
13631,0.062408812967637006
13632,0.05722685145379107
13633,0.01207347080373695
13634,0.024468153948429196
13635,0.1515022855716041
13636,0.04929744010165647
13637,0.07471951935369707
13638,0.07125454429454608
13639,0.03681107025472494
13640,0.016897213651543952
13641,0.13681398237361603
13642,0.03986315834815159
13643,0.03886549209387011
13644,0.4788569391247712
13645,0.1477842945884349
13646,0.07362108666905465
13647,0.06444967270743755
13648,0.04875664141439361
13649,0.0363051855649419
13650,0.12268663720438355
13651,0.06747974761138684
13652,0.05933405024505486
13653,0.029696396510590885
13654,0.035772620390114994
13655,0.48584110588935403
13656,0.020930750301401478
13657,0.03971662642495473
13658,0.049174063447934874
13659,0.010792954112823133
13660,0.04880025019293109
13661,0.018529640825671406
13662,0.02662071596764508
13663,0.02448149364063472
13664,0.060734979151044914
13665,0.051230932149635026
13666,0.0443990304645694
13667,0.047437809544514056
13668,0.028398591631598157
13669,0.11210698149404083
13670,0.022601528583981984
13671,0.0581457717491749
13672,0.03178945301953795
13673,0.05202227362903569
13674,0.00782078608861501
13675,0.04375743511616954
13676,0.13570622986700873
13677,0.012177013635791555
13678,0.12242875613730322
13679,0.07591480769115302
13680,0.015333409589210445
13681,0.021035546706694955
13682,0.14712105449364316
13683,0.07774646052696549
13684,0.0724515905628734
13685,0.026243793285095057
13686,0.029010947795201032
13687,0.024929337065097826
13688,0.022353753178045367
13689,0.10954899826298332
13690,0.02786089322144673
13691,0.2423213590550768
13692,0.0953410012129402
13693,0.4891043044078597
13694,0.024937826907517335
13695,0.02486125245228072
13696,0.049809579103780637
13697,0.04833635758141132
13698,0.051689081970129475
13699,0.07427465008745836
13700,0.06209520709177963
13701,0.17431038893051537
13702,0.01359854530626462
13703,0.030780999199323682
13704,0.030138157353090826
13705,0.04071006988809163
13706,0.02854485564995709
13707,0.019996287566483008
13708,0.07507176060435335
13709,0.06782387741256284
13710,0.05147080128574825
13711,0.02542646723009604
13712,0.02598693411168177
13713,0.01912068467116184
13714,0.03313675449833338
13715,0.051668509790451095
13716,0.02821102840872756
13717,0.024832932916177906
13718,0.13204421915607173
13719,0.03993816641205965
13720,0.147300996102164
13721,0.032220601155573673
13722,0.0441629831245329
13723,0.10024635246359512
13724,0.08823528966557323
13725,0.0516052915563623
13726,0.022316422446337913
13727,0.03828844829698685
13728,0.025963552509339967
13729,0.05685390951368246
13730,0.024856515340902302
13731,0.6909437432382285
13732,0.057455392218617174
13733,0.10758177646688044
13734,0.029400268728731117
13735,0.09593363064496069
13736,0.0869192948326623
13737,0.2654258671807715
13738,0.10309134736206264
13739,0.07123997233546432
13740,0.11568861331699105
13741,0.07524621932016451
13742,0.02837758644322614
13743,0.04026266018587562
13744,0.04763804934118357
13745,0.018646161100109936
13746,0.02757655937063525
13747,0.04194582666980834
13748,0.033188892425665736
13749,0.049675231091759156
13750,0.0215405434817923
13751,0.03844541891578288
13752,0.01937691400992377
13753,0.020367038128372806
13754,0.014906064727836349
13755,0.041131906187878375
13756,0.0183067179190623
13757,0.011351526990614827
13758,0.031072745407474088
13759,0.034144757519656135
13760,0.13404678956873292
13761,0.11858371816281274
13762,0.027447577589317866
13763,0.654665735639874
13764,0.03248091315445626
13765,0.08824273848656441
13766,0.01710229145023705
13767,0.00858758350328803
13768,0.10308317723429522
13769,0.12326319156231176
13770,0.02510642930813628
13771,0.04022508832817125
13772,0.05452851591436811
13773,0.015931062909444054
13774,0.0416489182700027
13775,0.011548330543524287
13776,0.008644177762931141
13777,0.04294442176177853
13778,0.06332471738036381
13779,0.4904781829804953
13780,0.2430730996646256
13781,0.04164794669371692
13782,0.03130245044378858
13783,0.02735596522594383
13784,0.024743935996280744
13785,0.03732211488213177
13786,0.1783553145009532
13787,0.0230765463398927
13788,0.027504132607336328
13789,0.16953810844126435
13790,0.031767117201867895
13791,0.11503918385127954
13792,0.046885229535247736
13793,0.0499851307177142
13794,0.014608718654057886
13795,0.17184219107704646
13796,0.35936861480006593
13797,0.0649733596308588
13798,0.23849937657911136
13799,0.04327464535700491
13800,0.08986457661681468
13801,0.040004050994131804
13802,0.02587460566006764
13803,0.03064239860857426
13804,0.037966294045883725
13805,0.12348070513170312
13806,0.4938964431524062
13807,0.11053053449860073
13808,0.03338248656708939
13809,0.0365227390689514
13810,0.05574376168455826
13811,0.12770256450713152
13812,0.02318486254439689
13813,0.09103949822183875
13814,0.05013586781801405
13815,0.02183480245290053
13816,0.023899193971567534
13817,0.023911882433888768
13818,0.03278190063730358
13819,0.05706873255812243
13820,0.6643095927236489
13821,0.09997348177879241
13822,0.056763054384606874
13823,0.030731634823002077
13824,0.02327959505410814
13825,0.07677378498241828
13826,0.09808402148546308
13827,0.01857529866798354
13828,0.06810068272248651
13829,0.019461466736154266
13830,0.014250568880910522
13831,0.09169750154274928
13832,0.4590771078447816
13833,0.24522218023503478
13834,0.03829761503260154
13835,0.012579680732851395
13836,0.034631073213281904
13837,0.3226865700882479
13838,0.03210843364988139
13839,0.05813595617788174
13840,0.0337981273204806
13841,0.11759403293773826
13842,0.03769363441594752
13843,0.041482113222378186
13844,0.28312485966293754
13845,0.03723567563607718
13846,0.02824484970902699
13847,0.029842491574695554
13848,0.015980332300067054
13849,0.05123873177232338
13850,0.022493367478685362
13851,0.03912822192084193
13852,0.023610990153218027
13853,0.02726436124021328
13854,0.06923925981025639
13855,0.060703613450898905
13856,0.019467686884888695
13857,0.0281443789754271
13858,0.04606620463438006
13859,0.041255763011847135
13860,0.03130695656589615
13861,0.015686814815619392
13862,0.03443888052201456
13863,0.035045565761113937
13864,0.045452823722069685
13865,0.07182517800199441
13866,0.041962942754150245
13867,0.05132970124376194
13868,0.4897134332902784
13869,0.04707427394707854
13870,0.06415378718288625
13871,0.13570750867652187
13872,0.01893306642338075
13873,0.05428215485931024
13874,0.042240758038124285
13875,0.02824306254631827
13876,0.03624691317361428
13877,0.015288780543779716
13878,0.18918024551439094
13879,0.031376577732267596
13880,0.04275990970624212
13881,0.023286323387913123
13882,0.03545484672498434
13883,0.18717110617917276
13884,0.044509769585670794
13885,0.030188017637204315
13886,0.1385102300467253
13887,0.01282074202649637
13888,0.07039204177915301
13889,0.04008867216090038
13890,0.015839609439917253
13891,0.06431753550076923
13892,0.0106761848103247
13893,0.03407425677362566
13894,0.02307457661354959
13895,0.1359249965350187
13896,0.05513326861611184
13897,0.014102266528804967
13898,0.10622299484793954
13899,0.012748174985244842
13900,0.08500756323711892
13901,0.029132988909474085
13902,0.019467155805269473
13903,0.02145012213261307
13904,0.08463587811533616
13905,0.03711943155356798
13906,0.010496717112274574
13907,0.15050240028787173
13908,0.17287693976576496
13909,0.05062540455646301
13910,0.0570587147194517
13911,0.04645652837864641
13912,0.02789649852147061
13913,0.2773593064308215
13914,0.19207132257409437
13915,0.009963907162072577
13916,0.015333689924799505
13917,0.010428168019570113
13918,0.03808884297173594
13919,0.15930536157367933
13920,0.10241951490728127
13921,0.04021554766116434
13922,0.03188870906078055
13923,0.022119598161592473
13924,0.030591914882757087
13925,0.019203910735919698
13926,0.016510152809209484
13927,0.02727488438763301
13928,0.02241257912945936
13929,0.025555474620298644
13930,0.06394236986423775
13931,0.03358573655008244
13932,0.03965694656962835
13933,0.0398347545567835
13934,0.025650948574113774
13935,0.06512901443445684
13936,0.1128681159819786
13937,0.16047662942162877
13938,0.014318871217646464
13939,0.022380240328295897
13940,0.09663630806336135
13941,0.012507178787834413
13942,0.02920770555509658
13943,0.02665437062746758
13944,0.23540492061418705
13945,0.02120903747995896
13946,0.025464628434848802
13947,0.01687823049620342
13948,0.07069440925836395
13949,0.14577830398142544
13950,0.026484771399702515
13951,0.08012201305576379
13952,0.03540742288607898
13953,0.27833065205210056
13954,0.09254818799065417
13955,0.030211485032765908
13956,0.16796878136649945
13957,0.07628502709785627
13958,0.022548102844311746
13959,0.03849888149761866
13960,0.010689108110320521
13961,0.02375417084001026
13962,0.06937427291519607
13963,0.045075526153920006
13964,0.11036658771674442
13965,0.10492514902025431
13966,0.02320257129497501
13967,0.018709573381868884
13968,0.03383288924468466
13969,0.05244690469803997
13970,0.01925590050346407
13971,0.04140691114999803
13972,0.06453995316505916
13973,0.05719832325110026
13974,0.04780516934511604
13975,0.04268747997290015
13976,0.020433822910090788
13977,0.016357361163933964
13978,0.11629448777712278
13979,0.03725097581856643
13980,0.011510806075999342
13981,0.056709907488977356
13982,0.0381049824588053
13983,0.04493698175224242
13984,0.12564516711028698
13985,0.02653682834843061
13986,0.020433339634976344
13987,0.11636878671008866
13988,0.03507667029790855
13989,0.01603806643165206
13990,0.2414992617211834
13991,0.1799914310867846
13992,0.02019689626336777
13993,0.04406244591074875
13994,0.1949707579072419
13995,0.04798710023537746
13996,0.022804022959761625
13997,0.11088556846493247
13998,0.029978782677654747
13999,0.1633033549168068
14000,0.13165374463843155
14001,0.028790990870295356
14002,0.02410802415351124
14003,0.06624309910372476
14004,0.07174688126867754
14005,0.03202079055640807
14006,0.0231196671271792
14007,0.018923424909870482
14008,0.03847209811601153
14009,0.04487499003154846
14010,0.02838691014609229
14011,0.06753047306384308
14012,0.05764374807319428
14013,0.3180337268984321
14014,0.035501046734338314
14015,0.02407019969491282
14016,0.06320070075025147
14017,0.022517173050597576
14018,0.013788410981749632
14019,0.0634279147939476
14020,0.032431042432100564
14021,0.19199622264437116
14022,0.033807145806343045
14023,0.03503143023526084
14024,0.03277662134300992
14025,0.04739916994581431
14026,0.051989921406186496
14027,0.014553289968690413
14028,0.05877358672902521
14029,0.07838309033573777
14030,0.025124754556404737
14031,0.016710116972621595
14032,0.04202430962472084
14033,0.11467114157143127
14034,0.0626280108831123
14035,0.018231348911133954
14036,0.014395927276929
14037,0.04912977838899722
14038,0.009130643120985974
14039,0.051548813908287895
14040,0.013224436471716028
14041,0.0953262179066322
14042,0.02960074512422091
14043,0.052392692780857744
14044,0.08176488973789431
14045,0.031044213074316523
14046,0.04548784276709862
14047,0.10304844070953086
14048,0.18142805455788885
14049,0.013909214457963434
14050,0.012592661917591516
14051,0.0344834264730165
14052,0.11371540940649909
14053,0.06290255645203877
14054,0.0167123721975419
14055,0.02955276212378688
14056,0.021420666940562227
14057,0.15352524853927765
14058,0.010078436769587477
14059,0.03626645402405938
14060,0.2603123037605367
14061,0.05517642568053196
14062,0.02042617866961851
14063,0.11367604218784624
14064,0.020990183080693052
14065,0.04245062750042926
14066,0.014980613692812927
14067,0.023980421790605604
14068,0.014697789531421687
14069,0.036475557294797456
14070,0.10358016637444178
14071,0.03885864064649219
14072,0.042695080047195494
14073,0.02722936465746147
14074,0.022816925087157727
14075,0.058208826242053244
14076,0.012459709209427034
14077,0.026480577055233018
14078,0.016648165865318976
14079,0.014524597963785439
14080,0.033493618210316455
14081,0.05337948028117336
14082,0.03330570695773964
14083,0.012886086629207507
14084,0.029419209860807358
14085,0.2561602731456628
14086,0.0907617769572776
14087,0.37396582276640333
14088,0.03639014401195922
14089,0.05464698180841235
14090,0.029944262388642236
14091,0.05546544747521788
14092,0.041089977257953936
14093,0.007312443214661046
14094,0.14163974231816484
14095,0.019298924956540474
14096,0.06301026225917875
14097,0.09982304579182423
14098,0.010685473300384085
14099,0.023246993410296696
14100,0.09432423502580954
14101,0.014902408022693861
14102,0.031379202204525274
14103,0.07577979917301071
14104,0.1826473343200173
14105,0.08644800176743185
14106,0.06435424314873783
14107,0.03866214878365745
14108,0.019925298576661542
14109,0.04059435533949613
14110,0.14258865950289493
14111,0.03249090952711747
14112,0.02712755270216829
14113,0.027235728064670013
14114,0.10755529821137033
14115,0.011217795660630941
14116,0.09785358256647872
14117,0.02014635270548221
14118,0.0542964013826558
14119,0.0362448637411763
14120,0.10358475853082785
14121,0.202586381633946
14122,0.3728148947131716
14123,0.0631767952828886
14124,0.025786856368051912
14125,0.017178990312142275
14126,0.14647856963184486
14127,0.05775343935365662
14128,0.014762090270027738
14129,0.06785931401654337
14130,0.08133146554077053
14131,0.057042779507088574
14132,0.06798085017028169
14133,0.05478067727034063
14134,0.01525820569636704
14135,0.02343145672772326
14136,0.046082215479594825
14137,0.05620726305841931
14138,0.047465956240991154
14139,0.07441931532208143
14140,0.27540757620444717
14141,0.014073065303123704
14142,0.033405219063909114
14143,0.11560928044407168
14144,0.04064564313375631
14145,0.0298161606328493
14146,0.05021570109169721
14147,0.028630982794864552
14148,0.26256465077658114
14149,0.025817702067492926
14150,0.13715164769974733
14151,0.105231037707504
14152,0.08730175369388948
14153,0.44022097496406987
14154,0.029930662640765902
14155,0.1382005373880806
14156,0.03220837163148217
14157,0.016060504342415176
14158,0.07078167443732716
14159,0.0465460072970883
14160,0.09251960853402852
14161,0.18893193878216613
14162,0.061617774419832266
14163,0.013727941210694372
14164,0.06097956040336177
14165,0.018007800236166858
14166,0.1364213099992123
14167,0.03258800149610963
14168,0.009897732792331365
14169,0.03274380726691747
14170,0.02011056335277653
14171,0.12951431099827362
14172,0.015297632419232479
14173,0.009612470120138349
14174,0.1489261526132462
14175,0.18461483618629307
14176,0.013837863773254824
14177,0.05869998159021943
14178,0.16520762389542146
14179,0.04744928026812839
14180,0.03255702741976123
14181,0.01836776488241519
14182,0.16901466978458599
14183,0.02649678657549579
14184,0.033213816941154724
14185,0.01998558613755191
14186,0.05869235853138215
14187,0.04105574178437974
14188,0.0245978940775177
14189,0.08612521403903053
14190,0.058650286181208516
14191,0.14384946119993916
14192,0.025386309050555375
14193,0.0812029183613664
14194,0.03428607595897531
14195,0.05043313709687944
14196,0.01695271310106811
14197,0.05333190211985277
14198,0.20982671963210717
14199,0.06851352453581541
14200,0.22311966045666698
14201,0.01720003457224093
14202,0.08345250004931594
14203,0.015525497847164008
14204,0.01870855484194426
14205,0.06408188499305345
14206,0.07945076512804305
14207,0.027547451686442286
14208,0.045430149979702975
14209,0.018611526879090498
14210,0.07674269247004437
14211,0.018190792133283416
14212,0.04040710131325533
14213,0.017899357218822277
14214,0.4336017633769326
14215,0.11021251107019664
14216,0.08739795116836072
14217,0.019076864561649438
14218,0.020962704285687035
14219,0.1888497104019411
14220,0.038271811189523594
14221,0.10680778718160772
14222,0.017212290559819307
14223,0.037829499748850505
14224,0.17442894481907148
14225,0.04990770930468543
14226,0.04293086033713724
14227,0.032378812302084545
14228,0.016744369737329134
14229,0.09822753913564147
14230,0.020889927559748504
14231,0.02891182550785512
14232,0.11101487387374218
14233,0.1008727948238174
14234,0.10168387066027135
14235,0.07184785619500725
14236,0.07282613069950447
14237,0.03396274084403313
14238,0.17588028949884144
14239,0.11567827394020483
14240,0.04755821943526483
14241,0.16321881887338857
14242,0.0927512219421898
14243,0.05626918855674119
14244,0.0353727601944183
14245,0.22363502997609824
14246,0.23083924103983117
14247,0.020694746502135715
14248,0.038312672374872375
14249,0.04819485142582471
14250,0.03240386405145486
14251,0.04481638113885984
14252,0.11475932728921118
14253,0.05173089134787421
14254,0.02230587269915069
14255,0.022420314808173986
14256,0.06583341380540782
14257,0.06601669396902594
14258,0.014141555009184207
14259,0.013694395989392288
14260,0.03532999429128429
14261,0.05711500480318644
14262,0.07621893664240255
14263,0.02918308869913923
14264,0.07406690999836262
14265,0.04897696813241062
14266,0.011696749450228269
14267,0.02633325141709342
14268,0.034454881410728
14269,0.04271556943359879
14270,0.03404566464988228
14271,0.04039864070458995
14272,0.02729084154040592
14273,0.034785955361284815
14274,0.021887385797470658
14275,0.0723545230321924
14276,0.02663693507057038
14277,0.04535886906715679
14278,0.011691173101635024
14279,0.06166489305144139
14280,0.025766734199778707
14281,0.20582511144800436
14282,0.1684268537908264
14283,0.009680130168546158
14284,0.05423519557519311
14285,0.07767131171579711
14286,0.06195284076176099
14287,0.13801330435089865
14288,0.05753802302785744
14289,0.027315393936064875
14290,0.041621977138991545
14291,0.039263858732154405
14292,0.06740769279575154
14293,0.026639815380741106
14294,0.18346543113484176
14295,0.06553751564689672
14296,0.027072823351552283
14297,0.044301217715086404
14298,0.2729051284186879
14299,0.02395524938938023
14300,0.02104691785094719
14301,0.051479069225305145
14302,0.07295097061114682
14303,0.06479004711004138
14304,0.028690249901370726
14305,0.06617001337683084
14306,0.010602743345789598
14307,0.10455360096216834
14308,0.03968025118938477
14309,0.10349866499801079
14310,0.06612839529133349
14311,0.026939625120867738
14312,0.017205873524399475
14313,0.05298500059328262
14314,0.03865900044718156
14315,0.11522663083926463
14316,0.05018844456368646
14317,0.12018587506167183
14318,0.03484690346970432
14319,0.01534422860499985
14320,0.2504064773523113
14321,0.04908817327933496
14322,0.09317502499881718
14323,0.038900589959260753
14324,0.026170822283355367
14325,0.019195383154290098
14326,0.027523080133399054
14327,0.04587121674612553
14328,0.032004621578471226
14329,0.03958750751537546
14330,0.057995089383949275
14331,0.03605968868716483
14332,0.04207693514843441
14333,0.03455644902566119
14334,0.04467641862029714
14335,0.029462681877864633
14336,0.0646197602002313
14337,0.2378398365825969
14338,0.04120016884363774
14339,0.08157900161104945
14340,0.030416561893163482
14341,0.07088664511934115
14342,0.0150765387917197
14343,0.044146459769424815
14344,0.045659613736098614
14345,0.12161858219323529
14346,0.043701539382680045
14347,0.04835132973795399
14348,0.04396429828996579
14349,0.05577879798738926
14350,0.20313108802165086
14351,0.022817571783540574
14352,0.2083059810796919
14353,0.031832793695550185
14354,0.23004985831788316
14355,0.019843304299284343
14356,0.026137464859054577
14357,0.051578897983723365
14358,0.05081189680270724
14359,0.04004807275558173
14360,0.023436144928583154
14361,0.08149129318163228
14362,0.03490794758229591
14363,0.01564575908823447
14364,0.015245391907566295
14365,0.07988185242784497
14366,0.02109443926532932
14367,0.07898043274503674
14368,0.04340335330129682
14369,0.12281675274483012
14370,0.019628975356549318
14371,0.09550551327270651
14372,0.17541829243815926
14373,0.2960013668259775
14374,0.07328831956220523
14375,0.059687993324711204
14376,0.0491206746311087
14377,0.09637027574772195
14378,0.03216080585724142
14379,0.09985729418150703
14380,0.03564919686377761
14381,0.1585764084829387
14382,0.12423817041816565
14383,0.07423403996175293
14384,0.014008709430884454
14385,0.019852029129030477
14386,0.0959779542566919
14387,0.008700755998662752
14388,0.08052327264605506
14389,0.07258785271621068
14390,0.032829119388973746
14391,0.015160611926386857
14392,0.026710586809743333
14393,0.019801551276921604
14394,0.1661769910034649
14395,0.022120898014678838
14396,0.04826937171704833
14397,0.04107269686545563
14398,0.15900194203618667
14399,0.08007135761986499
14400,0.016992532558969813
14401,0.0423879296836743
14402,0.024416258616984075
14403,0.03786435136401149
14404,0.12035738994370541
14405,0.014957739445889427
14406,0.11065615773032764
14407,0.08675807057154492
14408,0.16366117795189578
14409,0.044514119101331226
14410,0.01971269539768915
14411,0.062273234867161145
14412,0.10524984763616928
14413,0.012051507903921595
14414,0.03223200109577007
14415,0.028283954960064514
14416,0.025317488367413633
14417,0.03074113147837032
14418,0.03602589287187081
14419,0.03874232605479129
14420,0.10751892371208283
14421,0.034096287335457345
14422,0.1030381380378714
14423,0.03345318074093699
14424,0.10327879304933227
14425,0.01745499187872732
14426,0.049467246437888385
14427,0.05703355380278599
14428,0.07536602232653486
14429,0.22966963909319837
14430,0.218137021217618
14431,0.19902186562923233
14432,0.019565564293511088
14433,0.06594717396010925
14434,0.06346187738568346
14435,0.01326834274568114
14436,0.028405932717804283
14437,0.10929834729768478
14438,0.05070816421905325
14439,0.02738892063696862
14440,0.09193230349204151
14441,0.04648383227695915
14442,0.039042452600258806
14443,0.0378452661803575
14444,0.020200503759863084
14445,0.09031018283887787
14446,0.40583662568769346
14447,0.2046181745099579
14448,0.034015422520345125
14449,0.08701695292955915
14450,0.03944831948963477
14451,0.03256790580329937
14452,0.06440093352583234
14453,0.029840011411779496
14454,0.04726951007828102
14455,0.012198359081206764
14456,0.049890145113817494
14457,0.02210457595185478
14458,0.1496173579578619
14459,0.03397692887548513
14460,0.037589432254242335
14461,0.021606287042498985
14462,0.07530064755288071
14463,0.07071577913477108
14464,0.011609834625543838
14465,0.08356058057256475
14466,0.10883232863900333
14467,0.01720687748139299
14468,0.027098466737207744
14469,0.02433941810192599
14470,0.022730847873991416
14471,0.03827468114867888
14472,0.016943431220879653
14473,0.14093745281579229
14474,0.018972982730029224
14475,0.015665780870089543
14476,0.042783006165775794
14477,0.2503550346428557
14478,0.023900924672483816
14479,0.033169525299747635
14480,0.03743147321942675
14481,0.02762436459402711
14482,0.03822529665197998
14483,0.11458816722999164
14484,0.46082884089796394
14485,0.0804959701677897
14486,0.1012939040924091
14487,0.04739100737573655
14488,0.039049399437288024
14489,0.08704984666762704
14490,0.05769591941748688
14491,0.015061296219588658
14492,0.03538420830018274
14493,0.008416861841456263
14494,0.09448941970918558
14495,0.014687087545852733
14496,0.1213457116021283
14497,0.11391667616269827
14498,0.03152581864493579
14499,0.0325988191396449
14500,0.039536952621142166
14501,0.03529000403204169
14502,0.01637757254197139
14503,0.5076136005447154
14504,0.018103154154015158
14505,0.04126219106760339
14506,0.13450350446894474
14507,0.01631631702724102
14508,0.053776574934535464
14509,0.09304827199051385
14510,0.11270439236250657
14511,0.07564948171865737
14512,0.08178061013161443
14513,0.0923374862289604
14514,0.034271442972382944
14515,0.05946176760276323
14516,0.13149871938703783
14517,0.05429037100625135
14518,0.21633643101556893
14519,0.047366283972485955
14520,0.01583556469968439
14521,0.0403455099558495
14522,0.03787772889410646
14523,0.1491890608679465
14524,0.03171616859555681
14525,0.06810157605663544
14526,0.02882932920456234
14527,0.05975394900847928
14528,0.12751758245303818
14529,0.04890292030404529
14530,0.02926288092725968
14531,0.038179282439083244
14532,0.033609412767352076
14533,0.2550485790007587
14534,0.13755929031483674
14535,0.01436325193728303
14536,0.06647628025461148
14537,0.12913661226356324
14538,0.02919449789685919
14539,0.07560206088440556
14540,0.07373844690026392
14541,0.08716081714388463
14542,0.1006066832050101
14543,0.03292665285556654
14544,0.032857294463454916
14545,0.07258546317261645
14546,0.022295926546344772
14547,0.14366036645972485
14548,0.04597640181615811
14549,0.034436780935578185
14550,0.018310444495034946
14551,0.126016207512268
14552,0.18709500456832417
14553,0.006913435639125158
14554,0.07378782521504683
14555,0.036494611396930415
14556,0.03482534198218594
14557,0.017664286021601756
14558,0.024744264137524532
14559,0.02757212681511062
14560,0.04454827244469437
14561,0.01622621239702265
14562,0.02725100209072644
14563,0.03694776190679285
14564,0.04678577767226836
14565,0.06282254261287674
14566,0.021945515490737127
14567,0.031930974711923125
14568,0.02308314248248959
14569,0.020484997250876935
14570,0.13933373076361405
14571,0.05405425060152822
14572,0.048087007859805506
14573,0.07828452166224664
14574,0.030392865723326154
14575,0.04307766292167791
14576,0.019912925612256795
14577,0.04579203137454488
14578,0.03778931899615599
14579,0.018844766440515894
14580,0.14144035545332959
14581,0.05038648975712759
14582,0.014514878281534624
14583,0.18263055081480148
14584,0.1997884132689695
14585,0.034816242282208185
14586,0.031063280811506833
14587,0.03251596212275967
14588,0.2121723582785457
14589,0.037437748876750554
14590,0.056588850373432455
14591,0.06534653566799534
14592,0.090802961375719
14593,0.17641928688197256
14594,0.15077312365867027
14595,0.054613120986864695
14596,0.01902312256954369
14597,0.05078163193508932
14598,0.13770114779179884
14599,0.11800815675962843
14600,0.03871817946429684
14601,0.03689305475780306
14602,0.019324004882504225
14603,0.05815364768956983
14604,0.09619844780101947
14605,0.020702328153485914
14606,0.018740533874651195
14607,0.016094184565069357
14608,0.04148088492782747
14609,0.09468058728368925
14610,0.021026677941185054
14611,0.047805230079456175
14612,0.0567847650320584
14613,0.09495171031221344
14614,0.0682370759949662
14615,0.016730901799175295
14616,0.4018639190900442
14617,0.04835596481155848
14618,0.05209299157575162
14619,0.058918407237996406
14620,0.030272436389858912
14621,0.030764055442289776
14622,0.23143805042389262
14623,0.15858977930531923
14624,0.100288421975551
14625,0.06458965742345807
14626,0.017864043396190677
14627,0.04666237947884866
14628,0.12968181748347427
14629,0.07543466107197122
14630,0.015017695232040993
14631,0.026808337749818438
14632,0.0510619897542754
14633,0.1257260816671691
14634,0.05656719972837736
14635,0.026270710938323782
14636,0.047870301975853305
14637,0.11400243816279143
14638,0.16389598445958858
14639,0.18560047152462386
14640,0.0385672719175582
14641,0.06298549584721486
14642,0.0638272768673391
14643,0.023546956606144295
14644,0.02372405625992507
14645,0.10330010394270493
14646,0.009208944969817312
14647,0.2112614881455195
14648,0.03364005621376121
14649,0.10534166800240904
14650,0.10281824775057816
14651,0.07291791213426105
14652,0.1115774907227926
14653,0.046683540087761086
14654,0.03234435336342738
14655,0.019315461816045085
14656,0.07427430199166424
14657,0.01769588310210396
14658,0.023853719049351622
14659,0.08223664556410339
14660,0.02736797555499476
14661,0.07851218352086212
14662,0.6086898594603158
14663,0.13001904227435698
14664,0.08547423181802906
14665,0.10987174996996764
14666,0.04933366834464981
14667,0.023028059440078064
14668,0.04846437723719396
14669,0.030995574532693627
14670,0.10065090058192785
14671,0.04897361875438656
14672,0.020812275974047653
14673,0.022871779935060198
14674,0.04056492962980961
14675,0.026284925606202547
14676,0.095883522807152
14677,0.03156806757452073
14678,0.18441527216571335
14679,0.09163559021584469
14680,0.04779951671520769
14681,0.03168004871391158
14682,0.014992397463954069
14683,0.04740736574752459
14684,0.17220755285873743
14685,0.022325400548374105
14686,0.1113925434749311
14687,0.1329800973671355
14688,0.04720214158095424
14689,0.06593188767202474
14690,0.018697658698821673
14691,0.013661387836103489
14692,0.0480338417494211
14693,0.0560972060439498
14694,0.04338896305127446
14695,0.023859255660173825
14696,0.02810230309836014
14697,0.20224164681897613
14698,0.05520987295121015
14699,0.15714024870259463
14700,0.08494254404321787
14701,0.2170259572256129
14702,0.04231936268003414
14703,0.03349012584013608
14704,0.05004480588702932
14705,0.02298269167589085
14706,0.020534197541687723
14707,0.04488957525725898
14708,0.34689851192394705
14709,0.09552927122761905
14710,0.035708380056520925
14711,0.023593316502803052
14712,0.05297263265080262
14713,0.09037848716395608
14714,0.0951381845085997
14715,0.03687760884761011
14716,0.24717681250395943
14717,0.07345871388175074
14718,0.037010556023244594
14719,0.0736253888986871
14720,0.02491887938418346
14721,0.04365305380805401
14722,0.0586682738921538
14723,0.02342063244765307
14724,0.011121411799218656
14725,0.03617317765281876
14726,0.04602062029150225
14727,0.017371607085751792
14728,0.05827052041788387
14729,0.02982889079863584
14730,0.08014004211950933
14731,0.15372854853628887
14732,0.05271524302732561
14733,0.09150346914471653
14734,0.0749272984641863
14735,0.01183326509065378
14736,0.019053975588409877
14737,0.020758902037270495
14738,0.0378724705887324
14739,0.22598137365123686
14740,0.048036045509021116
14741,0.02704028049685642
14742,0.03842155760851002
14743,0.08801945748287131
14744,0.04741850877766239
14745,0.09306685311117491
14746,0.012220142106951569
14747,0.16807652183934324
14748,0.06486300322123914
14749,0.03400528366289392
14750,0.22151107503360418
14751,0.049568027743481444
14752,0.10964855005766222
14753,0.008875816941813405
14754,0.0817975376251193
14755,0.21285773771369637
14756,0.07953437428362253
14757,0.04891644853793227
14758,0.02906174605452419
14759,0.011180419462215917
14760,0.03181586491255296
14761,0.07796888325274154
14762,0.015722618602994946
14763,0.024074489459028677
14764,0.03467986379641647
14765,0.06587248417259293
14766,0.1126463818030309
14767,0.0415350283337872
14768,0.24472233359144108
14769,0.09003271666722196
14770,0.07040713060719464
14771,0.04464897093848924
14772,0.03587951814041791
14773,0.05066183260504288
14774,0.313289882711833
14775,0.020524694870801552
14776,0.09578507043026559
14777,0.032726224168099755
14778,0.07887625469291132
14779,0.22822249751554213
14780,0.032417412848467296
14781,0.15984210700670923
14782,0.061935407932940806
14783,0.08104658682930026
14784,0.0356302029480828
14785,0.02569593512524758
14786,0.09263328275110413
14787,0.06197760539253491
14788,0.0823238282586108
14789,0.20933091071941748
14790,0.1745013831114205
14791,0.037562818584084626
14792,0.02634377457315832
14793,0.09481143316448032
14794,0.026069625327362685
14795,0.03925793171892771
14796,0.011695232434070668
14797,0.027648342633888625
14798,0.027343366739999705
14799,0.12613090969457053
14800,0.18155151096723768
14801,0.27824825221544824
14802,0.351142650998824
14803,0.12294510900591593
14804,0.05219593673002264
14805,0.07078046870863268
14806,0.014257172809942494
14807,0.10996960737779604
14808,0.03623992047233256
14809,0.05193758435454802
14810,0.07932497152314036
14811,0.07643344122768309
14812,0.029570592843115907
14813,0.18537643378507268
14814,0.09494362391902557
14815,0.05794982158412168
14816,0.02995364178049388
14817,0.011705160922768092
14818,0.05157170074372797
14819,0.01631476434284819
14820,0.019441419463641474
14821,0.04258233705513876
14822,0.08149920204766456
14823,0.07776633833741232
14824,0.11247079953232275
14825,0.23565313459221632
14826,0.01597457189513363
14827,0.0749018044699755
14828,0.015192408599993979
14829,0.043282507455026833
14830,0.010955346752604867
14831,0.030736136434698802
14832,0.04032308529927691
14833,0.12967878403033303
14834,0.12382596093173018
14835,0.12044372774193271
14836,0.1471917111438853
14837,0.020668034088449125
14838,0.08228129880445686
14839,0.05532844129746701
14840,0.02202943820184873
14841,0.06724132474720322
14842,0.04496004526675163
14843,0.07632224288253381
14844,0.39058114637564256
14845,0.04051403798042648
14846,0.09971130780065661
14847,0.036907350064259645
14848,0.03402887693399995
14849,0.017347662624979582
14850,0.0637751587906582
14851,0.31787957994144905
14852,0.05750310742741098
14853,0.08482635315383494
14854,0.04479595633202438
14855,0.19339602380078652
14856,0.04490606593920474
14857,0.008468010572513899
14858,0.023982253601501004
14859,0.09940839615961608
14860,0.04749064814431336
14861,0.22243599096056976
14862,0.029506032859046776
14863,0.019513010743666993
14864,0.15204325758603363
14865,0.015523391876638464
14866,0.043973913725239205
14867,0.10482480225682417
14868,0.2946533613379684
14869,0.11207255950416903
14870,0.05568782526019341
14871,0.03210866375906402
14872,0.010641178835213878
14873,0.057334517084013326
14874,0.028156394114132746
14875,0.038944266577994144
14876,0.06734023690158372
14877,0.042239377062918
14878,0.06807550100133383
14879,0.009731431680263256
14880,0.01192008164342114
14881,0.022295077203983618
14882,0.036083839587823324
14883,0.02662707291355492
14884,0.05442546058198361
14885,0.02563067934554906
14886,0.01752194806368741
14887,0.3241508919298903
14888,0.028206458378013118
14889,0.1080194362888039
14890,0.02473282876679348
14891,0.06831073115672974
14892,0.014544960672204284
14893,0.0176406445996482
14894,0.10636514996647171
14895,0.04312488551437052
14896,0.2669211618877213
14897,0.022421813549939294
14898,0.12241412825075683
14899,0.0774753245563635
14900,0.028529412134795918
14901,0.06461978144685222
14902,0.075989903795193
14903,0.24430190409713962
14904,0.08421709543488072
14905,0.16393604704915388
14906,0.07695550346338001
14907,0.07605571309714025
14908,0.1370602361180252
14909,0.01998265012094711
14910,0.024363343421792288
14911,0.06673955786639371
14912,0.040733893050623735
14913,0.060811897241884315
14914,0.08728001084535443
14915,0.04844801662219976
14916,0.06683302626568295
14917,0.045510622608636205
14918,0.09916732466106881
14919,0.04985424237113961
14920,0.05053235205776314
14921,0.04692346483700895
14922,0.1277108586031185
14923,0.07685680807078428
14924,0.03833800746309177
14925,0.18819373391422875
14926,0.0739496401039881
14927,0.08900700873818972
14928,0.020080806419942906
14929,0.4189370018716704
14930,0.023709111759020608
14931,0.03436029373534232
14932,0.06352312269925768
14933,0.018303561141659604
14934,0.02395739953808783
14935,0.014884890495559678
14936,0.03042176644822472
14937,0.02006941686969134
14938,0.08335165246541207
14939,0.02250525884649603
14940,0.04154017926381348
14941,0.025843170860072522
14942,0.17126421605451192
14943,0.05532814337365947
14944,0.03106747781708379
14945,0.38275438346768675
14946,0.022989300940458566
14947,0.07609006744536988
14948,0.07564313149008373
14949,0.04546085038282381
14950,0.03834690776518068
14951,0.04018755676369834
14952,0.013135560151964284
14953,0.0824177645567494
14954,0.060662631857017854
14955,0.23973814744493382
14956,0.25907438443810277
14957,0.2072977201732956
14958,0.017214407292221054
14959,0.02868250402508409
14960,0.04991109876162283
14961,0.017033083560842977
14962,0.038489572853927526
14963,0.031329594055404954
14964,0.09639899713224964
14965,0.04130229328512905
14966,0.04419333728568535
14967,0.01728914260709107
14968,0.016026688902587297
14969,0.2847725366346638
14970,0.2028214441400532
14971,0.023151812473753787
14972,0.31911142595065056
14973,0.2527344901611824
14974,0.13305383311947963
14975,0.05781790301799607
14976,0.031085183135487297
14977,0.07819873757434592
14978,0.016099499028678767
14979,0.03465984055709037
14980,0.03569464273566347
14981,0.023757043588692284
14982,0.04688923496194059
14983,0.051923854616693695
14984,0.021412069549531926
14985,0.12915192474235615
14986,0.025977988653583122
14987,0.04805420349673627
14988,0.008499525091159284
14989,0.026082982945160902
14990,0.10067948678367071
14991,0.010625165357929392
14992,0.6038612229998426
14993,0.016771718420694703
14994,0.053380637088976855
14995,0.3872127685094031
14996,0.07022019928572504
14997,0.038840200847884726
14998,0.009205317698150368
14999,0.06714319681469154
15000,0.072826856868965
15001,0.04713096270094585
15002,0.025754582526184837
15003,0.011791697967540392
15004,0.011780742707579818
15005,0.014957985447045276
15006,0.019926206401435245
15007,0.04943189987124817
15008,0.012701265280580578
15009,0.011840969255944812
15010,0.05692297728527275
15011,0.04293174611466489
15012,0.18888253898561366
15013,0.42559565393814824
15014,0.08829068755760812
15015,0.042485412492239666
15016,0.026807406526652484
15017,0.011859792481780087
15018,0.029455965285968798
15019,0.0615642445849034
15020,0.012504921472428585
15021,0.09305945922699602
15022,0.03384982305429867
15023,0.025826708217113657
15024,0.0471734521546051
15025,0.033924064457465944
15026,0.8634082299889745
15027,0.07014155650593216
15028,0.013245713145783988
15029,0.15819361318553135
15030,0.06627792004029737
15031,0.033287554032298244
15032,0.03829697221078718
15033,0.03050130166786638
15034,0.06760896746460224
15035,0.016539265907716667
15036,0.055444084603824814
15037,0.02702367521009746
15038,0.029024934587464656
15039,0.0361928492056477
15040,0.023012145324501167
15041,0.0990369197326883
15042,0.17186859167882398
15043,0.2826419193371114
15044,0.03366537104298793
15045,0.10271045425606101
15046,0.02753154314018843
15047,0.2107687493873201
15048,0.026927047166222472
15049,0.040765727974176824
15050,0.03635964391898119
15051,0.0829369857908142
15052,0.09266352536616879
15053,0.020722562772762458
15054,0.1477235704810595
15055,0.1497508616689133
15056,0.04093669441929588
15057,0.05005408927843093
15058,0.037372030332934285
15059,0.066927958061112
15060,0.019502000321815247
15061,0.04433416078754935
15062,0.05356414467087858
15063,0.032163340022554984
15064,0.025205965286297396
15065,0.02945601689804256
15066,0.0889452594279941
15067,0.0541927979762126
15068,0.04232284794718823
15069,0.25566305454744187
15070,0.14992786362880345
15071,0.029430483832068415
15072,0.0525611687784858
15073,0.10541367812013322
15074,0.10775310689493536
15075,0.12107959567766544
15076,0.05543516439542879
15077,0.08759446014804048
15078,0.016714635520896814
15079,0.09701974455613802
15080,0.013768362562498575
15081,0.18872640470537638
15082,0.030005286556841038
15083,0.029352602082183675
15084,0.07836103196853601
15085,0.06276434169576542
15086,0.018514357417647846
15087,0.0764076457080847
15088,0.01789381606824203
15089,0.0812332409744605
15090,0.008486466355099268
15091,0.015673180223132917
15092,0.021505335026413042
15093,0.00886376899243773
15094,0.10277904636065668
15095,0.08593327278704703
15096,0.025211298626062615
15097,0.0792563725860295
15098,0.030019715057818832
15099,0.0348732774550376
15100,0.013521895986212507
15101,0.025483121600800497
15102,0.04714615196259769
15103,0.02693846781996409
15104,0.021313174049054934
15105,0.020362009165706917
15106,0.0865071711159128
15107,0.043456470020363396
15108,0.04169948619640749
15109,0.0435093667784382
15110,0.029403794304906722
15111,0.10045953020921146
15112,0.04244676294130309
15113,0.18689073401430678
15114,0.03177027897967383
15115,0.038491894970942714
15116,0.12323766913685243
15117,0.03922546520144359
15118,0.09878016688722828
15119,0.02273369166977916
15120,0.03454389074692193
15121,0.02349068608974868
15122,0.017850489113486533
15123,0.022920501358902855
15124,0.016273199501866217
15125,0.22111057213188007
15126,0.13459075084881034
15127,0.04149161254746336
15128,0.035535923926436286
15129,0.03341183972222252
15130,0.029603257372211075
15131,0.09242195589896673
15132,0.039087550587481715
15133,0.07021892128859814
15134,0.014793951247290955
15135,0.024728655953469562
15136,0.04148673390340893
15137,0.04041743236990783
15138,0.08851825534491886
15139,0.09101215802364518
15140,0.05310725952363819
15141,0.038462194888313456
15142,0.037132137245483914
15143,0.08731995546860657
15144,0.12263943681106315
15145,0.03506515149219166
15146,0.02671228567859628
15147,0.03806367651691692
15148,0.07396242074828983
15149,0.027247408327655147
15150,0.0263824378718647
15151,0.018910668674674683
15152,0.0198011136835574
15153,0.04129063979564891
15154,0.14030611780528077
15155,0.08299443735345362
15156,0.13227795083769348
15157,0.02079192361988668
15158,0.03475134336885447
15159,0.02760967376037731
15160,0.01139079025111798
15161,0.3108845778592367
15162,0.03188729771243352
15163,0.022077716701377443
15164,0.016445955464093626
15165,0.074705470709471
15166,0.18514994994347914
15167,0.17884268401668968
15168,0.03706186042932626
15169,0.020919334240378833
15170,0.02565075408249171
15171,0.04711542648258105
15172,0.042732822310923554
15173,0.012626340181096516
15174,0.027679098544521125
15175,0.027528061229051604
15176,0.13704954701700606
15177,0.028866127949354496
15178,0.05970619371397281
15179,0.021034050768825942
15180,0.05169673344609653
15181,0.023251078770106945
15182,0.014030065549285743
15183,0.019212096858189715
15184,0.019767260425837048
15185,0.05851225496189998
15186,0.14272834745729746
15187,0.06341259739723888
15188,0.0446990758694861
15189,0.1168640317408566
15190,0.029967145941197735
15191,0.04686678298430748
15192,0.022286490913377595
15193,0.028426494699831786
15194,0.15361225826039643
15195,0.32592624911363693
15196,0.016742725129508106
15197,0.09823037726294762
15198,0.1439524358371016
15199,0.01834929072953899
15200,0.03279211499022472
15201,0.015888989554277342
15202,0.1349631609098011
15203,0.062144947685432064
15204,0.19909933115130052
15205,0.055232763528132015
15206,0.018792046711062157
15207,0.05148618075858586
15208,0.0558229936251543
15209,0.05073825028431099
15210,0.016781616058252815
15211,0.11069447857145442
15212,0.08100231815285229
15213,0.07066796341103102
15214,0.03297709406320393
15215,0.015727391883360906
15216,0.06417175656381814
15217,0.05565255841794443
15218,0.07686866464998694
15219,0.07089759126218279
15220,0.07609136796651896
15221,0.04728748727044238
15222,0.13434046201435532
15223,0.04191536044148905
15224,0.017370413437968364
15225,0.01277044319993796
15226,0.016201943816974373
15227,0.044829591207060523
15228,0.03386060733305544
15229,0.06982829157961307
15230,0.03824930951783128
15231,0.02284758474490153
15232,0.016995217314928784
15233,0.10070425698422977
15234,0.018242892224376125
15235,0.11377123292556739
15236,0.1176972445950549
15237,0.1672340881647124
15238,0.03455189344207151
15239,0.15882436714433443
15240,0.013806069445767372
15241,0.04363984456125327
15242,0.16961307421916808
15243,0.0290228276916565
15244,0.02040871271968275
15245,0.5157030193693619
15246,0.013328317056383536
15247,0.13350900165050678
15248,0.06019617426353658
15249,0.018802315391480137
15250,0.2279287800056199
15251,0.012424440195646598
15252,0.013738334337016085
15253,0.04472896175444892
15254,0.06221533995413515
15255,0.016739600854293407
15256,0.04430222555724387
15257,0.02496788617512894
15258,0.042542328447259095
15259,0.02190001464992848
15260,0.2911786643745568
15261,0.026328169608217617
15262,0.027831717041372286
15263,0.02930452394003215
15264,0.03757297042751683
15265,0.08869836267115104
15266,0.01782900955170683
15267,0.06750818555013374
15268,0.04677249241458518
15269,0.047144293957805644
15270,0.018652952368687442
15271,0.06502248229352411
15272,0.02017954640156804
15273,0.061071565131445356
15274,0.021136951184851923
15275,0.03418005278285691
15276,0.022330119029593927
15277,0.023798557703253863
15278,0.06385722161340421
15279,0.09245467950447443
15280,0.029392306514011552
15281,0.024780778277371487
15282,0.07980553358412672
15283,0.09710591010271305
15284,0.04557169533586457
15285,0.13562897868006868
15286,0.03771973537235683
15287,0.07650742570003805
15288,0.03371083120758807
15289,0.19214611995321484
15290,0.010357279897545889
15291,0.02714334784524789
15292,0.07343135659329456
15293,0.07460634478372037
15294,0.03276854195775497
15295,0.3175929039805502
15296,0.08852861400024511
15297,0.1014728627317864
15298,0.06487447591399925
15299,0.046867470593816365
15300,0.17781578069231174
15301,0.11502432545545352
15302,0.051042316235075345
15303,0.10896254613727092
15304,0.056274514197374635
15305,0.1027702337491848
15306,0.04530761105256338
15307,0.0581603660489613
15308,0.14887775712229612
15309,0.02989256916096937
15310,0.11783707244130326
15311,0.06655514881004694
15312,0.026014798163491185
15313,0.45422932914931036
15314,0.07693242632828255
15315,0.02089822578564754
15316,0.07717629158627402
15317,0.08987678713271133
15318,0.04300105077430709
15319,0.047637337530397665
15320,0.1185132346275484
15321,0.07333020784256472
15322,0.13156906305011448
15323,0.058380776239205984
15324,0.03620899724466442
15325,0.022069601646147387
15326,0.05023788739142735
15327,0.09032553872797468
15328,0.07322034783298402
15329,0.04637235941126927
15330,0.02809146708781684
15331,0.039846041629426183
15332,0.05039081409336189
15333,0.07521855946693815
15334,0.06452833022639917
15335,0.053044177126973104
15336,0.03625389030643182
15337,0.06600432020655451
15338,0.014811117437298255
15339,0.04188878873530849
15340,0.04431255218710508
15341,0.024064589606361982
15342,0.03953465700382367
15343,0.01628582504514314
15344,0.09794171003636871
15345,0.10362056710490034
15346,0.0632165628363323
15347,0.11095215865088577
15348,0.009900899592264855
15349,0.03799586072072476
15350,0.01731150313673583
15351,0.011418744400406768
15352,0.0624747036593753
15353,0.022079994091405777
15354,0.1435222689074977
15355,0.040003476304305036
15356,0.3610083494885523
15357,0.018581657029061324
15358,0.201951515623754
15359,0.011456689650915024
15360,0.022846642152476053
15361,0.03119943494036377
15362,0.05954789864241848
15363,0.022498958753573405
15364,0.06680776592639956
15365,0.0281768782258219
15366,0.018571746416538516
15367,0.09118580667720025
15368,0.06845390908962357
15369,0.01709691724588342
15370,0.038917959647472876
15371,0.3992720560170915
15372,0.03288344217400435
15373,0.029435315433205045
15374,0.03686320354230106
15375,0.15069142551046946
15376,0.037914844759106434
15377,0.02716717842797883
15378,0.013427619853556378
15379,0.062344839776391645
15380,0.0625724343846349
15381,0.019245386657705945
15382,0.028755399664028597
15383,0.024144559530820925
15384,0.05140280978082376
15385,0.03923314736663348
15386,0.04400453036832591
15387,0.080199123631215
15388,0.03524260857863033
15389,0.2870509687452065
15390,0.06632269311192626
15391,0.034675827802091816
15392,0.04695207252711821
15393,0.037272100232209254
15394,0.017260067596181563
15395,0.11632665022188132
15396,0.054760178512133294
15397,0.03620858558225048
15398,0.03041739211935962
15399,0.031780575500063774
15400,0.01963652545611853
15401,0.01753676248407497
15402,0.0372286315052129
15403,0.09051602823573343
15404,0.011437777269012694
15405,0.027022253854557907
15406,0.041761548350752326
15407,0.061992350899744295
15408,0.03008212208908269
15409,0.11735621974612227
15410,0.0310573174904872
15411,0.04476332435918765
15412,0.05411221606716114
15413,0.035896450657811746
15414,0.033227153194359246
15415,0.07177310957516614
15416,0.10416286672869099
15417,0.01605703929798215
15418,0.008565728644684925
15419,0.023279911165568348
15420,0.24837571858890134
15421,0.049812584575578994
15422,0.049085843277639415
15423,0.046984595175358745
15424,0.05027392307494068
15425,0.06869026523274357
15426,0.06654608840269857
15427,0.023258759582037353
15428,0.01626128095787278
15429,0.018319617112030787
15430,0.009320754986726432
15431,0.030395808406305673
15432,0.018912019025879016
15433,0.025276781655736442
15434,0.007162354788651644
15435,0.0858637520008315
15436,0.024071635995587638
15437,0.10950942787154755
15438,0.06762165286035347
15439,0.052172956441235194
15440,0.06887417570183921
15441,0.1426262492753011
15442,0.03063462093038806
15443,0.027929465270746443
15444,0.0564303847183454
15445,0.11979062585183375
15446,0.044476266034529956
15447,0.11144068046445683
15448,0.10664857044926565
15449,0.02898521879462499
15450,0.01963583058659228
15451,0.03381189707594247
15452,0.0843639501968802
15453,0.049976224766316774
15454,0.058642303280937946
15455,0.03302334845902469
15456,0.1151669299858898
15457,0.17970878562042805
15458,0.05923437329371389
15459,0.044302468255397076
15460,0.0684768398163132
15461,0.016537518381508878
15462,0.0304712024656093
15463,0.6172487834099532
15464,0.0411803363620999
15465,0.08157126873074574
15466,0.04199130546123617
15467,0.07722183582869607
15468,0.0416781983174708
15469,0.13434768180583836
15470,0.01544064420028455
15471,0.024839864759428856
15472,0.04575970572508962
15473,0.05607722815626928
15474,0.020921163211940284
15475,0.011077360512321874
15476,0.03637716963713321
15477,0.26841957135498407
15478,0.281027405613581
15479,0.01952451587559524
15480,0.02951503437074273
15481,0.06701894527271655
15482,0.029040820946865387
15483,0.009538674411524332
15484,0.019137605718142315
15485,0.015989423558828982
15486,0.07631454307342307
15487,0.03231330704952346
15488,0.03411553348731758
15489,0.03312374411490089
15490,0.03924461674799384
15491,0.0351248529939251
15492,0.17876769161159825
15493,0.038941141826832136
15494,0.022226161546539256
15495,0.02546597499504134
15496,0.0677628464220033
15497,0.024174505611954934
15498,0.06244862282455392
15499,0.03202925822299305
15500,0.04252236165635481
15501,0.04170793840245986
15502,0.0400977352451329
15503,0.050605758034511325
15504,0.04118196917516288
15505,0.05730461708558815
15506,0.019078914717143652
15507,0.03491781104095753
15508,0.0693161986973047
15509,0.04216567782402057
15510,0.20376431695841885
15511,0.08885092424439475
15512,0.02929762751002239
15513,0.014801330951503568
15514,0.028508206425737294
15515,0.05526843225561555
15516,0.0681913062949851
15517,0.10668583407692436
15518,0.12051005522773622
15519,0.08367562695707434
15520,0.08285922780146869
15521,0.020228124069944762
15522,0.03348845734606404
15523,0.02105364693816874
15524,0.038510415992163614
15525,0.3912287018463137
15526,0.01454539601829161
15527,0.02282118740503048
15528,0.029245414149925333
15529,0.03730751579382877
15530,0.22920826589266463
15531,0.038944132622835546
15532,0.056647499846087225
15533,0.03322846031634438
15534,0.038684547875212444
15535,0.045641297049701934
15536,0.08518759109833264
15537,0.01818619257235518
15538,0.09562300909748028
15539,0.026802060280296268
15540,0.016471574386609632
15541,0.10081670720266048
15542,0.031123814179210542
15543,0.03690181627214828
15544,0.015745431891258314
15545,0.08781126363983897
15546,0.01622924732189795
15547,0.0745000398216316
15548,0.09712128606983686
15549,0.06575562675368019
15550,0.009520012099843485
15551,0.061150692268874846
15552,0.05717384212457563
15553,0.020398002305683963
15554,0.14852170084607144
15555,0.1683755746018077
15556,0.028662045077039643
15557,0.05408646427346636
15558,0.04095701603504433
15559,0.01034849344755902
15560,0.2511446886809975
15561,0.060644952508382956
15562,0.059460375297861905
15563,0.03776856358087675
15564,0.03219842364989038
15565,0.15969675937322603
15566,0.06969671220335202
15567,0.06858783622173859
15568,0.07104636235954805
15569,0.06363915586167358
15570,0.01398711738273813
15571,0.01592019374981009
15572,0.03427116680089788
15573,0.07084813235518866
15574,0.060630027030417824
15575,0.020336922870022187
15576,0.019947348912857675
15577,0.033669301421706155
15578,0.04248213092502503
15579,0.014161342385078523
15580,0.014961555571157362
15581,0.03999304845175387
15582,0.0734033481033492
15583,0.01661190596454083
15584,0.030302870924821805
15585,0.025009165577517967
15586,0.04774179214884142
15587,0.03593543982566652
15588,0.14159160733794857
15589,0.03823618560918701
15590,0.05169354134943112
15591,0.03771371372132637
15592,0.04442639084721708
15593,0.16186453854887617
15594,0.07060930035070384
15595,0.0462677651023365
15596,0.03553024773711716
15597,0.03829432127235644
15598,0.0343550364851302
15599,0.04772150672272159
15600,0.05850474951058162
15601,0.3214121662523277
15602,0.13195971253847505
15603,0.06740783118334082
15604,0.05374544446751364
15605,0.019922510878381025
15606,0.03607107319213699
15607,0.055623759959913296
15608,0.039311467274058064
15609,0.09351370428541884
15610,0.028452211894139233
15611,0.04344563482063016
15612,0.024244417907724004
15613,0.05110339837922743
15614,0.01961503013190909
15615,0.05193233489355155
15616,0.04146449446869435
15617,0.04019447997845256
15618,0.017500520559171236
15619,0.16061459988725296
15620,0.15427536247931456
15621,0.059128976305632644
15622,0.020781467185674866
15623,0.01943702081502543
15624,0.12233150495556722
15625,0.0758729350939334
15626,0.028231449873318486
15627,0.03713595039558624
15628,0.01681869014729354
15629,0.009074404373769471
15630,0.46068897801345876
15631,0.04106897127587601
15632,0.0784441804023925
15633,0.036564503701080345
15634,0.0844297367022747
15635,0.014222457404866311
15636,0.6417344848475314
15637,0.0165530399939553
15638,0.02761499363204973
15639,0.030177037495138857
15640,0.018434779153598486
15641,0.028582539343315946
15642,0.11916363072774618
15643,0.08292279618870439
15644,0.04841920807440082
15645,0.020094869793376855
15646,0.012851206513239236
15647,0.0622824396413086
15648,0.016624999801364053
15649,0.18365709646084397
15650,0.009528868871716502
15651,0.011494019724948316
15652,0.035199268443798476
15653,0.08109015906329979
15654,0.03957744019268666
15655,0.053463628019322584
15656,0.04314785251494206
15657,0.26334150758664054
15658,0.021026493154653082
15659,0.0406684306366328
15660,0.04403813083344085
15661,0.3355587880434362
15662,0.01828900099994399
15663,0.2590060149967385
15664,0.06876592786091501
15665,0.040385875305045296
15666,0.14879773092586163
15667,0.055041040440564605
15668,0.048062283326562844
15669,0.015988834329439205
15670,0.02608886265231205
15671,0.10196106447244244
15672,0.025645433688178627
15673,0.04159629675975257
15674,0.016907578648653387
15675,0.032716950021228514
15676,0.08337551444923844
15677,0.026596904623359733
15678,0.03194932314926341
15679,0.021297122510182682
15680,0.09479124430331576
15681,0.3637920707435766
15682,0.022539152067330016
15683,0.07894145645695902
15684,0.10863805876779685
15685,0.017170220099556276
15686,0.0363444352117851
15687,0.029722568229486244
15688,0.0838806669565518
15689,0.0666312408658672
15690,0.022356440515597906
15691,0.07152333431060681
15692,0.15083378602663428
15693,0.020907001820801418
15694,0.052224306630629005
15695,0.020887607756403304
15696,0.030131368815531686
15697,0.046096665923640916
15698,0.027155782580588567
15699,0.06823434851933326
15700,0.03783503760781987
15701,0.08312230525904211
15702,0.025620427524921708
15703,0.02846948172873084
15704,0.0521243567020929
15705,0.031017667950906172
15706,0.02921068539733477
15707,0.012932524105917536
15708,0.06930930206179672
15709,0.043938106195850285
15710,0.047822310241163755
15711,0.05527348305345912
15712,0.0662249700246466
15713,0.026512222311964803
15714,0.16926618721876285
15715,0.015123089023491227
15716,0.11354146380457547
15717,0.03279503710789634
15718,0.7564326820978482
15719,0.03844837316171392
15720,0.029795410984497332
15721,0.037961975254671244
15722,0.028771984508647333
15723,0.03840178219498711
15724,0.022726747425326047
15725,0.012704070987300484
15726,0.03128843317024293
15727,0.07428218654395201
15728,0.05545835428358373
15729,0.031916847318639835
15730,0.048210416072822705
15731,0.10926807683156516
15732,0.05572528816376611
15733,0.017800361492144062
15734,0.030771651853545415
15735,0.08216917104295493
15736,0.07063944820356899
15737,0.022487006308065924
15738,0.07489924481566512
15739,0.09758613848994671
15740,0.205059677290469
15741,0.2541238373051267
15742,0.014305890518436198
15743,0.09375419697699415
15744,0.048535373011767545
15745,0.10292302726912599
15746,0.036006066732765935
15747,0.09315753396524123
15748,0.03826938500186984
15749,0.21987423241415194
15750,0.0443896423225345
15751,0.041312020287322816
15752,0.03223311694622786
15753,0.06820663869675474
15754,0.3784213806911675
15755,0.03549047813503717
15756,0.015701017382138183
15757,0.026033001151164633
15758,0.03679650331395104
15759,0.03986509832595156
15760,0.020354460740817922
15761,0.09617450417996667
15762,0.0582500310797006
15763,0.028435261426587585
15764,0.05934429970409534
15765,0.02824309567815026
15766,0.036562153575560016
15767,0.023688857018251422
15768,0.017355434037695287
15769,0.026237869445642624
15770,0.05937591504471077
15771,0.015675712071445295
15772,0.13730564114351587
15773,0.012373935900193865
15774,0.04712007456691405
15775,0.014744212342963945
15776,0.06226619715544163
15777,0.0225525349258256
15778,0.018754567337614762
15779,0.18716764657562673
15780,0.052316987977855965
15781,0.042315541049492214
15782,0.056993600402231025
15783,0.09336529871539387
15784,0.02413521233536608
15785,0.049999497871145535
15786,0.1592295450961148
15787,0.13595888665783404
15788,0.1636276764337108
15789,0.01467083462283437
15790,0.10901383611231616
15791,0.03477050981743281
15792,0.05585639744835955
15793,0.05260638670436024
15794,0.06644777224468783
15795,0.04201175430376945
15796,0.06453265917467103
15797,0.02711526458170141
15798,0.0691999554857053
15799,0.020211819289753966
15800,0.013142753016021242
15801,0.05876578564966694
15802,0.04124483433120764
15803,0.018563075431950116
15804,0.07599396245225937
15805,0.0813410785862397
15806,0.03176621020396927
15807,0.09615717519884515
15808,0.11430034592112513
15809,0.013683629210194486
15810,0.08159763099580683
15811,0.00828727458125049
15812,0.09916715350034645
15813,0.052691639362512366
15814,0.029721944255920903
15815,0.5917334039883473
15816,0.01763919372996954
15817,0.026344172152495432
15818,0.027038380107491333
15819,0.050483597868034275
15820,0.11704226817477176
15821,0.03128948720573217
15822,0.047875683764789664
15823,0.019226839756041506
15824,0.03197971232306047
15825,0.025106582086473112
15826,0.02258026612684902
15827,0.03775850146721291
15828,0.03579742653835326
15829,0.06584545441387832
15830,0.014598404311516894
15831,0.02655821399201294
15832,0.2091082990644876
15833,0.03255536952332484
15834,0.08851453555720845
15835,0.054298308306454365
15836,0.020772448615854262
15837,0.02821737872178097
15838,0.03205595142922016
15839,0.03063727473630965
15840,0.022147819808842045
15841,0.019000005508903434
15842,0.0693977708934643
15843,0.06298664005421209
15844,0.13643529168204607
15845,0.0209898507113113
15846,0.022804308284101543
15847,0.06022894804830019
15848,0.09161132905616906
15849,0.02343157024666046
15850,0.03459123597887412
15851,0.031161370721509537
15852,0.08823128476998653
15853,0.010618403547813057
15854,0.09621178629141182
15855,0.43057142259806575
15856,0.05198517949120954
15857,0.09023723945417639
15858,0.03546651062600165
15859,0.03542596019210675
15860,0.0465823475853229
15861,0.05750632879412862
15862,0.02111330938685472
15863,0.03051044719312913
15864,0.17800667971561385
15865,0.04351291386725947
15866,0.10926396010052004
15867,0.04422750152129461
15868,0.08653654118441559
15869,0.09546937192561528
15870,0.07558206782856361
15871,0.10872163028847323
15872,0.1644101163267584
15873,0.04782047769020037
15874,0.025815043093758993
15875,0.04092057090131622
15876,0.07041530375356919
15877,0.18856182366813834
15878,0.07424974591986895
15879,0.019070730409205237
15880,0.014984487996590003
15881,0.024429439171070197
15882,0.00964337938887572
15883,0.06616177137888078
15884,0.017451914173277256
15885,0.030234070742124843
15886,0.1529701385314279
15887,0.08140757245336798
15888,0.028532243648223272
15889,0.08161970927770405
15890,0.05561031897283583
15891,0.03306732150331867
15892,0.05244347238346848
15893,0.015222515168976533
15894,0.044216030646295715
15895,0.03647381851567705
15896,0.027598762272369216
15897,0.030354222830949032
15898,0.05974531810906961
15899,0.015179803128646016
15900,0.13590903416266675
15901,0.06350658971139697
15902,0.0388276289999418
15903,0.022276527189090657
15904,0.02013520998727474
15905,0.0936817765089653
15906,0.019432446093797746
15907,0.03972063055393636
15908,0.03600998777147685
15909,0.1497250869562596
15910,0.05770472678662783
15911,0.0172121437928299
15912,0.02663311987506985
15913,0.11186769357540965
15914,0.030841531929636595
15915,0.09137213875334138
15916,0.5879049667098092
15917,0.04281218453430581
15918,0.03837636048444858
15919,0.1661953330398785
15920,0.0801656786528365
15921,0.04739074283253038
15922,0.039084045550879395
15923,0.11555425457728714
15924,0.0641903941519585
15925,0.02044391290647082
15926,0.020486660740600626
15927,0.12091176913824551
15928,0.1028468219447422
15929,0.03937259541751066
15930,0.04809726753154059
15931,0.08279576735722817
15932,0.015296716282090485
15933,0.02209290996359085
15934,0.016178896182857644
15935,0.0373181389037681
15936,0.023806013663653272
15937,0.061114230033532266
15938,0.14611810854954022
15939,0.08225295387842058
15940,0.6804923711172338
15941,0.042077777095029884
15942,0.036545680149564164
15943,0.05379413642311833
15944,0.029997488783663182
15945,0.03029239007553231
15946,0.18340291882898602
15947,0.010614791418870673
15948,0.021924603559402338
15949,0.07102756936440154
15950,0.026089335402826246
15951,0.025622113231810767
15952,0.034613030956773976
15953,0.022116017208511793
15954,0.04653320325764283
15955,0.03422763591170525
15956,0.008954982459615159
15957,0.12257273231513707
15958,0.018781948994514647
15959,0.05135201018469421
15960,0.025988544624306116
15961,0.0407375911524341
15962,0.31403526673332105
15963,0.056036596740273885
15964,0.014987726801837138
15965,0.1093699375826965
15966,0.021135575500272046
15967,0.23960024612334463
15968,0.13440171752745128
15969,0.10321361403849799
15970,0.04537406527938397
15971,0.1824387257346587
15972,0.013382562739910262
15973,0.012709045249961222
15974,0.04608282007440803
15975,0.23996102357613358
15976,0.019670031235064396
15977,0.05506350030022686
15978,0.2385687953554175
15979,0.03413996409228939
15980,0.10994381859484961
15981,0.08075375911583052
15982,0.015530816132619786
15983,0.09642636333729791
15984,0.034654926787220285
15985,0.4950033916886629
15986,0.05902908282580853
15987,0.023980258297898502
15988,0.022062405290189945
15989,0.022889687122214893
15990,0.012570834643772493
15991,0.044593159522858236
15992,0.042931834904732694
15993,0.011480614440320655
15994,0.024486778543033102
15995,0.02289743505885979
15996,0.04197933914473893
15997,0.021717603298197188
15998,0.031241644694767416
15999,0.03319126121303382
16000,0.07196727978017303
16001,0.015800250609350384
16002,0.09664056839340335
16003,0.056828157986891295
16004,0.020606747014868674
16005,0.06084298599353766
16006,0.042182339953924966
16007,0.06859844406424749
16008,0.031280237495747924
16009,0.11964849945841115
16010,0.049946531293263124
16011,0.19897721639083746
16012,0.029266100345395233
16013,0.021330649080946354
16014,0.04015950556773666
16015,0.015351878406754099
16016,0.03473233758264552
16017,0.017810121243221823
16018,0.03005068146568236
16019,0.009101227175401705
16020,0.04405740239688552
16021,0.03138700916253999
16022,0.04959859688059741
16023,0.023139865111481167
16024,0.0799139459691761
16025,0.08347526673907929
16026,0.037316750548171004
16027,0.05532669692488312
16028,0.01186678087974049
16029,0.05062482496434825
16030,0.10115639714847771
16031,0.02504198995257336
16032,0.03191514074414955
16033,0.12470538320074834
16034,0.043427352491364465
16035,0.012965107505372341
16036,0.021648361377807592
16037,0.011668952669193803
16038,0.03544393868728461
16039,0.1646419966205695
16040,0.1163274141383219
16041,0.060297415184772135
16042,0.06403247329978001
16043,0.13775427539432755
16044,0.06992881959320035
16045,0.11224837358602276
16046,0.043404070369160885
16047,0.020024646985740097
16048,0.045205368320083934
16049,0.03528886681338341
16050,0.0366748700729454
16051,0.03858161983630846
16052,0.017353261980296675
16053,0.1321226612961656
16054,0.010215966037434392
16055,0.04606691526729288
16056,0.027654788029116174
16057,0.1343237771247672
16058,0.047070924136395895
16059,0.08428208279484187
16060,0.03302058664896255
16061,0.028481517139429445
16062,0.4460964875363366
16063,0.054872062785814496
16064,0.06464558217474937
16065,0.19200930889661266
16066,0.03828074112673236
16067,0.035502598070877335
16068,0.010771089623676277
16069,0.029516401680323476
16070,0.033168908902964686
16071,0.060377657282581355
16072,0.04606110884664233
16073,0.14117324282586527
16074,0.05027345572100974
16075,0.06383759981381276
16076,0.02360716228297534
16077,0.02396150122833736
16078,0.03204144779118482
16079,0.018944941144242004
16080,0.018686124886746768
16081,0.08867992154723196
16082,0.10365612815244692
16083,0.02787102478792168
16084,0.047379380806635014
16085,0.06307062236567405
16086,0.14004614342757996
16087,0.1056140017328772
16088,0.03919207657649809
16089,0.19598164608178653
16090,0.14106691223886308
16091,0.05271289462975227
16092,0.01031073802499
16093,0.1296188771037557
16094,0.034371255258861866
16095,0.056324158370408585
16096,0.15933906065277526
16097,0.028170742343572787
16098,0.23953782631566006
16099,0.020799132398122182
16100,0.09988040247954227
16101,0.039987710631667214
16102,0.07447629178465588
16103,0.032597944895566056
16104,0.019287344968646248
16105,0.011086969820931818
16106,0.08576807883362866
16107,0.082688279127987
16108,0.05650637071178509
16109,0.12643770258640433
16110,0.028230432867893812
16111,0.11103336694930213
16112,0.018106912164427325
16113,0.01854713319314085
16114,0.07037906464893737
16115,0.3883911800124681
16116,0.10171956108789715
16117,0.20590275193274646
16118,0.11296627870437302
16119,0.23926441555617683
16120,0.050600753747632066
16121,0.033878146848977275
16122,0.01833169726127034
16123,0.011072871085712052
16124,0.012717040274890356
16125,0.07441288696957508
16126,0.030666825829498985
16127,0.13866968754166445
16128,0.04857140363566614
16129,0.21148895442374135
16130,0.030747766861064618
16131,0.07728035528660693
16132,0.016072993343572976
16133,0.18304332958850528
16134,0.034420201342589156
16135,0.09636960563631883
16136,0.015265998965071819
16137,0.02138390955196125
16138,0.025589700567946974
16139,0.06723308269248678
16140,0.07446792701287117
16141,0.061579869691446854
16142,0.06221186404906387
16143,0.020385955303098433
16144,0.03484615372641358
16145,0.018313428101834152
16146,0.029207719896013992
16147,0.12631783639069838
16148,0.04800101467442406
16149,0.06217573600012665
16150,0.07340616187437389
16151,0.04279421798760344
16152,0.17891886374943475
16153,0.2743072025509422
16154,0.014889566525974039
16155,0.09895743102759756
16156,0.08969198001688164
16157,0.016936430031495985
16158,0.020792611531057867
16159,0.15024699268952293
16160,0.07333293585996659
16161,0.02253525088661068
16162,0.10464147488186701
16163,0.044927062787778776
16164,0.03884695049690904
16165,0.028735157815984555
16166,0.018835267070383875
16167,0.08235179945099416
16168,0.044813211404140324
16169,0.6485866189305907
16170,0.12692988560030843
16171,0.09663013022071423
16172,0.032214520837261146
16173,0.023229829161209158
16174,0.03944123619127607
16175,0.03679981782530538
16176,0.019035412824607075
16177,0.0318976445914278
16178,0.0591089859810436
16179,0.03392148711330421
16180,0.03865794654938846
16181,0.01243377018976821
16182,0.07139658250049667
16183,0.036275304710079254
16184,0.20257640157305945
16185,0.039050101262308706
16186,0.02059844573265935
16187,0.021125335272847334
16188,0.028197350642274528
16189,0.024745895272002237
16190,0.07350316868129715
16191,0.021329984735907203
16192,0.3578946200922684
16193,0.031087468194809065
16194,0.023210627643538036
16195,0.11447165704104606
16196,0.0867495335642466
16197,0.14748455939346727
16198,0.08997339844388791
16199,0.03746666167238312
16200,0.042638797751973274
16201,0.06658789593095525
16202,0.06078761202610482
16203,0.02867651714445195
16204,0.035605219995641986
16205,0.08762442415207768
16206,0.041648340928518664
16207,0.04767202142407122
16208,0.014210785790754268
16209,0.03864221948981206
16210,0.04364478366160437
16211,0.03246463977842651
16212,0.0907369521554515
16213,0.028583018403428785
16214,0.018586287371203512
16215,0.02453053326591625
16216,0.06624381072950128
16217,0.03513221294169742
16218,0.03540591698363142
16219,0.04589642474379667
16220,0.0240388635049385
16221,0.07415142635422192
16222,0.06474346488307825
16223,0.07844967620570795
16224,0.01858960170071889
16225,0.04655694168195149
16226,0.033926430299757504
16227,0.1826154428440079
16228,0.14798608206116493
16229,0.03143717895086596
16230,0.045695250081977015
16231,0.021685212216294974
16232,0.03581392453613309
16233,0.08725542582004815
16234,0.09631992561932623
16235,0.3411169044747079
16236,0.031034995451984987
16237,0.04569069726437489
16238,0.020702457539391886
16239,0.022907202254865304
16240,0.07418087708366385
16241,0.05674177253240083
16242,0.030319321950881647
16243,0.015722945793938972
16244,0.071965593568667
16245,0.032024143840765365
16246,0.2846643451892459
16247,0.06041271616503524
16248,0.1213162877907486
16249,0.016544695167114626
16250,0.08646187252849093
16251,0.040107308429251864
16252,0.03035849371759751
16253,0.029772433089759784
16254,0.013701625432092846
16255,0.12431258710401873
16256,0.22842646370562394
16257,0.044997350991442135
16258,0.08654219204863792
16259,0.049000762198673685
16260,0.030472710849483983
16261,0.04581599251980132
16262,0.03824572611694747
16263,0.04418706273029488
16264,0.16240162597260538
16265,0.03464845034811557
16266,0.017706089990733115
16267,0.0754767401843914
16268,0.027884349142003818
16269,0.13416041863458442
16270,0.0529114224335511
16271,0.01841632870970917
16272,0.010886289463513698
16273,0.1620388073425421
16274,0.048440987616956706
16275,0.02729782324744497
16276,0.03645624508490362
16277,0.10039342601606456
16278,0.024055845851518157
16279,0.1836539021741497
16280,0.056083819372688894
16281,0.028014540026504827
16282,0.02164927058767837
16283,0.01955652858067369
16284,0.07001785964191767
16285,0.014881493821271827
16286,0.028352959526811782
16287,0.04589027361385832
16288,0.031030121439181966
16289,0.01946604948724423
16290,0.07849064574945708
16291,0.03964645062429553
16292,0.06687461912287791
16293,0.31040375351106736
16294,0.03364532066205246
16295,0.0747418525291094
16296,0.07038428055972223
16297,0.0645273852309132
16298,0.13749888502975646
16299,0.10007538615437461
16300,0.01272633476184297
16301,0.023020343937396034
16302,0.08864576452845574
16303,0.030518329220473202
16304,0.09321008148462745
16305,0.04557612825406446
16306,0.08494894485892068
16307,0.3176533015029802
16308,0.011371878146621234
16309,0.08365578410764508
16310,0.03979065560232284
16311,0.02701603579148053
16312,0.024842999134783942
16313,0.151748354700626
16314,0.010284653882405652
16315,0.054675719198215615
16316,0.012950012120420061
16317,0.06257450240255702
16318,0.02461200327642156
16319,0.04668247005261682
16320,0.03112498506974672
16321,0.030840493674426275
16322,0.07766647955195749
16323,0.02907973463968292
16324,0.0200711722005948
16325,0.025560077668722522
16326,0.009546468403498747
16327,0.04501860432124097
16328,0.03797459433964781
16329,0.03907976419862283
16330,0.0133578583953825
16331,0.07566629166885436
16332,0.021522482310532796
16333,0.018427689142911895
16334,0.053165057344387576
16335,0.028526841340119895
16336,0.05599324935452263
16337,0.09105942566328755
16338,0.01910137339356778
16339,0.11424789806599409
16340,0.0426535537975615
16341,0.06036602868092186
16342,0.0833137713170707
16343,0.05947175679856083
16344,0.01327878994588879
16345,0.12884129666627858
16346,0.057554144846082726
16347,0.05008255689349363
16348,0.04158552060295237
16349,0.05893974492384314
16350,0.13752934472757064
16351,0.04871087584284603
16352,0.07681956182947133
16353,0.028162734981796507
16354,0.02740772117141871
16355,0.12019574702556012
16356,0.048200328887701906
16357,0.02169157274473263
16358,0.019351854481239238
16359,0.0753413659369933
16360,0.08488669863153354
16361,0.034518309017553116
16362,0.019846247696429467
16363,0.2686453435350984
16364,0.10489170228899981
16365,0.04700298950507842
16366,0.03834709747244949
16367,0.019028330611366218
16368,0.03808814369479681
16369,0.031540955286854105
16370,0.03402703259896975
16371,0.020499503068987
16372,0.1200016385807418
16373,0.026892435381671003
16374,0.14179138057112745
16375,0.06662856065921086
16376,0.02220548126405546
16377,0.03937281271434938
16378,0.029898129942217223
16379,0.03290642282302034
16380,0.009746504152837825
16381,0.1299959708647513
16382,0.06972963640130801
16383,0.009768762613667041
16384,0.02908627036877714
16385,0.12127498797905151
16386,0.03150009143005816
16387,0.032891425136704865
16388,0.03363309932293559
16389,0.06483089803969413
16390,0.06740919567394847
16391,0.018857569974075786
16392,0.01815745877545087
16393,0.018366848315964374
16394,0.12950139272716454
16395,0.06461818536184409
16396,0.023383189921035004
16397,0.02191358981857358
16398,0.13504531169915332
16399,0.11930427171452979
16400,0.07490833356344405
16401,0.06982142475356164
16402,0.07502057594397547
16403,0.042754571379395194
16404,0.01462611487146764
16405,0.03464583035193221
16406,0.033121271729434645
16407,0.22907125464454822
16408,0.02736083518893701
16409,0.031371677341403344
16410,0.041734525998574884
16411,0.020038362721376657
16412,0.042947177704469125
16413,0.047231475291427766
16414,0.023845357931333227
16415,0.028780488886448317
16416,0.05779496260186143
16417,0.014066332655265388
16418,0.025769571481666854
16419,0.030082030420906746
16420,0.07559811493275993
16421,0.023835052574570054
16422,0.04369275595248534
16423,0.016804868731719803
16424,0.02455271254459377
16425,0.05266603998411154
16426,0.03709862670067089
16427,0.023527568450293038
16428,0.015768599664406198
16429,0.019443493751648194
16430,0.10261026543935402
16431,0.037503108798201665
16432,0.12012676121478259
16433,0.014427694188728043
16434,0.02549061541586812
16435,0.0661600111020158
16436,0.027392374751674987
16437,0.04325395297247296
16438,0.07741543264961102
16439,0.18760332963848825
16440,0.02959065994869628
16441,0.05297524268930297
16442,0.015515867157153456
16443,0.10859416538527966
16444,0.06335665647701438
16445,0.04053467835368268
16446,0.03657213513833744
16447,0.042307908438521
16448,0.09017666612740491
16449,0.04927068820516731
16450,0.042354329090110616
16451,0.13669888792501417
16452,0.014991243326555393
16453,0.014769223656197416
16454,0.044452059130971965
16455,0.039164344006371615
16456,0.011778004737860812
16457,0.06890085064307126
16458,0.03888524544574891
16459,0.05675878212012901
16460,0.013602358854514393
16461,0.0507777233803377
16462,0.17924578930240362
16463,0.029672691672458847
16464,0.024712044781734097
16465,0.08925055646347822
16466,0.019752811965450135
16467,0.014557608820475992
16468,0.019984020859729133
16469,0.15563093621409388
16470,0.020583374772116348
16471,0.13419178181506677
16472,0.10711141382545163
16473,0.021263545859892246
16474,0.013640383456998303
16475,0.06745975515319798
16476,0.032630659364423685
16477,0.019007024231499053
16478,0.03505995327671775
16479,0.032878065635749944
16480,0.017532778108942448
16481,0.0459228492946916
16482,0.014606712533914705
16483,0.08637549882824301
16484,0.1934400601830527
16485,0.014095751694110748
16486,0.15186453586974014
16487,0.1275055592942574
16488,0.0708664640116756
16489,0.1961036909501958
16490,0.10777034151976583
16491,0.046428231454349336
16492,0.07910936480857031
16493,0.12022372174348564
16494,0.21775670151623455
16495,0.11684796304627074
16496,0.18971546323978447
16497,0.03279035054258251
16498,0.13369850736528177
16499,0.01191511410400628
16500,0.03720760778420679
16501,0.04915379894391453
16502,0.2862777156781019
16503,0.023979589659272545
16504,0.12960530640252205
16505,0.016290960743780874
16506,0.15031952486005598
16507,0.010856383528584108
16508,0.08883581673227621
16509,0.16064751893284468
16510,0.053460952776228865
16511,0.03893270803394265
16512,0.04504152546880215
16513,0.06461517209087526
16514,0.20065605952542487
16515,0.04642789702874412
16516,0.07227060371424072
16517,0.05220700378639105
16518,0.06306850062592662
16519,0.02461548941086298
16520,0.04934934312295439
16521,0.045227224987766136
16522,0.042603405595504094
16523,0.38482226467253794
16524,0.020767694023526483
16525,0.37367580612767
16526,0.030579559013268653
16527,0.05331135103195289
16528,0.11634227558472492
16529,0.11208145216117704
16530,0.04211191808256365
16531,0.11050134088700606
16532,0.031219827552007168
16533,0.05741006219576118
16534,0.047421527675927236
16535,0.03849131934808958
16536,0.030729856898821
16537,0.05240799540620944
16538,0.10295851499791982
16539,0.02687699124379022
16540,0.2748774128059667
16541,0.05218534613582368
16542,0.24813886053205808
16543,0.02571025311064389
16544,0.02770175460384938
16545,0.028180819879199993
16546,0.0393407856223702
16547,0.050923819948224966
16548,0.04983052710259615
16549,0.0548273015116722
16550,0.05095044161220319
16551,0.04729697305984024
16552,0.2016936930623547
16553,0.01773595635894121
16554,0.08221001946468828
16555,0.02184321618099174
16556,0.04702078349210379
16557,0.07724486912615584
16558,0.04509100959600222
16559,0.03419388666847127
16560,0.15042512193216173
16561,0.012293150361220879
16562,0.009275899285240228
16563,0.030963712038053703
16564,0.02879488047869521
16565,0.03346996406590329
16566,0.2547323658925035
16567,0.04773699352321729
16568,0.09377173403379745
16569,0.15782606022806614
16570,0.03219830089437775
16571,0.05238835063811523
16572,0.028374056701033892
16573,0.03546338996664142
16574,0.026340031605033887
16575,0.05947849609456613
16576,0.23414459282519134
16577,0.049476126135797244
16578,0.04614423357015762
16579,0.02513023150981978
16580,0.14033716654562614
16581,0.03697638227283945
16582,0.12250930798428503
16583,0.01453043205108242
16584,0.09038535029260515
16585,0.3308965233875254
16586,0.0559728165419387
16587,0.05058615934122861
16588,0.029031505615562593
16589,0.03629706171017586
16590,0.08016381975305926
16591,0.026174883381845076
16592,0.13897323312924556
16593,0.017606660898760174
16594,0.04215933728290439
16595,0.013098984550379946
16596,0.44954577196917944
16597,0.02897367631649921
16598,0.08655012723693202
16599,0.03694620931728037
16600,0.02890221216802609
16601,0.09236674860900243
16602,0.018853255903585844
16603,0.045192176055808
16604,0.021269117136716545
16605,0.01763377791254288
16606,0.041709871397203876
16607,0.2665300536824542
16608,0.0814868499963758
16609,0.03107017367581469
16610,0.0636402911919209
16611,0.01805627142229326
16612,0.05006085462128379
16613,0.03252804964864699
16614,0.07557368675752064
16615,0.014491326439601212
16616,0.08554844855137991
16617,0.11409281351418181
16618,0.10670322061814305
16619,0.011903385704527626
16620,0.03405321417664822
16621,0.05740625034138546
16622,0.017579369839582658
16623,0.18080984390646787
16624,0.20060821329211104
16625,0.13324575621919585
16626,0.07283194237317046
16627,0.09291478854520936
16628,0.01874254950111945
16629,0.07750701667589666
16630,0.018924478000438096
16631,0.023960557097957955
16632,0.024358952113325057
16633,0.028359288557782344
16634,0.03657339953835377
16635,0.016160120016303327
16636,0.4380402762579106
16637,0.019185454655096516
16638,0.059293881759275566
16639,0.17736938275857822
16640,0.03986551186118742
16641,0.08011094940232262
16642,0.025620071045696455
16643,0.013571953499115328
16644,0.025430991696163762
16645,0.03680828284288736
16646,0.06541836466199119
16647,0.03688030743706285
16648,0.1000053292617848
16649,0.10861817244250396
16650,0.03701369770733304
16651,0.028396258331511114
16652,0.06411215160782033
16653,0.056782564722465984
16654,0.12694676734280094
16655,0.14777409551778348
16656,0.013601036323972417
16657,0.04075825551022725
16658,0.18382325188535376
16659,0.03983494987166181
16660,0.06591693496639633
16661,0.036899581616966756
16662,0.030537516587884436
16663,0.05901259502230709
16664,0.2861110566754399
16665,0.07583849741801436
16666,0.01364363214636094
16667,0.06645194168623664
16668,0.013919470152413354
16669,0.030798820289228805
16670,0.20293229746393754
16671,0.041123548742968176
16672,0.049894874197092265
16673,0.025814691165670176
16674,0.04535911591679615
16675,0.05723586401469421
16676,0.06650591405422032
16677,0.10247410933212125
16678,0.05866479883450068
16679,0.024385046156271607
16680,0.046712773391640636
16681,0.04002309765589324
16682,0.0668320091566169
16683,0.3136993124908349
16684,0.40154514644831674
16685,0.02036168345047789
16686,0.18498391175025913
16687,0.11488868385285547
16688,0.12576668592107892
16689,0.03215316563992396
16690,0.016744364067848794
16691,0.06119408129289472
16692,0.015497103182585294
16693,0.11976154971836986
16694,0.1491385896513959
16695,0.021677799147244627
16696,0.015168020825134833
16697,0.42694471681419816
16698,0.129744346059824
16699,0.07519055545050068
16700,0.0284385596907816
16701,0.1004497785512673
16702,0.03608370864649709
16703,0.030669477658404276
16704,0.028165950042587786
16705,0.033625567907783815
16706,0.02392144929788588
16707,0.06824441814760518
16708,0.021870352303174745
16709,0.1466267638777678
16710,0.0532773456855681
16711,0.04415155754962071
16712,0.010324914425692427
16713,0.03042899156797569
16714,0.014264228607430363
16715,0.06554223216548216
16716,0.09552908921457075
16717,0.05241879954780142
16718,0.053213463222357746
16719,0.023629624889329508
16720,0.046102723454218834
16721,0.133564029389634
16722,0.02161029239573839
16723,0.1339680631002838
16724,0.020283045759505333
16725,0.021111294238242605
16726,0.10823214838059556
16727,0.09990802572179636
16728,0.05409605074394483
16729,0.05812048696047228
16730,0.1050398403617193
16731,0.2791996058239058
16732,0.03253594561223756
16733,0.1365109964135488
16734,0.06466311040602354
16735,0.039332216369968934
16736,0.07528803807969309
16737,0.034537633835358614
16738,0.119598095960502
16739,0.10005475274239964
16740,0.06616209547725595
16741,0.029840008022180124
16742,0.4155429385858513
16743,0.03902922089312526
16744,0.016872139716848287
16745,0.0603573372872111
16746,0.028856347573136834
16747,0.36312529835025786
16748,0.1309351795626465
16749,0.12822389462671407
16750,0.0981487792412424
16751,0.07146318517154462
16752,0.06834412868611581
16753,0.04185313422162372
16754,0.23811877247203256
16755,0.057656173251928705
16756,0.07734164755206295
16757,0.04015414288069434
16758,0.17473967291865233
16759,0.04437340849025411
16760,0.05107253445524157
16761,0.07422038005061905
16762,0.016034124676344942
16763,0.03673383129342691
16764,0.08802368199779864
16765,0.038188168464528605
16766,0.03976750149041022
16767,0.09493185212052532
16768,0.013157591552328865
16769,0.03500029565456714
16770,0.020791556516828597
16771,0.06454618833346112
16772,0.03404396400890161
16773,0.024205319418174352
16774,0.025474434654183205
16775,0.0182556232819769
16776,0.042981957499882276
16777,0.014054854389148979
16778,0.04951063694448022
16779,0.12559681660928407
16780,0.028032481114338422
16781,0.031214252505678972
16782,0.025598564721259903
16783,0.020057111968355062
16784,0.03943953249922623
16785,0.03139739602629628
16786,0.05691956210832397
16787,0.04982713005123905
16788,0.10493460542114558
16789,0.04300914926361056
16790,0.09045664222855063
16791,0.0284266223256658
16792,0.010604760505065466
16793,0.1974135096825454
16794,0.02572066718898703
16795,0.039067065855302105
16796,0.024799585261884746
16797,0.08225605583692594
16798,0.03579839793419534
16799,0.07846589491296266
16800,0.025338415805223464
16801,0.2275522752608678
16802,0.05640776921658786
16803,0.01139090012170122
16804,0.09787102832081561
16805,0.04589024663262106
16806,0.014880898075544324
16807,0.025094506429336104
16808,0.06624862498155909
16809,0.017013529734489583
16810,0.020768175746417254
16811,0.13206911333451993
16812,0.04706873651560865
16813,0.027199402922436673
16814,0.12721685860037119
16815,0.07399756774297593
16816,0.17908985222531526
16817,0.043068889622571355
16818,0.04192383284976318
16819,0.13980038643471157
16820,0.15758321292570604
16821,0.022013400027184982
16822,0.13648523666937015
16823,0.017538245825376463
16824,0.06009121384033252
16825,0.025372461515941386
16826,0.020437103573214113
16827,0.03435208425761559
16828,0.02282610805397184
16829,0.01953513873344367
16830,0.08705324820784222
16831,0.18692921964932796
16832,0.1146924967374778
16833,0.07371556935092267
16834,0.0604858853746026
16835,0.1333066344046932
16836,0.04072176099739434
16837,0.03625061759999834
16838,0.19733479182231173
16839,0.12593790387736545
16840,0.03297498358590512
16841,0.12126077130400549
16842,0.07518791734888483
16843,0.048569587417372426
16844,0.16836244155029217
16845,0.03167536689154792
16846,0.045189600675379867
16847,0.04939567859108733
16848,0.0259884253234439
16849,0.015644903808677536
16850,0.04403221154676604
16851,0.09777716002728883
16852,0.2359764579272055
16853,0.15772488956330918
16854,0.020202419258428063
16855,0.05433342626286493
16856,0.010299579780171979
16857,0.050553184046403556
16858,0.18614693551677447
16859,0.012258109195268027
16860,0.032972576430715314
16861,0.030129998120547303
16862,0.09742008958014045
16863,0.03480293403431966
16864,0.0974654495027999
16865,0.03417290430801509
16866,0.05554883095964504
16867,0.1253708668257114
16868,0.04484245227300901
16869,0.021439900758983367
16870,0.017843868239609886
16871,0.017033904357964504
16872,0.049401118107676036
16873,0.14953394691791505
16874,0.032492944004533494
16875,0.12280245027006716
16876,0.059607547547917694
16877,0.027326074062370923
16878,0.020514345219584645
16879,0.03529613655948002
16880,0.12224844868409229
16881,0.02489198343254853
16882,0.13674998101629696
16883,0.02857809708609732
16884,0.06440800959806653
16885,0.07781016224254501
16886,0.0494554379673901
16887,0.04506647116751281
16888,0.021419510992507277
16889,0.014134274718512526
16890,0.12032276330828355
16891,0.301903110750878
16892,0.03065025213664158
16893,0.02660736654653928
16894,0.012817090600649492
16895,0.02350269002083233
16896,0.036863811429684507
16897,0.031757927746275644
16898,0.021950910271440756
16899,0.0626793665355339
16900,0.047000734020023506
16901,0.04226839790040743
16902,0.06693240870517093
16903,0.014781753956605838
16904,0.12097933655531151
16905,0.05007158290218271
16906,0.09303685204618675
16907,0.015603904591398609
16908,0.08040739039070663
16909,0.07787924333735126
16910,0.07184838077975306
16911,0.010350927439867772
16912,0.031105323134039242
16913,0.020617937182647587
16914,0.037725931971984185
16915,0.09037418087385075
16916,0.09321337774311095
16917,0.0737485307576345
16918,0.021307587160041573
16919,0.14570735924816514
16920,0.1388861237478947
16921,0.04722673604427314
16922,0.008810578024009797
16923,0.048677135357203034
16924,0.021324816729229142
16925,0.04756711387764513
16926,0.052515290442820654
16927,0.07833361387833129
16928,0.011889841565944088
16929,0.05511238812340744
16930,0.06978702931742661
16931,0.11634983892689706
16932,0.16818870458117455
16933,0.07518642482239582
16934,0.06448050700049847
16935,0.01075506785666209
16936,0.10594839513646541
16937,0.18985953049630794
16938,0.07118047923930024
16939,0.10065375970556584
16940,0.019913090656550572
16941,0.11903736979301094
16942,0.06237816409287644
16943,0.04206015826886415
16944,0.11406492538638305
16945,0.034644850787795535
16946,0.07947511700565704
16947,0.032203136210099105
16948,0.024575502997895814
16949,0.0564355359705159
16950,0.05526249537122622
16951,0.09307533984626998
16952,0.035211974343130864
16953,0.1066640994954523
16954,0.10825620584102913
16955,0.22646519997330503
16956,0.048528234074144
16957,0.12119594944940552
16958,0.009467045435591367
16959,0.019162612941112527
16960,0.0956616547847059
16961,0.02181431381597527
16962,0.14355919036814746
16963,0.02997175030968093
16964,0.06463768653223098
16965,0.05844293411701415
16966,0.04012953983128611
16967,0.0935161506060036
16968,0.02015427851414693
16969,0.04532599616999814
16970,0.16132329110891777
16971,0.04858768202327972
16972,0.0158189714759147
16973,0.08262884953496877
16974,0.10473840334190443
16975,0.02008388802864797
16976,0.12211194974052875
16977,0.019219023521371684
16978,0.018313494696360174
16979,0.03044454116375813
16980,0.11257847019770156
16981,0.02470556460709525
16982,0.06165638549008984
16983,0.019392537162665625
16984,0.028861186765033173
16985,0.16578348557109143
16986,0.11019739422833291
16987,0.046923007971993225
16988,0.04142905950510989
16989,0.07432467744937561
16990,0.10707254136347101
16991,0.015314570166863516
16992,0.05408669046364722
16993,0.016719907908528574
16994,0.08118594485588013
16995,0.04430667388873487
16996,0.0455846128804326
16997,0.04912485800121884
16998,0.04082211404906212
16999,0.043205888248682364
17000,0.011931038048223448
17001,0.0815352423425559
17002,0.04043128798021665
17003,0.3763575762481761
17004,0.0346778809494035
17005,0.10464929034225282
17006,0.06917314989937003
17007,0.013654093484020729
17008,0.423477840042274
17009,0.04871396486101945
17010,0.027231407499622443
17011,0.1317946015084006
17012,0.03034124627082389
17013,0.2148656278861995
17014,0.03799981714825808
17015,0.06484733339293583
17016,0.04783942930535354
17017,0.03728960354446726
17018,0.03237144286353333
17019,0.08625716095986884
17020,0.03785567777321406
17021,0.015035218108496624
17022,0.06968055890302903
17023,0.010129553812326319
17024,0.10756089601819752
17025,0.05213463102532974
17026,0.012349461823999793
17027,0.23793886543133796
17028,0.010738366778675162
17029,0.014894449692384785
17030,0.18014782241070582
17031,0.0394166011063191
17032,0.07866981118060073
17033,0.034226602537847796
17034,0.031190484783759145
17035,0.04787944772112742
17036,0.03819936950120432
17037,0.17684628944265873
17038,0.038991061913935934
17039,0.01693301812954541
17040,0.03833002492107821
17041,0.01945331386688593
17042,0.059176304540927295
17043,0.9735207844154579
17044,0.05429783398410795
17045,0.04669616035311728
17046,0.03799577735755318
17047,0.02980838531584068
17048,0.03496817381947888
17049,0.1358180444326384
17050,0.3969801782734004
17051,0.030868269967562662
17052,0.1357461687304118
17053,0.02305609084004545
17054,0.09248359361053525
17055,0.03896883146155162
17056,0.02571506351624494
17057,0.062465887343608834
17058,0.06359931519401028
17059,0.015303790510960997
17060,0.015622995505997795
17061,0.03824152618966319
17062,0.05395008523488461
17063,0.011705322833127649
17064,0.0248722224739696
17065,0.05202496664276832
17066,0.04020571155723402
17067,0.0874608712282131
17068,0.030212168132283147
17069,0.015920692991379406
17070,0.07307134179810214
17071,0.027018226573097007
17072,0.021189756956806957
17073,0.07284944411405639
17074,0.10729141869472067
17075,0.3376873177109361
17076,0.06745650737766591
17077,0.09449026593349066
17078,0.07831466137381993
17079,0.035842871495698876
17080,0.011585708424477557
17081,0.037161709014846944
17082,0.08179582810752596
17083,0.04190355910782452
17084,0.016958893586967536
17085,0.030904383189084082
17086,0.13219901154267
17087,0.04964569712454489
17088,0.18637589448768668
17089,0.04408004842157123
17090,0.14903087628032488
17091,0.015533609168266623
17092,0.02622934504565659
17093,0.05298070061354561
17094,0.17129855464205956
17095,0.05180776654780764
17096,0.028087128927759483
17097,0.08714012046846971
17098,0.018864930316602285
17099,0.19989748007647845
17100,0.04539731057017067
17101,0.02059176147981894
17102,0.023387147653159922
17103,0.04750538928349898
17104,0.016168497334488583
17105,0.04776236962970286
17106,0.023496939344281605
17107,0.050164768322134935
17108,0.3485328973464955
17109,0.09220954401573023
17110,0.13100188272582713
17111,0.13236694034692095
17112,0.08374174830958295
17113,0.046114464738087474
17114,0.026391570084702273
17115,0.032192329409355756
17116,0.306556340066592
17117,0.07441341913540471
17118,0.020281490008089733
17119,0.1057086615030653
17120,0.020662013934484254
17121,0.007692536057323507
17122,0.5483445106716446
17123,0.042506886489165126
17124,0.05339827527272087
17125,0.04127171889958077
17126,0.04535634472388653
17127,0.0912447832343287
17128,0.22944510244943717
17129,0.0221648784739234
17130,0.040814675133673685
17131,0.0648132874566664
17132,0.017626740512139617
17133,0.024135686304980173
17134,0.04101435944181865
17135,0.04571623024941113
17136,0.06328203762094528
17137,0.05021693125982953
17138,0.04485698454497333
17139,0.029301691779228853
17140,0.06250494962813163
17141,0.02374682367467146
17142,0.11610207734351594
17143,0.038456845861331995
17144,0.030598840685134056
17145,0.17522339211236293
17146,0.015736507021189703
17147,0.03926838532982156
17148,0.03326422199515843
17149,0.03784894293409984
17150,0.06325925773175921
17151,0.0334829400707337
17152,0.13316123782198208
17153,0.049640723817142435
17154,0.06766698402604696
17155,0.025630745265082074
17156,0.022439068596471115
17157,0.031721841049792525
17158,0.07274720438768409
17159,0.1053305334717905
17160,0.048822103027112325
17161,0.15275461535411422
17162,0.11184077488062562
17163,0.06132029229356897
17164,0.1960766174687676
17165,0.053936872930080274
17166,0.05920879749300312
17167,0.18497990612994444
17168,0.05001609853580192
17169,0.06815925080706536
17170,0.019834298178014267
17171,0.05803381645517389
17172,0.0957159462940777
17173,0.06555401141467775
17174,0.1001396516045496
17175,0.05367457832137584
17176,0.035242075627062136
17177,0.02906448969592573
17178,0.04015899587199878
17179,0.07348760400840498
17180,0.10326435041449566
17181,0.012025644635945382
17182,0.029116272597273084
17183,0.04943013921045344
17184,0.03651093302469812
17185,0.0909103362003893
17186,0.019634723098520074
17187,0.037624070197223566
17188,0.062166738263406324
17189,0.04187315620150463
17190,0.021367752352142604
17191,0.032802502398060915
17192,0.013148999351569874
17193,0.07097732401243975
17194,0.1326882105479191
17195,0.01950081972245101
17196,0.022163280782764097
17197,0.13375497791223132
17198,0.06287122248014004
17199,0.21384430154404488
17200,0.15302204536601385
17201,0.023197652604302538
17202,0.04341947644369206
17203,0.06431831081878961
17204,0.05238403265526018
17205,0.06980987647258043
17206,0.10304233322778254
17207,0.039248832154367336
17208,0.02800614866784603
17209,0.05877914369764369
17210,0.029096826309688274
17211,0.056845756983528756
17212,0.06643469031651104
17213,0.025857112600551888
17214,0.08132708950270431
17215,0.028754000262104673
17216,0.03429246340043348
17217,0.020076322780723566
17218,0.048084802680988324
17219,0.01568779749936262
17220,0.024527678867886562
17221,0.20616726075738095
17222,0.03080265745502546
17223,0.08722054897011454
17224,0.0892921112212583
17225,0.08771567254734657
17226,0.03376992257293656
17227,0.19837678351711016
17228,0.023993261461202224
17229,0.024687652081225957
17230,0.23119612604875078
17231,0.04444037434200309
17232,0.03939748492418915
17233,0.04673641867940723
17234,0.07896715573577917
17235,0.06430196853310678
17236,0.04246187922329539
17237,0.29551536617577195
17238,0.01364053164758006
17239,0.03716863810195915
17240,0.06319215322518582
17241,0.12549747643647158
17242,0.050121591316627544
17243,0.033614296280317146
17244,0.08668472761802534
17245,0.30550094044187875
17246,0.02813252203487144
17247,0.022369996396295798
17248,0.04016777643024928
17249,0.015612103622911898
17250,0.03587024450409843
17251,0.032160420117696306
17252,0.04901348231463449
17253,0.03776903667263851
17254,0.035286334492318966
17255,0.03213828755570929
17256,0.07697119261234617
17257,0.04424563684662541
17258,0.03115945144525066
17259,0.04987004074986149
17260,0.09699325805750836
17261,0.040573505002775394
17262,0.025568756565283693
17263,0.1204958321583808
17264,0.07054796033446901
17265,0.019621245886706416
17266,0.09716508564721063
17267,0.05499858920314807
17268,0.04144719326725289
17269,0.14415548532931896
17270,0.022636198061735644
17271,0.07396844786083492
17272,0.29431852338799813
17273,0.027405800839582828
17274,0.02564333786465709
17275,0.13775927054362977
17276,0.03387647854543623
17277,0.05051143832973313
17278,0.07271966848352401
17279,0.038956122325141895
17280,0.0786960828929975
17281,0.050510874334183976
17282,0.18564848421918703
17283,0.030618877108316275
17284,0.18296295920573996
17285,0.015821578989593583
17286,0.357920480208181
17287,0.021857575410458772
17288,0.07467058588198318
17289,0.04835975296646886
17290,0.031289040353735406
17291,0.030461636684030416
17292,0.04077651937905993
17293,0.036617921378516806
17294,0.020902371431112704
17295,0.11435941051872058
17296,0.36292378309238543
17297,0.03783634946831585
17298,0.02483884298030265
17299,0.0931145456931392
17300,0.05340799414387376
17301,0.0442837943974497
17302,0.04502601915369101
17303,0.08313982931622228
17304,0.046812946630742376
17305,0.016387603957913787
17306,0.10635379363166841
17307,0.01655046695629357
17308,0.5052738532386962
17309,0.04405561352467743
17310,0.07655605286613953
17311,0.02271360874337129
17312,0.02472860065229058
17313,0.17677303561208008
17314,0.04343356676860083
17315,0.016668731915454635
17316,0.04856717028895774
17317,0.0233387056267587
17318,0.08400860079958954
17319,0.03981922844938238
17320,0.14458624214638996
17321,0.12515936984808573
17322,0.09345491618890692
17323,0.2309760007555865
17324,0.04657830967758288
17325,0.03947030726559819
17326,0.13175724061865068
17327,0.05654615365009767
17328,0.009955286432642919
17329,0.0141290872556384
17330,0.24882795515826267
17331,0.02316857594442056
17332,0.02465039648470866
17333,0.09339820171021707
17334,0.04122077872389104
17335,0.023814920687698443
17336,0.011387315046937399
17337,0.048944727265903536
17338,0.06931569599074194
17339,0.1295291488552464
17340,0.04159719591704368
17341,0.04641414437601851
17342,0.2981049968335332
17343,0.05230329009989872
17344,0.04424104919722359
17345,0.05845466218249257
17346,0.030187708405438645
17347,0.025732363636848568
17348,0.0661351287248497
17349,0.09215622284297356
17350,0.03804860641981
17351,0.04033672798145166
17352,0.027790117845825538
17353,0.25016256811698356
17354,0.04163265651037788
17355,0.030837612388091122
17356,0.008686829950411387
17357,0.04525127332544466
17358,0.03260877331313346
17359,0.1575707637424627
17360,0.028111835219581036
17361,0.042368966295234116
17362,0.08082225177399516
17363,0.02373054419335252
17364,0.04068270656238973
17365,0.016476849660935395
17366,0.12075612621120985
17367,0.11777989469701929
17368,0.20139035889612095
17369,0.017899658344310277
17370,0.03053030873001581
17371,0.04237498172807131
17372,0.0441739664979887
17373,0.03461050382131629
17374,0.1316466300898671
17375,0.03451976291835645
17376,0.030093596670973038
17377,0.2934493661079783
17378,0.0761819880081514
17379,0.34621497261991485
17380,0.09379178179563868
17381,0.019772199521067804
17382,0.041534129341603526
17383,0.32736422182208924
17384,0.020567006058707524
17385,0.014084132583386415
17386,0.20639045520732446
17387,0.030855128678692396
17388,0.1883498913250026
17389,0.04154548058412647
17390,0.08731529013471828
17391,0.33194881119653846
17392,0.01694287861251033
17393,0.009559824542171523
17394,0.03435422405630916
17395,0.02595663295494488
17396,0.08717969105391202
17397,0.08740586840708223
17398,0.035094806240700466
17399,0.01839794240433103
17400,0.06872787587380953
17401,0.03806938890577562
17402,0.1395326276139187
17403,0.13070087574887906
17404,0.022165551362203703
17405,0.10734894751728535
17406,0.05528981533447025
17407,0.056306590929692805
17408,0.021166241883291574
17409,0.038825300324376366
17410,0.08644761099197038
17411,0.07689806841622782
17412,0.40079880784083816
17413,0.047560181111904055
17414,0.0883281749036516
17415,0.025058242197805208
17416,0.03545668929964078
17417,0.029216482081580585
17418,0.016092921750744903
17419,0.02670519754788616
17420,0.05235908238435859
17421,0.09706059323444945
17422,0.11933680915581246
17423,0.03145494686266652
17424,0.031727348955266396
17425,0.0737682594149242
17426,0.017263247661853658
17427,0.03985559327635303
17428,0.03402108607144835
17429,0.04494118707376596
17430,0.021065853733357502
17431,0.03183840362901402
17432,0.19707815000424772
17433,0.055339053685070805
17434,0.021563312981799455
17435,0.02697503264126601
17436,0.041491874778400245
17437,0.034566041872617
17438,0.1044958924103417
17439,0.05788094336847241
17440,0.01860645597444654
17441,0.0246933082888963
17442,0.030297091740082736
17443,0.0660836491479649
17444,0.01000320727517343
17445,0.05691565169587641
17446,0.10899001140539351
17447,0.08110943619683719
17448,0.06369424377299766
17449,0.02779079667613988
17450,0.04699350607058669
17451,0.14323044205886945
17452,0.21131333842056513
17453,0.037046593906218304
17454,0.0740807116831389
17455,0.07147271124080551
17456,0.15542139336140326
17457,0.02720331910133712
17458,0.3164373125501486
17459,0.0880549130378984
17460,0.05379685066709909
17461,0.01906369748445353
17462,0.02025838172755064
17463,0.04038515121113313
17464,0.02157459910683121
17465,0.023471258507548824
17466,0.0484962282744385
17467,0.03301750711538551
17468,0.17228760539414487
17469,0.11251426819907012
17470,0.02816884766346937
17471,0.01632065910659752
17472,0.041990231535483764
17473,0.06817859322674796
17474,0.13610584292478303
17475,0.038063741640849566
17476,0.11107541823255121
17477,0.09958683874022045
17478,0.04399853877275686
17479,0.5344808994483509
17480,0.02492686588058832
17481,0.028231969449105387
17482,0.03887280408945989
17483,0.08777971254139186
17484,0.02471851344839997
17485,0.055585734431173976
17486,0.0907921800937004
17487,0.04296891773580564
17488,0.029350606960189308
17489,0.024165347113691664
17490,0.046497108133437055
17491,0.08572601151948078
17492,0.02900102755844995
17493,0.10515994574055423
17494,0.07376357411950958
17495,0.11577485184932962
17496,0.1477406994177289
17497,0.040667709374919474
17498,0.051064104399525516
17499,0.07161801428487911
17500,0.07415496707568318
17501,0.02802769048086625
17502,0.026324131458468597
17503,0.046595746493769026
17504,0.048775495480117115
17505,0.2592735763979423
17506,0.04716120268738855
17507,0.01876118855252245
17508,0.11676087548312541
17509,0.07968089342726142
17510,0.12929099541092917
17511,0.1137464587711524
17512,0.06699294009228256
17513,0.3312422610285847
17514,0.08125222489748889
17515,0.06771189550397129
17516,0.13725780712924568
17517,0.04745061722015209
17518,0.05115646691789147
17519,0.09999293702036036
17520,0.030079478454888866
17521,0.014678521934015289
17522,0.03081539057341015
17523,0.0325904557911182
17524,0.07927419820269566
17525,0.10898944348114532
17526,0.0308133120787432
17527,0.028425925128147553
17528,0.3226877495191313
17529,0.04421103300951161
17530,0.010242338600664971
17531,0.012011722162687791
17532,0.11220728043091259
17533,0.07270189254714408
17534,0.059042652530807566
17535,0.02002447080223187
17536,0.04553846109485758
17537,0.01544470479163629
17538,0.05756480497117309
17539,0.12996275185803896
17540,0.6390576421662709
17541,0.016296890407987152
17542,0.014670604368213413
17543,0.009655483117157054
17544,0.016572099336092702
17545,0.1195325855763037
17546,0.04479606078084883
17547,0.045032088513166715
17548,0.027634711541007495
17549,0.042396136151713226
17550,0.05007182919847314
17551,0.0240083177827463
17552,0.009303128662924681
17553,0.06282166460645618
17554,0.21561207716170666
17555,0.06998521005460685
17556,0.05227962274593965
17557,0.017038556985393458
17558,0.022211940816421204
17559,0.03776933992807074
17560,0.03240242933457016
17561,0.06829821392782004
17562,0.04132196293093636
17563,0.022464927759179305
17564,0.011377817624361675
17565,0.040860738432484535
17566,0.05671252575787756
17567,0.02664794766300115
17568,0.07891800766325542
17569,0.02907672540738415
17570,0.05881442541979805
17571,0.018566922248520336
17572,0.058746149603165834
17573,0.0790607922119495
17574,0.023728199267681136
17575,0.01024145383512832
17576,0.04563097317471801
17577,0.057705441077906275
17578,0.0954771436763929
17579,0.08746637133176081
17580,0.013322551659103298
17581,0.0435204140726732
17582,0.035285173326758346
17583,0.14461811561779886
17584,0.04365938267903305
17585,0.0755979469723521
17586,0.14041651337960376
17587,0.03853948740763098
17588,0.21731258641501944
17589,0.10302127888563126
17590,0.021853653513280277
17591,0.016036115719395474
17592,0.027810066711694573
17593,0.019715334623867257
17594,0.02366672886263055
17595,0.025643593209678475
17596,0.06726180147128849
17597,0.2164842796164529
17598,0.02007269662778638
17599,0.01463970371228366
17600,0.13135755343656405
17601,0.02126175263485058
17602,0.046226466395053414
17603,0.019946584809844813
17604,0.07556009944562406
17605,0.06608640958068285
17606,0.012912747628278615
17607,0.0619828102285105
17608,0.26272760114830607
17609,0.05453107691928488
17610,0.06523459681823524
17611,0.013404446301211298
17612,0.04259609821984971
17613,0.8378085482455712
17614,0.12793517729595
17615,0.03005780009088056
17616,0.24723840887872167
17617,0.059486904648049524
17618,0.11238038070150308
17619,0.05265250825084787
17620,0.03300069919187999
17621,0.06313168028428623
17622,0.11999357200635169
17623,0.11368904693622321
17624,0.026631427267558606
17625,0.039317875122257484
17626,0.08705570997249584
17627,0.01283595033854745
17628,0.018960421125281214
17629,0.04181235640723327
17630,0.04803777323214686
17631,0.01348883374773856
17632,0.023685878503860256
17633,0.017048603469014642
17634,0.1198619612989355
17635,0.021430719872059467
17636,0.032805780066459025
17637,0.01632412413968518
17638,0.007219603916057193
17639,0.26297515778260844
17640,0.06916094457011124
17641,0.010636187737550061
17642,0.022955316621564623
17643,0.010602581592336863
17644,0.018453009401659802
17645,0.029624193927257396
17646,0.07333149766314663
17647,0.0685473280943336
17648,0.010930859325608128
17649,0.012796423720945777
17650,0.024022180210961613
17651,0.044545141209424606
17652,0.08193846178239785
17653,0.050734573185602594
17654,0.03968918627619438
17655,0.2878997662877515
17656,0.09108326057701341
17657,0.043020527448745134
17658,0.04856877428104231
17659,0.2986250502314082
17660,0.09360955347972122
17661,0.024530587936123366
17662,0.025882086419894527
17663,0.19585652966707745
17664,0.0722459605732428
17665,0.029454703269124523
17666,0.05157349091979724
17667,0.02202509992048751
17668,0.11761149857298944
17669,0.010776901565260563
17670,0.0345211991574155
17671,0.020807923946612933
17672,0.023289635057266597
17673,0.0552404637167564
17674,0.09423312964431217
17675,0.04113245684036049
17676,0.02653073844047938
17677,0.04311721683895934
17678,0.033328690543443396
17679,0.1036695436791032
17680,0.0393813672895266
17681,0.01778456173453436
17682,0.04491546776054959
17683,0.08305546510451407
17684,0.169613173108613
17685,0.03084320436579719
17686,0.028092082337870448
17687,0.05263851154864532
17688,0.02649507149096252
17689,0.014057585655425526
17690,0.06112694412921659
17691,0.02660259590314982
17692,0.08539402088015431
17693,0.03163454867390672
17694,0.05650612767737734
17695,0.06823086077193555
17696,0.1349455185016934
17697,0.0698159519131864
17698,0.031546746277598875
17699,0.036709524255029755
17700,0.03387940891186007
17701,0.03004158169942455
17702,0.049677906480819004
17703,0.1965831726797743
17704,0.14119725282863949
17705,0.02599245104705588
17706,0.03922898048202035
17707,0.09195150757566442
17708,0.06989353034142443
17709,0.07316769881225986
17710,0.024317527528308278
17711,0.04502267755945653
17712,0.11433034983870285
17713,0.13702480043425164
17714,0.1369930638728224
17715,0.012281178257830037
17716,0.04016500385449809
17717,0.06085273482545518
17718,0.044800908054682384
17719,0.012845332692365881
17720,0.08613708579540834
17721,0.016059494586311545
17722,0.10144584315043861
17723,0.06573384651301271
17724,0.045232865153131026
17725,0.1029068853946058
17726,0.010668008160696539
17727,0.02175332933081273
17728,0.03577796550072882
17729,0.027326438306122934
17730,0.033410985283984125
17731,0.03461034514276598
17732,0.02110253075391932
17733,0.0890869429720544
17734,0.02285416188087877
17735,0.007400620287007944
17736,0.0340113461842278
17737,0.07686251769984355
17738,0.01579789274233221
17739,0.05425101634975939
17740,0.04210341550616384
17741,0.021145069967542444
17742,0.022367927072891817
17743,0.04519530195903373
17744,0.008614389782902755
17745,0.019407361499160263
17746,0.05350062730835365
17747,0.07765585308251141
17748,0.050130798206727056
17749,0.012464131933221718
17750,0.0321720357454016
17751,0.026014529452408803
17752,0.36077631630930723
17753,0.0949381456599071
17754,0.021233697835235585
17755,0.013377080328625068
17756,0.06366634444439767
17757,0.020688314358437158
17758,0.03270559753733761
17759,0.03317428683354448
17760,0.0882058896015401
17761,0.03015676799344623
17762,0.026577214708589245
17763,0.08442212868705097
17764,0.16644147601130158
17765,0.04728340912040936
17766,0.03804789431470913
17767,0.0277313021616537
17768,0.04732872573046999
17769,0.06839322870070813
17770,0.06162315263459379
17771,0.021337810021446142
17772,0.013993728703142099
17773,0.03762608484483965
17774,0.14462635064159046
17775,0.04244900980159218
17776,0.15184685524986336
17777,0.019466028767385467
17778,0.12885470851314318
17779,0.05031201189067399
17780,0.09648198912648157
17781,0.03338161234924901
17782,0.0642530957459607
17783,0.020025999971922
17784,0.032408384186236636
17785,0.28599521108635034
17786,0.03948132294289197
17787,0.036294718223485845
17788,0.07482654311060002
17789,0.013660639359385137
17790,0.06602126839031894
17791,0.017481768160270285
17792,0.018991612633439
17793,0.015814213699880963
17794,0.07864657513075526
17795,0.05379803320896272
17796,0.021885916078224238
17797,0.026691628747083116
17798,0.05504126271243512
17799,0.020348049309901164
17800,0.024495071938831086
17801,0.020516390955646873
17802,0.049329981638958395
17803,0.04912175142722721
17804,0.1536177302205378
17805,0.14084580454497234
17806,0.058587674307336544
17807,0.04066228943799717
17808,0.03419238623669822
17809,0.039700249276427145
17810,0.046335521667071285
17811,0.013667230871813063
17812,0.05085311535986571
17813,0.07786006090688151
17814,0.10993784027580022
17815,0.11777141424385777
17816,0.01794111601129981
17817,0.020222524436193268
17818,0.09305293390826337
17819,0.14334911338952797
17820,0.07540273858746716
17821,0.026755958644978504
17822,0.17819438372415963
17823,0.03880775306686034
17824,0.039046482759304404
17825,0.11732286147248157
17826,0.08092481206873092
17827,0.17386444519923366
17828,0.03062357204712618
17829,0.12274945044729646
17830,0.10950374329686044
17831,0.039983053202348365
17832,0.034963316303362774
17833,0.018265122030226143
17834,0.03741188787467357
17835,0.025365725709604003
17836,0.0581565259553147
17837,0.032948317099036194
17838,0.023771682293962697
17839,0.12509763127000598
17840,0.02160943351240415
17841,0.00785900854534899
17842,0.0733667712026148
17843,0.024702271619211662
17844,0.0243266308326619
17845,0.02107042472717001
17846,0.018797703716894102
17847,0.030997396628141133
17848,0.0296835762180562
17849,0.03143619092247797
17850,0.04873951610202616
17851,0.044820082546790624
17852,0.17847023243873206
17853,0.1496820324982861
17854,0.08502556458499731
17855,0.048961836568145053
17856,0.023159093097461378
17857,0.10375511959712846
17858,0.02267972092381492
17859,0.01962741750714519
17860,0.03942305947499756
17861,0.015171960832377561
17862,0.21312025022605705
17863,0.024095736812951442
17864,0.07558783174965514
17865,0.057714425989866924
17866,0.01772673719605298
17867,0.06187477049749128
17868,0.03539337644157605
17869,0.030977227428176914
17870,0.10576956314579555
17871,0.1387540934049842
17872,0.014715889983616314
17873,0.06495362766055038
17874,0.054463346686682915
17875,0.028228551040801235
17876,0.13574071387989123
17877,0.06772896008346246
17878,0.08884719329711706
17879,0.05863520139634148
17880,0.01940895071587244
17881,0.3233514574664543
17882,0.05848083438503472
17883,0.020669662778057103
17884,0.03444755605589925
17885,0.01863102307346598
17886,0.10786292702956116
17887,0.12196950645423887
17888,0.03346035492483704
17889,0.04746623021845807
17890,0.07373682075346188
17891,0.05887974765010623
17892,0.0172537201606519
17893,0.04529681966229337
17894,0.04599596786085078
17895,0.01812727525743426
17896,0.01857286422254168
17897,0.0401366550569745
17898,0.03314338805024017
17899,0.055860781938850516
17900,0.02623585057616354
17901,0.05256838129559821
17902,0.018693305776323454
17903,0.027226045008935395
17904,0.2793264415955511
17905,0.01606664995026079
17906,0.10396028629840273
17907,0.0904260674061823
17908,0.06140485130712333
17909,0.05224043025703075
17910,0.047583559201181506
17911,0.011961481881556614
17912,0.1502385360642706
17913,0.11188255964315177
17914,0.017448555604782354
17915,0.010025219136492399
17916,0.07744155339139966
17917,0.06318319129475794
17918,0.14817346027000183
17919,0.008786384140836627
17920,0.041666598701057975
17921,0.009893087086979242
17922,0.05338137873988155
17923,0.07318540731582894
17924,0.07153737053044039
17925,0.08864975137710115
17926,0.6240592291800092
17927,0.023726078670539608
17928,0.10754145939373372
17929,0.01602858314146298
17930,0.10692840323450961
17931,0.02211475219874466
17932,0.03658684377238391
17933,0.03441318555949045
17934,0.018235388321947744
17935,0.03506040603154037
17936,0.2548342068640162
17937,0.10574278740636922
17938,0.01893237028914243
17939,0.07292714386759286
17940,0.07499446832311644
17941,0.02585309141280298
17942,0.041041508442259164
17943,0.07002837557619986
17944,0.014763780544862742
17945,0.03439391066852202
17946,0.027493044811681973
17947,0.06846231161696358
17948,0.039871757426654095
17949,0.0375906304570291
17950,0.16171594848810458
17951,0.03635353756905263
17952,0.04190888835042655
17953,0.0669201173364889
17954,0.09272980451604111
17955,0.031427683132212024
17956,0.062247143172232774
17957,0.014731766356420876
17958,0.054019698042118154
17959,0.04726743896586579
17960,0.5947591033170709
17961,0.09976251473755884
17962,0.05496894705352739
17963,0.06389635135111066
17964,0.02570932920362157
17965,0.04218527524315345
17966,0.027701038592811443
17967,0.30685788809124137
17968,0.04539940164424103
17969,0.023497461967473404
17970,0.012390598119065219
17971,0.17304448186781596
17972,0.05927393315030913
17973,0.06696659364735338
17974,0.1905779009259621
17975,0.01359797257463772
17976,0.10723184622016585
17977,0.12407462492617305
17978,0.04275158824179947
17979,0.05610025667678678
17980,0.04192406702168066
17981,0.018714106750068345
17982,0.03821155370566107
17983,0.0330489503013498
17984,0.13881431523583238
17985,0.19933808096001152
17986,0.0457404790643406
17987,0.07047069878860215
17988,0.3050398030956879
17989,0.14006838251111153
17990,0.09696507950248834
17991,0.030191480799216575
17992,0.052742388572893414
17993,0.09463208874660464
17994,0.25646266964281517
17995,0.027851446685074308
17996,0.06588060882839437
17997,0.0167716057104522
17998,0.024316149867512623
17999,0.03747039503667923
18000,0.026254887532792127
18001,0.027310762356280608
18002,0.05119491822314471
18003,0.030070882498788726
18004,0.013570265066041965
18005,0.14709847713301777
18006,0.09378532890877886
18007,0.0526121457371838
18008,0.10895707799523938
18009,0.03506816890973954
18010,0.026997993499597868
18011,0.06064105245920616
18012,0.02757554136085956
18013,0.014996825730817068
18014,0.08243491215906688
18015,0.020599560745745763
18016,0.015809454818340403
18017,0.09629163769428514
18018,0.04484232284712249
18019,0.01873909879655937
18020,0.03139102049776898
18021,0.01993564303956858
18022,0.03208177322267236
18023,0.024635441400285965
18024,0.12180636326460059
18025,0.051326055474400556
18026,0.10981131385428693
18027,0.03309628179631341
18028,0.19451335273905607
18029,0.04544454360001252
18030,0.0336888777825991
18031,0.04515389767654191
18032,0.03345595650854021
18033,0.10299351474078744
18034,0.02533488483104065
18035,0.054196145003492416
18036,0.023602462561876824
18037,0.080588295706036
18038,0.2739355725043852
18039,0.040971750517372424
18040,0.03202398475624116
18041,0.09236786833755088
18042,0.024616608748491746
18043,0.0660563118808602
18044,0.08509416528637959
18045,0.06786367944767555
18046,0.027827719119958412
18047,0.06270774288546782
18048,0.023968015201017805
18049,0.014649220750206662
18050,0.025121555415693258
18051,0.05521092706529946
18052,0.03039006008080536
18053,0.19392655604980077
18054,0.020638601893110245
18055,0.10006983826432102
18056,0.14820193454150216
18057,0.11339556270722492
18058,0.07242421693120524
18059,0.02085948377815614
18060,0.46733082135005166
18061,0.04293297907293589
18062,0.0517803886548777
18063,0.12048053348416489
18064,0.12570028964157268
18065,0.04952383359140282
18066,0.07860064452623727
18067,0.02139678269683982
18068,0.033661273351438085
18069,0.032574283223372365
18070,0.14956896696578867
18071,0.1060057880907547
18072,0.022328573640634057
18073,0.0600713078720443
18074,0.04233310372443298
18075,0.2056369846216883
18076,0.020573047176358557
18077,0.021436520227874255
18078,0.10603649183847644
18079,0.09986729829572422
18080,0.0883172341461532
18081,0.013956653201572236
18082,0.12838712611946396
18083,0.07091560286953624
18084,0.07692521796571239
18085,0.06498114731756192
18086,0.017943512163596506
18087,0.09555160736682485
18088,0.06086101065842136
18089,0.10238325374297952
18090,0.019870692372837184
18091,0.0401403634997264
18092,0.07724229489022656
18093,0.03682185762766678
18094,0.05176123399893372
18095,0.023242107120485953
18096,0.1518178319943624
18097,0.02081731987889176
18098,0.03395457638527395
18099,0.06251912924091242
18100,0.031308313962114656
18101,0.02621725374134599
18102,0.07436960878202142
18103,0.038034563206020215
18104,0.034928435791704106
18105,0.016739102441669738
18106,0.0859331251054096
18107,0.06696543837258497
18108,0.13558479709991628
18109,0.11882592391538235
18110,0.08922974240914112
18111,0.019876979859551818
18112,0.024571647362482695
18113,0.17300252920675613
18114,0.15481251081193276
18115,0.1413753501181484
18116,0.07510926128888523
18117,0.03976853243758175
18118,0.17731647079497964
18119,0.044075156949040906
18120,0.026404080042524296
18121,0.05104983551607174
18122,0.02312763539030524
18123,0.01645721378555099
18124,0.024231195178109545
18125,0.023016011366651715
18126,0.028877041681682963
18127,0.05519079938042555
18128,0.13533910282692127
18129,0.049424477922692986
18130,0.11730037797688131
18131,0.04804837588921638
18132,0.020339128447625983
18133,0.014264683534372595
18134,0.019852865138933064
18135,0.03961910828666858
18136,0.014812850569885587
18137,0.02679598295944156
18138,0.07671607517721951
18139,0.02414012165263256
18140,0.01132183680965958
18141,0.2120975094438415
18142,0.10765297933672478
18143,0.13350568087061704
18144,0.1301858362519811
18145,0.021558750540735278
18146,0.08520275973160643
18147,0.10280143229929853
18148,0.050097039990012866
18149,0.016782530889546156
18150,0.02327076754175502
18151,0.01978521168288453
18152,0.029556937343642134
18153,0.03802067648482249
18154,0.030695076294894444
18155,0.0131716988880194
18156,0.07627121321427247
18157,0.10669304871691053
18158,0.05624635363967635
18159,0.011885819990049961
18160,0.2196808225014241
18161,0.0168164588723855
18162,0.12599821747140408
18163,0.04216645273270901
18164,0.030180311800854412
18165,0.0408631622172551
18166,0.04505123219755331
18167,0.10760409562057166
18168,0.016337926091491834
18169,0.027627406102441833
18170,0.05274500566671288
18171,0.02512604953315644
18172,0.058165864130367166
18173,0.023736786460336057
18174,0.010473695649430981
18175,0.012011041961010886
18176,0.11037557033259088
18177,0.03985470167937216
18178,0.11199381281193825
18179,0.03043328375902895
18180,0.34962992664882964
18181,0.018024478190848327
18182,0.18269732751388676
18183,0.010042255692175494
18184,0.024132686764205023
18185,0.061784916842507746
18186,0.04333962525567437
18187,0.06107791228214739
18188,0.012534331070625682
18189,0.05425327485963548
18190,0.018643818686212628
18191,0.04799178169330768
18192,0.049774006291933195
18193,0.053694737696436075
18194,0.024144376919536078
18195,0.06700499611479405
18196,0.3192033165363239
18197,0.03871989552171821
18198,0.017267980790422757
18199,0.03819283300174647
18200,0.06780789206882419
18201,0.21710244152951083
18202,0.02023236239365594
18203,0.023494564928649535
18204,0.11727763514520977
18205,0.013386390551879363
18206,0.2255854931799801
18207,0.27103326578193204
18208,0.08683446517781604
18209,0.16443754779489886
18210,0.08641131825344107
18211,0.06483144717295486
18212,0.056050056263512296
18213,0.1295054074608732
18214,0.17780670974900975
18215,0.057703377280145775
18216,0.04617912672644851
18217,0.014094329684549337
18218,0.07250751604761266
18219,0.04348410937449606
18220,0.02857998046661139
18221,0.13197528084197746
18222,0.04251730351368901
18223,0.0578142165117859
18224,0.03260507940681756
18225,0.07199412059540711
18226,0.08367914651569575
18227,0.02369865943531964
18228,0.037307878341464026
18229,0.024288750839827077
18230,0.20509734307417873
18231,0.12857720091460623
18232,0.02945658483545149
18233,0.023660143882292747
18234,0.012487083659253623
18235,0.2831860857415785
18236,0.21008204322099716
18237,0.04025269724572797
18238,0.0309539839861627
18239,0.054961812353656325
18240,0.01932915988041948
18241,0.3846538429120532
18242,0.39287201969000013
18243,0.08185981491573438
18244,0.05325614579871615
18245,0.14422618511550034
18246,0.06014375118937453
18247,0.05165484314299309
18248,0.02504551449601926
18249,0.07767482449764519
18250,0.08790199502372517
18251,0.030060891026619643
18252,0.11365482770632318
18253,0.024489868980540543
18254,0.06149214324969413
18255,0.06993861940571239
18256,0.10494234621174184
18257,0.37142274032717215
18258,0.01683672736260563
18259,0.17377929057969066
18260,0.05153906480375743
18261,0.03727144991719297
18262,0.09034814705209887
18263,0.02547481994723154
18264,0.06118192723663584
18265,0.09928051986455673
18266,0.09673427879709164
18267,0.07041896108071938
18268,0.08427080505937344
18269,0.03794303201858894
18270,0.081288438909557
18271,0.0278080281769766
18272,0.1015483304035931
18273,0.32781876069771776
18274,0.04290174089772204
18275,0.26763223678031917
18276,0.07511788061057857
18277,0.03551780891994312
18278,0.08030018005472411
18279,0.18372053560403157
18280,0.045890399189700386
18281,0.00949697669124232
18282,0.0747072807150335
18283,0.039350093219790924
18284,0.016037790841576964
18285,0.05660120259221642
18286,0.04432999435257394
18287,0.044602331305217895
18288,0.10248140552153992
18289,0.14750863844457607
18290,0.15687289975770957
18291,0.020085349639952593
18292,0.03215828199048136
18293,0.029880229465332094
18294,0.07749455042517234
18295,0.02080857985201081
18296,0.028066733082487007
18297,0.06325189871320308
18298,0.05227997676877024
18299,0.1326005140743566
18300,0.012457059622731574
18301,0.038450593407044244
18302,0.12499330430601786
18303,0.09848185663399522
18304,0.06171860540044039
18305,0.22542155187697938
18306,0.03596170988784444
18307,0.05300099902960374
18308,0.05529781372795774
18309,0.06097127611670718
18310,0.04825785960157569
18311,0.18582273822011444
18312,0.07947194759380685
18313,0.027904721455117527
18314,0.028689670601293755
18315,0.0738605326375133
18316,0.03787760023216923
18317,0.014733264798313654
18318,0.04478147908367856
18319,0.03492814080393897
18320,0.08389121558025388
18321,0.06861391677731458
18322,0.06123323591737745
18323,0.04033283546771464
18324,0.03296656254645919
18325,0.030056685312144747
18326,0.052018371241189604
18327,0.031136857482282506
18328,0.039039564928181565
18329,0.09188885895795536
18330,0.053436683773306584
18331,0.04137374112452909
18332,0.04343158677404281
18333,0.20149617286107965
18334,0.03826805491461523
18335,0.03610012499856768
18336,0.14332192471322527
18337,0.18465023659320656
18338,0.09512472416592177
18339,0.1160094748236522
18340,0.06491557750970456
18341,0.01638293651041695
18342,0.10201639991954496
18343,0.02383754691939379
18344,0.03838646375736919
18345,0.0679143428015537
18346,0.009050797809420344
18347,0.022822355946565474
18348,0.029895544661134057
18349,0.04161748830023159
18350,0.11151227688406105
18351,0.01597273319007061
18352,0.08042353925259807
18353,0.04336913587045467
18354,0.029014412077731613
18355,0.028289217203789636
18356,0.029997016947532453
18357,0.026705709002306018
18358,0.20985108141564376
18359,0.2471626699951791
18360,0.09236843275518872
18361,0.04062296333260208
18362,0.07865855612639698
18363,0.06730847180725148
18364,0.023188538034666896
18365,0.024117929647109772
18366,0.020491270496442813
18367,0.11590414738854887
18368,0.029062779024117413
18369,0.041382037427059995
18370,0.035702625962037784
18371,0.10537936361983824
18372,0.016047083835541397
18373,0.039598094688001934
18374,0.04318339926977829
18375,0.13258101225897614
18376,0.017594491788458087
18377,0.024223949983127803
18378,0.07279319759934832
18379,0.0948230663648315
18380,0.09932021513532474
18381,0.3466906270417518
18382,0.04005133208065641
18383,0.04032571897067273
18384,0.06648487967332829
18385,0.02696023851362612
18386,0.014759084599749589
18387,0.01964425366154273
18388,0.07636075587522485
18389,0.022484027659135784
18390,0.012351404248382623
18391,0.06019407272180748
18392,0.04324352610782064
18393,0.07843336574024878
18394,0.1034160923625591
18395,0.068552510300387
18396,0.024567097923483557
18397,0.06355827759787323
18398,0.016180295025546493
18399,0.0651746992346199
18400,0.015620651193916936
18401,0.13133869792607794
18402,0.015154321864513057
18403,0.04255434476132029
18404,0.018069107209219625
18405,0.14440562085543213
18406,0.10038887962214058
18407,0.18212365586778423
18408,0.033898730861038784
18409,0.012982922577558452
18410,0.11381330021130431
18411,0.02597793227114206
18412,0.1587139677346261
18413,0.019022244225790987
18414,0.029213240627165175
18415,0.022234871061962855
18416,0.00863831564086164
18417,0.05913588363103123
18418,0.14456681224503906
18419,0.08755328759000355
18420,0.06577502764822449
18421,0.0423722905945743
18422,0.021721077440055844
18423,0.03423175546418432
18424,0.09605430613084603
18425,0.025564283500987217
18426,0.05985091186410019
18427,0.06736321615811801
18428,0.06548879643842495
18429,0.040364302236711946
18430,0.03497900703296121
18431,0.05254149483654916
18432,0.13813816947274593
18433,0.017696253061393247
18434,0.0945570619025932
18435,0.01743186468473939
18436,0.016896854629610894
18437,0.03056279761219237
18438,0.034959724742117795
18439,0.043354174566344855
18440,0.0227749448233071
18441,0.010773758502926167
18442,0.04576625792318045
18443,0.03195842278277608
18444,0.030741734028082
18445,0.053239841502018284
18446,0.04830214563771998
18447,0.0350482221419184
18448,0.2908794363805943
18449,0.028373080259982073
18450,0.07057895535642388
18451,0.06185799151066167
18452,0.03197774418335837
18453,0.01197037071267173
18454,0.025643826319791972
18455,0.013837053993691038
18456,0.13681016008799649
18457,0.017584487108129092
18458,0.0516318073985506
18459,0.042407684869804584
18460,0.04473948576222678
18461,0.032112473386225485
18462,0.06198616873903734
18463,0.014928195425453285
18464,0.06933009212966522
18465,0.033340208999979554
18466,0.013159813395985293
18467,0.014616921234190252
18468,0.059007481014437
18469,0.34674367939159495
18470,0.23124100653840857
18471,0.011066094107759869
18472,0.30335224283467277
18473,0.0971603099336555
18474,0.03671638875189116
18475,0.03989253033386143
18476,0.10963505874416418
18477,0.05456303797894657
18478,0.018303866035874118
18479,0.019389205140877216
18480,0.01878894550562315
18481,0.06456506461759588
18482,0.025508923019264572
18483,0.06028082367478772
18484,0.027868189603018897
18485,0.03208515648340856
18486,0.21423609049901665
18487,0.023693569833571612
18488,0.0504815456285463
18489,0.014856741825157083
18490,0.03451443753073186
18491,0.0954059959505388
18492,0.05016452856336129
18493,0.030764237176522782
18494,0.015505913897366674
18495,0.028096939881527783
18496,0.0423454167682816
18497,0.039049330794733515
18498,0.03542305004024418
18499,0.041146723592187975
18500,0.02631375774653146
18501,0.08268622216860455
18502,0.058281473136542715
18503,0.10002175609259337
18504,0.015565995216898484
18505,0.0524904897737717
18506,0.18554721156124582
18507,0.014099155781120599
18508,0.12366103031804099
18509,0.16707248089794857
18510,0.059306626393546544
18511,0.019034358659443154
18512,0.08898769438862338
18513,0.019291698671272464
18514,0.017516203745001097
18515,0.046221535406240626
18516,0.09026497958493848
18517,0.016160641740610205
18518,0.021839059168141002
18519,0.045455469376721944
18520,0.10702600394662017
18521,0.056717456275967526
18522,0.021440991012848135
18523,0.04768091188731269
18524,0.22523137212406194
18525,0.011276334868663057
18526,0.05364780134079748
18527,0.05633385627104785
18528,0.08670447678058538
18529,0.07160926150960213
18530,0.05547175901373438
18531,0.07145657256408845
18532,0.13003045759463588
18533,0.04691871588068637
18534,0.013768476040029965
18535,0.07770435431980223
18536,0.01621435958460166
18537,0.014083997400761704
18538,0.09619744475263965
18539,0.04741729112750317
18540,0.04222171793373903
18541,0.04663740061396976
18542,0.6055461013675831
18543,0.08436157884157021
18544,0.019657972146779105
18545,0.008606006063089852
18546,0.02975103640919545
18547,0.19753755158958874
18548,0.047612841201481
18549,0.01349880825905065
18550,0.04620811530913133
18551,0.053752941733251125
18552,0.03476856707820008
18553,0.013283775746227102
18554,0.13011375302514275
18555,0.05791740532586536
18556,0.01110739227523547
18557,0.1243635897958186
18558,0.06309804298829287
18559,0.14734354530118476
18560,0.14573807555056434
18561,0.11290032322696508
18562,0.12510253854422082
18563,0.02605017450916042
18564,0.011405347750596267
18565,0.1288042608866314
18566,0.309115536916907
18567,0.14254267681127017
18568,0.07186333837915432
18569,0.02057917132850272
18570,0.09986391791923777
18571,0.02088906566206869
18572,0.5496324355676696
18573,0.04328622261827143
18574,0.04856057259591531
18575,0.035813922014387274
18576,0.01736432971510201
18577,0.1346397832443338
18578,0.02210494179708542
18579,0.06023984090069701
18580,0.012543749083077814
18581,0.0866159072731883
18582,0.07998033080891424
18583,0.023203495151442023
18584,0.1642944968088121
18585,0.017878549475926153
18586,0.052656518012700035
18587,0.022919760520544813
18588,0.10474658309936616
18589,0.04303714709493487
18590,0.01258192098322682
18591,0.08576323804007371
18592,0.016485641795028337
18593,0.0274781022088681
18594,0.0157737900696893
18595,0.13632756725374212
18596,0.03208702069169093
18597,0.05791113600653783
18598,0.27990825620508697
18599,0.03493628164024634
18600,0.10567872299306183
18601,0.034181925138810375
18602,0.1106327551608642
18603,0.053790195345183194
18604,0.06362376411065412
18605,0.18869486718880388
18606,0.02131884390030489
18607,0.04484820954889084
18608,0.10127899304867757
18609,0.11337637504392803
18610,0.20121276816803396
18611,0.029810888769745372
18612,0.015920220210191422
18613,0.028983162605535562
18614,0.1325096707991293
18615,0.011592377436202984
18616,0.06587019615439763
18617,0.06939558104752758
18618,0.01966987404866875
18619,0.016471272839185633
18620,0.2896747905729423
18621,0.15710706322151635
18622,0.029487987320520735
18623,0.08579470791581137
18624,0.06902967855812805
18625,0.02772018416708123
18626,0.05448408994041312
18627,0.05134424629433362
18628,0.11312582818226227
18629,0.016440273189987902
18630,0.03923776434968351
18631,0.016198503415717408
18632,0.0417985679513539
18633,0.061347913757116325
18634,0.02401247506159771
18635,0.030178397097842032
18636,0.5939403664054167
18637,0.20870081983421734
18638,0.023465524357409843
18639,0.08629296627275887
18640,0.02635371059305463
18641,0.014093267593426231
18642,0.03617454772474207
18643,0.08678772269191505
18644,0.029050215455738725
18645,0.07687153068258211
18646,0.0288769157223711
18647,0.03695572730218077
18648,0.06285492654976074
18649,0.12856211208308166
18650,0.09512395482857536
18651,0.051119244794400054
18652,0.09315648969152368
18653,0.09486184620749237
18654,0.025584272618897917
18655,0.010428232259635567
18656,0.010659839793950104
18657,0.05875173529539776
18658,0.10326794923776761
18659,0.1063043506320254
18660,0.04042399039770278
18661,0.02645120231185106
18662,0.03185430223740532
18663,0.03304278264306841
18664,0.030225725594565545
18665,0.10152928089663832
18666,0.19845511874226954
18667,0.04403945351974976
18668,0.14587162782836874
18669,0.01667800007239475
18670,0.10804863789539267
18671,0.052526552031276035
18672,0.013585809545120519
18673,0.026093083925232772
18674,0.017977986767156624
18675,0.1875564808499576
18676,0.15030838549783132
18677,0.01569854345977
18678,0.03272671957491663
18679,0.03160582312264615
18680,0.026606862069440074
18681,0.09610715141394177
18682,0.0777703185510677
18683,0.01951616856206078
18684,0.171278417186741
18685,0.009506029926625912
18686,0.06249888017553672
18687,0.027439904989791288
18688,0.026755228062465324
18689,0.015315154187037753
18690,0.02547642074690515
18691,0.03056696009200235
18692,0.029204505099311356
18693,0.044562903125671585
18694,0.04469344282878797
18695,0.01615549004718792
18696,0.40245697310899453
18697,0.03380875651874907
18698,0.19705122946300946
18699,0.02424628433120463
18700,0.01723548251032436
18701,0.029997910696875463
18702,0.1794550588761274
18703,0.10055668295353119
18704,0.08900654362101404
18705,0.020313403388301073
18706,0.03878679394355149
18707,0.12820060370540837
18708,0.03172973405523072
18709,0.10738888559625213
18710,0.13026183236845246
18711,0.062484855573623925
18712,0.07538176761800197
18713,0.08809791255498914
18714,0.1564660838588556
18715,0.08030089154248245
18716,0.04754797271028026
18717,0.04221830235916694
18718,0.030439576156540596
18719,0.02583391007483222
18720,0.03401836129843538
18721,0.03412613354567626
18722,0.06212748452466807
18723,0.1248996134967692
18724,0.027255447519910537
18725,0.04737748242390265
18726,0.03232426866257442
18727,0.05680256281787369
18728,0.06747023428461543
18729,0.042625711684224486
18730,0.09641269657950054
18731,0.05597712689518622
18732,0.11102408694259346
18733,0.0216978757838788
18734,0.050624059107163874
18735,0.04049662113082062
18736,0.11955528000489328
18737,0.03910575499682689
18738,0.018310421211479785
18739,0.05025411098480045
18740,0.14981357007650442
18741,0.20720646333810033
18742,0.03160137562028908
18743,0.05527785357982338
18744,0.0501722807825576
18745,0.03790108037897574
18746,0.012228561284686943
18747,0.07137580450223403
18748,0.14445970546775005
18749,0.037232974008151676
18750,0.09790065393782407
18751,0.03799945049616867
18752,0.02588401056189215
18753,0.09945382974378372
18754,0.04424206955788712
18755,0.01752514116494574
18756,0.11957318617006675
18757,0.11374021849108756
18758,0.09639053385980537
18759,0.1052612817091686
18760,0.0138822930674881
18761,0.09515016183862651
18762,0.04620412845271986
18763,0.01375961365234007
18764,0.08438880528753466
18765,0.2009154770751497
18766,0.08453523297296456
18767,0.23400295664708542
18768,0.07267476383797916
18769,0.040686192212581046
18770,0.05589601076372193
18771,0.07417425476303396
18772,0.22319562615181257
18773,0.013836757064509028
18774,0.06800551936621643
18775,0.05110151115820514
18776,0.037760067130448396
18777,0.02474638605890827
18778,0.05803337462578853
18779,0.10169251632634649
18780,0.06241694042820545
18781,0.3330633594706074
18782,0.021762026239451324
18783,0.01942351895360514
18784,0.24680659356790496
18785,0.03722510830587697
18786,0.017340076364485296
18787,0.05259908331995845
18788,0.573844795245113
18789,0.016024423216526456
18790,0.10456741092061167
18791,0.01776628639651752
18792,0.09154586656615689
18793,0.08989197742285551
18794,0.19831611689437567
18795,0.08907035785478788
18796,0.025101454397238748
18797,0.40449540551042995
18798,0.02274479332012871
18799,0.011124916616414146
18800,0.07837563867718929
18801,0.025213631266066735
18802,0.2825299024900731
18803,0.07634689701725564
18804,0.009878100498180123
18805,0.10166089835361111
18806,0.038225320501268846
18807,0.01141370961643067
18808,0.11637537764673683
18809,0.03342911974412872
18810,0.020145534244619574
18811,0.03420158075153045
18812,0.015537910585570823
18813,0.011747091169227251
18814,0.04356649693297558
18815,0.08274151770368517
18816,0.053602183887216256
18817,0.052871504997205096
18818,0.04039995059061263
18819,0.13126936922832896
18820,0.04091799693105895
18821,0.10994406663009101
18822,0.043486913153196964
18823,0.02249632015784965
18824,0.11923833525694666
18825,0.06586621179938684
18826,0.1174167201606339
18827,0.07534448132945708
18828,0.018072016699193248
18829,0.045245957221506254
18830,0.0438963091569836
18831,0.157941340998521
18832,0.058489386813501715
18833,0.08429387593242459
18834,0.013325589036598393
18835,0.11916848739789049
18836,0.012246938120134245
18837,0.04685247522482307
18838,0.05791103442417858
18839,0.049784493519893655
18840,0.02065396675799094
18841,0.13276630046064997
18842,0.2848466445743545
18843,0.04936615844948836
18844,0.09304406130246427
18845,0.43699967864058725
18846,0.07500241634466767
18847,0.10669467484828368
18848,0.01419479119247457
18849,0.04369899179067724
18850,0.04211777921439846
18851,0.07608834429770543
18852,0.059974305424883134
18853,0.06715501467047705
18854,0.0318109501583366
18855,0.12372139819079367
18856,0.026792269844436417
18857,0.011668400405160251
18858,0.0374229998108612
18859,0.06922298211313142
18860,0.02451045671017032
18861,0.08626340855540966
18862,0.03439202427626248
18863,0.12469300870486356
18864,0.08936230985284274
18865,0.13812057132586678
18866,0.11379823066797057
18867,0.08005151810758543
18868,0.04235238188244132
18869,0.08733019242190189
18870,0.027154196029203135
18871,0.02944369704586903
18872,0.046122900812668496
18873,0.046849590846559645
18874,0.027758272147474956
18875,0.0268207129941135
18876,0.06735791201463691
18877,0.05575040849148323
18878,0.03272969848851875
18879,0.05173945673513866
18880,0.030821814888944178
18881,0.1250418842261164
18882,0.06236436105748191
18883,0.07819172096603515
18884,0.014083294687082765
18885,0.02571860460950172
18886,0.06418791765070919
18887,0.013577719055860539
18888,0.02227745248497028
18889,0.05271433282187489
18890,0.040491008240053465
18891,0.11732958554533957
18892,0.07881465099393828
18893,0.02559855476809676
18894,0.08223418343864496
18895,0.046569444362942344
18896,0.051754166738155555
18897,0.2839311230447525
18898,0.020297175027592
18899,0.020206958607990128
18900,0.09853549055429173
18901,0.02967486541324901
18902,0.1289835982073276
18903,0.024028439014538626
18904,0.07212715693676561
18905,0.05613492996514201
18906,0.07990346758691638
18907,0.013077746366902057
18908,0.10808625392476683
18909,0.030905892761746975
18910,0.06313962828781983
18911,0.02484737249064683
18912,0.03556618467943341
18913,0.06305296716389033
18914,0.14423893251647918
18915,0.06111586082585656
18916,0.015852164364848754
18917,0.13535065406917055
18918,0.09120799657531477
18919,0.016108169942713968
18920,0.03496304226887624
18921,0.031697721088092864
18922,0.06393961995751052
18923,0.01993901563078263
18924,0.10176677606394749
18925,0.058707280032015204
18926,0.013957130171258155
18927,0.00966696854271108
18928,0.05742342491647877
18929,0.34271434916617605
18930,0.045526928416273434
18931,0.03810381662640058
18932,0.0531452658035016
18933,0.027751991598465794
18934,0.024807336039189776
18935,0.020603630620451056
18936,0.051065244885008576
18937,0.21564354274873448
18938,0.020467122767000905
18939,0.06902200389134128
18940,0.031514489260646754
18941,0.042799946515161655
18942,0.04257813495310474
18943,0.051587188621448135
18944,0.03910711362091107
18945,0.12842727356986475
18946,0.023507534004893797
18947,0.025449742404997158
18948,0.02741246481212139
18949,0.033114099652150265
18950,0.0764855697270991
18951,0.08135288901392432
18952,0.030837487143144684
18953,0.062134785320669905
18954,0.03911678859026979
18955,0.03819182498924265
18956,0.030043588645795115
18957,0.029219245207093437
18958,0.06948216151386538
18959,0.10154723822609714
18960,0.057017369565418405
18961,0.03496691888276477
18962,0.039097623439198474
18963,0.06784240101651513
18964,0.034988574500216155
18965,0.26520429280456076
18966,0.03927470407969652
18967,0.01605028259504164
18968,0.029413878952823727
18969,0.01239977705005192
18970,0.032362581028579626
18971,0.19423859305093305
18972,0.038188307559755906
18973,0.3189914680217274
18974,0.04012960486200388
18975,0.01582677759030536
18976,0.02075681314257965
18977,0.02515785800614479
18978,0.02714256871177456
18979,0.04951011510248265
18980,0.08507937597472927
18981,0.025113473267773974
18982,0.03003707374489057
18983,0.026962168837711784
18984,0.01695306227680655
18985,0.02264984257449565
18986,0.05624957137110676
18987,0.0364082514318223
18988,0.01598963969489433
18989,0.024509607743821528
18990,0.07692978363661246
18991,0.09134694292463583
18992,0.02110067930824389
18993,0.07299684833330841
18994,0.02678618704498332
18995,0.01631931343532624
18996,0.011853714356140067
18997,0.031944725888788425
18998,0.013754703978974464
18999,0.01921976862979087
19000,0.028089968996041766
19001,0.03192341663776845
19002,0.022895029363155052
19003,0.12233415738359893
19004,0.12132343123993848
19005,0.25712238624705663
19006,0.029819910765770598
19007,0.14605597580006707
19008,0.07610848979869517
19009,0.08623794870442074
19010,0.04473066195976665
19011,0.09262610075281079
19012,0.019808964577933928
19013,0.05679500395755585
19014,0.04581190647163031
19015,0.014580043870501061
19016,0.2541200780803808
19017,0.2349726035994738
19018,0.023337958522237766
19019,0.02999141940699942
19020,0.03649608297646746
19021,0.01887357109619353
19022,0.1584360631463172
19023,0.01719001581071533
19024,0.03686496819790579
19025,0.15099647811633382
19026,0.0752933402552416
19027,0.041968049368461664
19028,0.09020082942922546
19029,0.029155439351320124
19030,0.013479384140500254
19031,0.03640821840561682
19032,0.009746991316506574
19033,0.014726074913935943
19034,0.02119202197662902
19035,0.06099120703005792
19036,0.061970873613515824
19037,0.02188774959576777
19038,0.02882574296822786
19039,0.018243455000299894
19040,0.0350844871862898
19041,0.09754777669140638
19042,0.04096973677274239
19043,0.07790866164269047
19044,0.04510155794747632
19045,0.021835298656499705
19046,0.016251666756008948
19047,0.03245820367817203
19048,0.09070510219870645
19049,0.030140027822817918
19050,0.07594445688306234
19051,0.03884934239601303
19052,0.04698842402696714
19053,0.027659924922909813
19054,0.17111199925956488
19055,0.015753697050780162
19056,0.036424111070149694
19057,0.03358131971656991
19058,0.026161071807437025
19059,0.24687366933785537
19060,0.1861745028999017
19061,0.06360363229043438
19062,0.04432979577263487
19063,0.029406186782534087
19064,0.02098082381673666
19065,0.15761596591918386
19066,0.10883258173287531
19067,0.01813122400216334
19068,0.038042375418171896
19069,0.014466571414864378
19070,0.018198080784084643
19071,0.038395710784384925
19072,0.2691882694800427
19073,0.018830598524472084
19074,0.07083518971021564
19075,0.02844401760469801
19076,0.03011097758129348
19077,0.11030220750394064
19078,0.024229041014206476
19079,0.10113337088582941
19080,0.27108077964767274
19081,0.01729046163070089
19082,0.11187208712394459
19083,0.06826848766724354
19084,0.02599552688340646
19085,0.10227280216303865
19086,0.01805403008441234
19087,0.022890444725281164
19088,0.08971514371496925
19089,0.11745804368569002
19090,0.2313267809916486
19091,0.04851071867631343
19092,0.021948176348579613
19093,0.06942343993663319
19094,0.07233087472984139
19095,0.032839523210750184
19096,0.49876611769501134
19097,0.02975358671098693
19098,0.025030999538791614
19099,0.04491389525141834
19100,0.04046243456903111
19101,0.10099861293967187
19102,0.15775751416231418
19103,0.12099843283123647
19104,0.03883367248332861
19105,0.0367214167433007
19106,0.01130676031857423
19107,0.012606528579158196
19108,0.015005013130179858
19109,0.013511703687895572
19110,0.221742010876149
19111,0.015444754412933982
19112,0.015917835172502417
19113,0.102515999946237
19114,0.025384938814998242
19115,0.046194720217093206
19116,0.02260711479495927
19117,0.026723162207817466
19118,0.013145047498257057
19119,0.282002224051651
19120,0.026070523682759243
19121,0.10429329006137272
19122,0.013232015865892392
19123,0.013166335131044392
19124,0.034499825228856466
19125,0.048071528274638536
19126,0.04365018587245719
19127,0.06662254121888492
19128,0.1018207826940433
19129,0.02664146673335593
19130,0.009889537140953203
19131,0.06530715371954726
19132,0.02966366966895264
19133,0.06808295585427958
19134,0.03248374122283646
19135,0.04049675798997617
19136,0.014540828337305354
19137,0.04865234924782876
19138,0.015457906161491014
19139,0.01776015783351439
19140,0.17018811025143438
19141,0.1298721886474133
19142,0.04105585330052684
19143,0.021590099437092312
19144,0.025702196669300872
19145,0.02764506493411559
19146,0.08831830692776943
19147,0.1471186830396014
19148,0.06564511048812502
19149,0.04609682060718726
19150,0.030957945165043292
19151,0.012792221981202037
19152,0.050294769550638135
19153,0.09586988317019568
19154,0.11485392840369532
19155,0.03308043166064253
19156,0.05576035050986554
19157,0.017442629779377227
19158,0.024209222062752535
19159,0.04153226350841063
19160,0.0465659687629202
19161,0.17995171312869251
19162,0.08769216089688392
19163,0.03319221948569637
19164,0.07636971026512449
19165,0.03156590515268588
19166,0.021825920919957525
19167,0.1199876014117473
19168,0.08864174500940922
19169,0.09486546431047745
19170,0.09981212642081524
19171,0.04799985682299471
19172,0.02508805005059756
19173,0.032973816092072596
19174,0.06666425470374379
19175,0.014180137815628765
19176,0.07283385170899788
19177,0.014685166475996464
19178,0.021604120125476314
19179,0.15887586422629568
19180,0.4631592952401605
19181,0.13534873301922962
19182,0.11863717102902842
19183,0.20159513172951365
19184,0.019424069035986775
19185,0.03464361154163073
19186,0.034267158695346744
19187,0.040013582159463226
19188,0.08443402567217698
19189,0.058661890537813635
19190,0.03957473937417625
19191,0.018771176807028018
19192,0.0938884126764926
19193,0.019538155630562225
19194,0.07903415841550358
19195,0.04396931405420229
19196,0.061179893325451006
19197,0.0708649174404401
19198,0.016488776827444537
19199,0.07702345181539516
19200,0.04471526293823033
19201,0.033416853125243035
19202,0.32583602790657185
19203,0.06565976712879237
19204,0.11825352677567272
19205,0.042943573478454594
19206,0.0489785020727889
19207,0.04965590609505119
19208,0.008083792119015297
19209,0.042962655678800796
19210,0.11217166129273451
19211,0.014094558475121617
19212,0.19493810914696375
19213,0.03757221555362811
19214,0.047493321407096695
19215,0.02848146118180005
19216,0.04689191085647868
19217,0.24484481841882144
19218,0.01849732875359736
19219,0.09747553871646787
19220,0.05529466108940169
19221,0.03806132787990212
19222,0.019720303484324398
19223,0.10165839643743266
19224,0.037264105906996685
19225,0.018198859074517175
19226,0.17106364324963608
19227,0.07784844613469583
19228,0.2243880830235118
19229,0.014443051509439628
19230,0.07162492426824368
19231,0.01910520570962149
19232,0.027354162144506124
19233,0.1842746321545956
19234,0.048087948580931725
19235,0.013456311858903903
19236,0.030626702406618665
19237,0.020378181986598683
19238,0.01819770955337721
19239,0.09098565027872042
19240,0.0770527990419909
19241,0.22118668444631923
19242,0.08158969802229643
19243,0.18008026838307825
19244,0.17951525015459793
19245,0.012700788416902243
19246,0.05915516047498996
19247,0.028425166556767488
19248,0.011423188327615477
19249,0.14520568065753783
19250,0.051347854305208454
19251,0.03194648514096186
19252,0.07027047887755025
19253,0.017157866922097108
19254,0.05358983625540712
19255,0.0496200208732391
19256,0.06842368292873152
19257,0.07044168777636955
19258,0.015211486409245531
19259,0.044580255754767636
19260,0.01916274190910099
19261,0.043018653564629555
19262,0.01674691525847706
19263,0.030431596371586957
19264,0.07503098436566784
19265,0.02621925690825923
19266,0.13220951658883137
19267,0.03185201353801882
19268,0.05979519925877412
19269,0.10655517241381707
19270,0.016047404417681564
19271,0.019448365269353028
19272,0.018624673807219282
19273,0.04026493811153793
19274,0.022529435543157783
19275,0.10817758159471311
19276,0.028582742508777122
19277,0.03026302683682044
19278,0.07116077318940266
19279,0.018607736515542088
19280,0.034905149692557355
19281,0.10588971897158792
19282,0.03188562063001936
19283,0.05360862742741774
19284,0.01408346906401995
19285,0.1696907599474615
19286,0.1001303040007257
19287,0.3901752662433291
19288,0.035649775911896164
19289,0.01079284824223668
19290,0.03246073977890891
19291,0.06905552145441761
19292,0.031528887032107
19293,0.033611352916055104
19294,0.04520299939345972
19295,0.052185423367778996
19296,0.08149141428856099
19297,0.10569324695370179
19298,0.07776572470635755
19299,0.02439424902012565
19300,0.1400928974136674
19301,0.016972394609584412
19302,0.022410467018279437
19303,0.16749345204514562
19304,0.13931819192402017
19305,0.01255557137447302
19306,0.03758190649674802
19307,0.12581059297619035
19308,0.022255688447907013
19309,0.03932354450757567
19310,0.03684847063836377
19311,0.03001944537831724
19312,0.037207515104661734
19313,0.07064121165881429
19314,0.010099941757671024
19315,0.013814368662629835
19316,0.14821907599466297
19317,0.061426173506934724
19318,0.010589807234287934
19319,0.08794826602103153
19320,0.08865694956456627
19321,0.08475078188030355
19322,0.08627976317441896
19323,0.03694413499408741
19324,0.021031503273497145
19325,0.031547915191582655
19326,0.022185560127358932
19327,0.03423360092113136
19328,0.1766539186278515
19329,0.03637920803772596
19330,0.04321151001415944
19331,0.020798888112364463
19332,0.012430547377525965
19333,0.03604370905770492
19334,0.07716923933344422
19335,0.07217342495492332
19336,0.025719618156555348
19337,0.027148926630987093
19338,0.029368200756875615
19339,0.013870058271426091
19340,0.0910325381961708
19341,0.12856140649050438
19342,0.02910860787834512
19343,0.10305047935976377
19344,0.04722265920777245
19345,0.027206638535492208
19346,0.09318592911594778
19347,0.10853896113853084
19348,0.01668493101371277
19349,0.04306581571266512
19350,0.030377027670085367
19351,0.03950659785716289
19352,0.10548253903733193
19353,0.720441558824277
19354,0.08447441943123506
19355,0.03131409878416487
19356,0.20721166799687835
19357,0.01633805185797522
19358,0.017046768161479375
19359,0.2809741105140791
19360,0.04281566195145534
19361,0.016871891592847583
19362,0.3994358615871818
19363,0.028604141851164767
19364,0.024399643731166643
19365,0.1214535290619004
19366,0.075783245611453
19367,0.031164799083560832
19368,0.10096440695506202
19369,0.2562894727421614
19370,0.04151399658910596
19371,0.12540400749452799
19372,0.04465458478279841
19373,0.024140070817583993
19374,0.1828005002491968
19375,0.03201493920956786
19376,0.032000259689038156
19377,0.12755527076540038
19378,0.09078159556767468
19379,0.031660397259657455
19380,0.08022691770742775
19381,0.12220782063255684
19382,0.028966707240066007
19383,0.18510396439070284
19384,0.028567950519321428
19385,0.012441418805647099
19386,0.0955506728120522
19387,0.06632372178020614
19388,0.065701400660179
19389,0.023591299629651896
19390,0.13647755300811104
19391,0.03003277910385997
19392,0.06547272736260473
19393,0.04166854766220393
19394,0.09153139115070467
19395,0.02978450751596468
19396,0.0505382109454168
19397,0.03445094674731002
19398,0.1302451485652136
19399,0.012652980531901288
19400,0.08603195933392685
19401,0.028968183273033445
19402,0.22616550838548166
19403,0.0784191051019823
19404,0.3155454732337711
19405,0.04399692727651749
19406,0.029276157657620316
19407,0.06262026385294366
19408,0.03196580252393569
19409,0.05505537261407893
19410,0.07227749363773185
19411,0.050460424262680915
19412,0.04726025696813758
19413,0.05971818934245379
19414,0.3160555196785447
19415,0.01702775247779019
19416,0.0464441475903594
19417,0.058871000604565286
19418,0.04404783114679423
19419,0.08969262298562829
19420,0.03096932553523274
19421,0.01970048261208218
19422,0.018279334897092037
19423,0.02717274982682692
19424,0.025795306086196606
19425,0.017942037860421443
19426,0.014867724954151808
19427,0.02257681839374683
19428,0.021438069874190516
19429,0.13317514134128267
19430,0.06213295156312965
19431,0.05689977136988367
19432,0.11796084942904257
19433,0.08266083724754167
19434,0.13103174449317226
19435,0.05739941887159916
19436,0.042414020231643736
19437,0.05703299012053448
19438,0.07334947149602163
19439,0.1633711317726217
19440,0.12042347257280225
19441,0.04726748604547464
19442,0.03288008704688665
19443,0.05533572532873459
19444,0.03521454397175569
19445,0.02362489149843198
19446,0.01909694396645883
19447,0.19874791645749296
19448,0.10883508503737928
19449,0.03675907558184822
19450,0.022859111347386833
19451,0.029597347375340984
19452,0.07419769571213192
19453,0.02949348119014359
19454,0.10611263748208855
19455,0.023654091497263524
19456,0.017678020444912863
19457,0.07809442913745096
19458,0.0147852032639811
19459,0.03315899179677219
19460,0.037049639682597314
19461,0.024926229907744762
19462,0.05154609322802099
19463,0.08041214431535182
19464,0.0619549208228305
19465,0.015841060373788088
19466,0.13672128554083618
19467,0.020091932676128636
19468,0.07411762985197345
19469,0.0629972362528331
19470,0.050748762602202985
19471,0.06178317110250685
19472,0.04985929567622713
19473,0.018441132471153168
19474,0.022623986327913743
19475,0.06023526561358308
19476,0.15236657761725667
19477,0.025628511801049712
19478,0.014042883355921335
19479,0.01635153985014774
19480,0.08210308675289847
19481,0.16410867727346612
19482,0.031183889014164228
19483,0.25053819902511015
19484,0.049876804616333745
19485,0.033655020718029414
19486,0.061664116230321905
19487,0.03752978167572551
19488,0.013370158697175102
19489,0.02038823404778231
19490,0.016787857286254322
19491,0.10244548428019964
19492,0.0503225404957724
19493,0.06814320008639854
19494,0.020789139085824436
19495,0.044483961858450806
19496,0.06069815053941084
19497,0.016945684794604607
19498,0.024636782159475366
19499,0.009000951024999253
19500,0.05221298778348968
19501,0.010727163191129555
19502,0.01844167744982625
19503,0.023675037526322416
19504,0.019232676855237135
19505,0.11084082217625948
19506,0.01204153189312336
19507,0.05880831518799344
19508,0.03988281927214969
19509,0.03400757473899037
19510,0.0233234070236297
19511,0.1556607069390709
19512,0.07295480601351412
19513,0.010360058506838243
19514,0.04417436762580245
19515,0.03193712737709975
19516,0.02809700825826044
19517,0.06493313706488002
19518,0.03853943068901951
19519,0.07160376547545938
19520,0.09662076605442477
19521,0.028884072147494597
19522,0.2785594787512723
19523,0.30225240880311355
19524,0.13882149033099683
19525,0.033829024865947105
19526,0.06572156644445706
19527,0.15075101396998486
19528,0.02515956145655507
19529,0.012758101214925528
19530,0.017684319094744348
19531,0.14122802258520037
19532,0.08014772315661971
19533,0.012276669414682249
19534,0.34999772040944627
19535,0.11129251349487566
19536,0.04976395052796911
19537,0.03114340731220926
19538,0.04587350546439376
19539,0.020635758658051666
19540,0.02472207449530699
19541,0.09158675850585635
19542,0.020325147107194335
19543,0.2545629627643554
19544,0.038092727791150964
19545,0.16261499193619314
19546,0.02020356547924134
19547,0.13288884836275683
19548,0.07635218708279257
19549,0.08243489427019791
19550,0.022043817398069848
19551,0.02137177006009079
19552,0.06910842141763598
19553,0.03974410395674713
19554,0.06620128055152993
19555,0.0339477329121383
19556,0.5530147139918333
19557,0.024676879230821985
19558,0.03211700839016956
19559,0.034832315123669445
19560,0.27451786348848844
19561,0.0234462606062806
19562,0.020081221871912663
19563,0.032728291185387594
19564,0.020705402305445247
19565,0.02491400421743504
19566,0.038691502882010655
19567,0.06690792085502267
19568,0.2531490066735835
19569,0.1359561375743205
19570,0.05760150348122552
19571,0.024706800176423543
19572,0.01553801635628147
19573,0.031204175881783668
19574,0.07386562358765535
19575,0.0553806023772972
19576,0.04320269358584161
19577,0.27190939692291916
19578,0.07766968461996672
19579,0.03887121579747442
19580,0.0328119279304474
19581,0.16536109838874646
19582,0.06719108361866008
19583,0.027406370717638368
19584,0.0246825676052112
19585,0.06408888109567204
19586,0.04307811761427348
19587,0.030824180774330495
19588,0.07378562932508143
19589,0.03158671591620038
19590,0.03753596264201284
19591,0.012400735887755735
19592,0.02344953849904726
19593,0.043652806825201666
19594,0.05687925048853061
19595,0.02297155260053813
19596,0.1396052090079959
19597,0.04620995684977248
19598,0.07994060022874058
19599,0.0998088600596295
19600,0.0917510736589601
19601,0.024594070841416942
19602,0.06905477615722733
19603,0.048342616460134165
19604,0.07809413632809556
19605,0.049438542113859736
19606,0.08589728145174234
19607,0.016751276042248305
19608,0.06224969157758116
19609,0.08083468257429345
19610,0.01839143682445634
19611,0.0695142875985417
19612,0.1249923669762459
19613,0.03418209697768729
19614,0.02337739631806387
19615,0.011245924647123678
19616,0.062153066295332154
19617,0.022334089683221973
19618,0.26442461622804436
19619,0.04638201548102408
19620,0.013965188629978309
19621,0.06492289631411077
19622,0.09194114080274544
19623,0.054921958890927644
19624,0.4291554069171526
19625,0.032700183392869106
19626,0.023918078382163054
19627,0.35611307922886326
19628,0.070135073813323
19629,0.07966959428560703
19630,0.05013334075404057
19631,0.02286693559018377
19632,0.0922380685086859
19633,0.0906729345477589
19634,0.11330322279013866
19635,0.11686566260850254
19636,0.034614876943268244
19637,0.009174790819092875
19638,0.03214804039071448
19639,0.03237938277847537
19640,0.01966797302246551
19641,0.24245709224826612
19642,0.04726665602573845
19643,0.09756836592832917
19644,0.042242032697661795
19645,0.0860306924059269
19646,0.030117208658558103
19647,0.13506251630876054
19648,0.038551384811050006
19649,0.05501487379747024
19650,0.021797096761957322
19651,0.024499150814128248
19652,0.02091822992035254
19653,0.07267822078546755
19654,0.05205888707623791
19655,0.04939832530570571
19656,0.034739775263908
19657,0.04637023737842513
19658,0.026348813604633613
19659,0.08908636277609135
19660,0.035265000884734256
19661,0.035388719960074505
19662,0.05078718488571886
19663,0.01763292219598927
19664,0.04130955089697497
19665,0.017424375562341114
19666,0.03703328113173976
19667,0.053612090172553556
19668,0.40199626592050713
19669,0.02912063153851952
19670,0.0942028140658211
19671,0.11985724842290191
19672,0.09946859829116889
19673,0.0740892630784534
19674,0.13082114459319433
19675,0.07809653577815943
19676,0.033169012266022986
19677,0.11164134212517364
19678,0.019617144247463428
19679,0.021628846770299064
19680,0.05468064992809424
19681,0.0699347067864788
19682,0.03380055105666781
19683,0.01373207477108018
19684,0.048081775503506625
19685,0.017484654075553146
19686,0.023287643979231488
19687,0.1308737650462553
19688,0.06917912981377239
19689,0.07899705328672449
19690,0.014362439068539032
19691,0.03135305003005094
19692,0.04551706135695901
19693,0.1793165199730242
19694,0.04713913168174394
19695,0.021298445236622332
19696,0.027806966784579078
19697,0.01874085925895901
19698,0.024479187638623917
19699,0.036598445571674236
19700,0.030738845198697413
19701,0.0146540648367487
19702,0.03164806180252652
19703,0.08624121370297536
19704,0.025631549339934733
19705,0.08019174363655496
19706,0.02326384150856629
19707,0.01939597237375946
19708,0.058138852280243195
19709,0.1574289703822298
19710,0.09598887002929062
19711,0.009341412665018598
19712,0.012030246752405216
19713,0.0751526335378086
19714,0.07962655342597495
19715,0.011443378159888225
19716,0.13548835304419152
19717,0.11673021418023719
19718,0.013374073605775992
19719,0.06286824367802195
19720,0.2941066594189474
19721,0.01807115841407109
19722,0.031515255917737114
19723,0.10154615791261132
19724,0.22694973408280758
19725,0.028969752050895123
19726,0.014603832556804856
19727,0.14220049291579304
19728,0.0557302201231004
19729,0.022480777622369275
19730,0.08540220243051451
19731,0.028537695131326875
19732,0.026917174144934816
19733,0.03220015754372328
19734,0.03722059865498442
19735,0.011909758521465464
19736,0.2620798969905055
19737,0.12978545353467158
19738,0.09386394462585876
19739,0.14636507817973252
19740,0.0632069774710505
19741,0.04264131278712022
19742,0.05917820071779459
19743,0.022163167331604616
19744,0.07428397445533008
19745,0.03546776702866482
19746,0.023952206980294072
19747,0.04871072293054428
19748,0.12606122254243152
19749,0.007826627784002524
19750,0.0632068551327745
19751,0.02194115104642657
19752,0.15350037687197443
19753,0.09776487551217944
19754,0.058394076962799676
19755,0.18531448713118326
19756,0.01667289982954162
19757,0.10657284452338545
19758,0.09125488298973236
19759,0.03647811563894716
19760,0.020184436579033672
19761,0.017142099330948315
19762,0.024995577015917453
19763,0.16798569843713673
19764,0.041649041221611574
19765,0.04402773385096901
19766,0.03170866469767575
19767,0.06012118293826925
19768,0.039725190677042777
19769,0.03678397754888847
19770,0.059225113491577955
19771,0.056125775511925914
19772,0.028665609651244102
19773,0.008651473171260736
19774,0.0511763213259265
19775,0.11272501482508128
19776,0.02708661732893434
19777,0.029041502317250577
19778,0.024728266928259822
19779,0.06623199805947938
19780,0.0653825228279224
19781,0.08333227257420031
19782,0.042032637597839026
19783,0.053718829826973
19784,0.016017780801378115
19785,0.057253881083631386
19786,0.05257690139906012
19787,0.07872275113800185
19788,0.11042163913167799
19789,0.031059885979605177
19790,0.11558981513006601
19791,0.04194733907573177
19792,0.06735854667413751
19793,0.031224701808848038
19794,0.0382308360632339
19795,0.02957888701554463
19796,0.138766920097908
19797,0.02272122800764314
19798,0.11168051622852088
19799,0.05634844020532124
19800,0.05881813123593842
19801,0.032100907577730264
19802,0.013910961766622675
19803,0.17031107022181807
19804,0.016505046654607086
19805,0.11680334116745239
19806,0.0777818714434415
19807,0.02021295929462298
19808,0.022211319218784727
19809,0.029826671048174984
19810,0.02113957981333355
19811,0.028740057013692828
19812,0.1957945296912016
19813,0.02214405723669386
19814,0.02631214159821018
19815,0.061005716444406714
19816,0.1393827595329699
19817,0.010875847227953138
19818,0.03781657681034662
19819,0.1338275888026706
19820,0.022201486385786534
19821,0.04598203731831778
19822,0.05086611588963947
19823,0.02989208615776751
19824,0.07594956071396888
19825,0.009498858131002593
19826,0.049113220436886
19827,0.06059605910571643
19828,0.0965822092242298
19829,0.1403091982298202
19830,0.08165105370581263
19831,0.06079248405437776
19832,0.050737481863124316
19833,0.21471800692501614
19834,0.12102517394556842
19835,0.014977415821670248
19836,0.022452749313259614
19837,0.042240374657023946
19838,0.01329576643388889
19839,0.028134360541150503
19840,0.050586443307520254
19841,0.06557856632360728
19842,0.14489159219097436
19843,0.0757016143994615
19844,0.16989917059943246
19845,0.059906899706040385
19846,0.11177532404250354
19847,0.070399183400537
19848,0.095026413854168
19849,0.2048612287552926
19850,0.07748225456224739
19851,0.038734248358008115
19852,0.02257764310631563
19853,0.0268710132372805
19854,0.014970031650524008
19855,0.14681275074045924
19856,0.05983822635937626
19857,0.029107033364804025
19858,0.03974454828226133
19859,0.24502587369194756
19860,0.052320099926839635
19861,0.04174422321478956
19862,0.025225684529425627
19863,0.10794315635241108
19864,0.03418527442727985
19865,0.11533096145124228
19866,0.08478088364186051
19867,0.18655893133618912
19868,0.07546441316186132
19869,0.020114573316427707
19870,0.1640003388060925
19871,0.04422741347308661
19872,0.03398296996269845
19873,0.03472951821518264
19874,0.14481245197432896
19875,0.21691967751033303
19876,0.03120885722743652
19877,0.04847120293119313
19878,0.02984422076379005
19879,0.029231890352572936
19880,0.02063464013519596
19881,0.11310601216933716
19882,0.02815182099789175
19883,0.010347607697205614
19884,0.0340048973322739
19885,0.03848928129646571
19886,0.02036196037509387
19887,0.03100975063127363
19888,0.02309131615745083
19889,0.06747020803830378
19890,0.06583366647531856
19891,0.026538378716090813
19892,0.06927691986533911
19893,0.02604963567180966
19894,0.01982831296209537
19895,0.02370650598953288
19896,0.03523319396280716
19897,0.009180498314504506
19898,0.045236278564313254
19899,0.037322800768270256
19900,0.03792523577348449
19901,0.03414522000225849
19902,0.043678819310893485
19903,0.04088779082408771
19904,0.01940585154201742
19905,0.3725584297531844
19906,0.12978952018200007
19907,0.030997985818604135
19908,0.021803233481915332
19909,0.03099275992443424
19910,0.048892661033165884
19911,0.044933766156146825
19912,0.01948251195356861
19913,0.0635325999823941
19914,0.023343162908443356
19915,0.10150775264305348
19916,0.05820726283809332
19917,0.007966229413334223
19918,0.04456901609892829
19919,0.030852145569845658
19920,0.5090093855663055
19921,0.05204899334326463
19922,0.019481225187642514
19923,0.012519401234400665
19924,0.03774639026199022
19925,0.02239118783922539
19926,0.0364051972020389
19927,0.017407784886613965
19928,0.07336603012342416
19929,0.04939152351896616
19930,0.7293187039413055
19931,0.17702220553056397
19932,0.18517856771463875
19933,0.014384300106917384
19934,0.2574520514360111
19935,0.038877652517057965
19936,0.025889624160047562
19937,0.07019346996706373
19938,0.11143710780138612
19939,0.025957280719572245
19940,0.05851254623418957
19941,0.02778885916782034
19942,0.3011230722005236
19943,0.028972717121575238
19944,0.0381180537254021
19945,0.11188684888884612
19946,0.020823327283276627
19947,0.062452756172330474
19948,0.029311503555645702
19949,0.030525109667604418
19950,0.11856908214902678
19951,0.02477447409150802
19952,0.008241582499024128
19953,0.011959258039718354
19954,0.08013455372338583
19955,0.04203799131038981
19956,0.03192799791035772
19957,0.03548233816510589
19958,0.040188789103747326
19959,0.047433888317667226
19960,0.019268269208256163
19961,0.017333336458960173
19962,0.03850006980755948
19963,0.1728106961781271
19964,0.08814658481903725
19965,0.034551334391153855
19966,0.0593802110826371
19967,0.04856727822956931
19968,0.07178694364846606
19969,0.02141075143136947
19970,0.06175978012280667
19971,0.11305008911054047
19972,0.07205223071461203
19973,0.04537672730153552
19974,0.02914548355861728
19975,0.06855545272342083
19976,0.017419755917408054
19977,0.09193860857949723
19978,0.06578164216609149
19979,0.0443688516196675
19980,0.028301186750838103
19981,0.03256026569744958
19982,0.10344978695892867
19983,0.02833150913981445
19984,0.03564199214831769
19985,0.10773074833328412
19986,0.02378310256764079
19987,0.15770040430840532
19988,0.015435299127929071
19989,0.04350620387023557
19990,0.015099472024949677
19991,0.04061113740496107
19992,0.08122232375569302
19993,0.028606829805553097
19994,0.05606006354599459
19995,0.36588413698919353
19996,0.02698739219110889
19997,0.1110743495428527
19998,0.27175555441957994
19999,0.017586178883296253
20000,0.013408079316966148
20001,0.010806431809540622
20002,0.019694964782926642
20003,0.06337910469105622
20004,0.08954226474507047
20005,0.04764697524426034
20006,0.06854958301942328
20007,0.027297562842974327
20008,0.040378281259337484
20009,0.18743084463790005
20010,0.019968050470739747
20011,0.019782362907848135
20012,0.02422299245422788
20013,0.01634042152233895
20014,0.023541271563764423
20015,0.08254186232706655
20016,0.026665753387390467
20017,0.03690981325519123
20018,0.026589945363487466
20019,0.04999689136905662
20020,0.0336168740420458
20021,0.044373552386335044
20022,0.0269767682398535
20023,0.03132935792790599
20024,0.0811814942333976
20025,0.04379360709396444
20026,0.06622417042665456
20027,0.1275941647391712
20028,0.12593821196999225
20029,0.012876065375937351
20030,0.05750948273224875
20031,0.01753783524757287
20032,0.12421495449964481
20033,0.013230303326669095
20034,0.02051758892544782
20035,0.024605682261445248
20036,0.024342327111956538
20037,0.039773720253704896
20038,0.0628819973097949
20039,0.05919968729209352
20040,0.33729396253817034
20041,0.29830946420030097
20042,0.020768878304384564
20043,0.07094352830853067
20044,0.03577892049962629
20045,0.019275283007464374
20046,0.06787461442270291
20047,0.059957345001172585
20048,0.1932652263988075
20049,0.03890593805317657
20050,0.05735961087805189
20051,0.08308621756153904
20052,0.029099829899508177
20053,0.030058480363902264
20054,0.02411423062461314
20055,0.1331400266121675
20056,0.03926275818262366
20057,0.044008640360208316
20058,0.081446681449036
20059,0.11776460637361992
20060,0.013430165134459231
20061,0.026498203928710287
20062,0.03828232575118682
20063,0.04594641280910615
20064,0.04448768217171012
20065,0.02820869208601636
20066,0.3652780136562875
20067,0.06818971692005805
20068,0.14984011656293378
20069,0.028340237429690572
20070,0.011401162528432053
20071,0.32579678303384213
20072,0.02157540886844634
20073,0.09035115631755418
20074,0.09641871777050907
20075,0.038246402058389514
20076,0.05929870393697567
20077,0.0365864356588521
20078,0.01934186091245702
20079,0.09820565324575166
20080,0.06501025922713215
20081,0.035779350102557936
20082,0.038044767986384335
20083,0.05268404932281937
20084,0.0824001675107429
20085,0.021070530948733714
20086,0.06615115677183908
20087,0.025650987313327784
20088,0.04268420617893144
20089,0.13825171706581618
20090,0.0816955875976632
20091,0.07077140765762473
20092,0.06235235690652628
20093,0.0381713107879895
20094,0.09594189014339702
20095,0.2374895390204471
20096,0.01843306820281312
20097,0.13559976920667297
20098,0.08922062788873221
20099,0.23180765692501726
20100,0.03324842990841805
20101,0.025350053446162247
20102,0.04563275297162603
20103,0.3443228983844233
20104,0.02660413094725264
20105,0.05196666416268864
20106,0.06978251485448818
20107,0.015002315103551163
20108,0.049778397677434846
20109,0.032880193910957284
20110,0.0323321518827033
20111,0.02915534839844947
20112,0.08094232286702127
20113,0.03512956474479955
20114,0.054529649086833484
20115,0.6094627748324668
20116,0.059138210126213536
20117,0.2469152723415759
20118,0.134762138995283
20119,0.05853391031616494
20120,0.027262087125666426
20121,0.06201421414065285
20122,0.06838851847101553
20123,0.023445440625532537
20124,0.025645468615692824
20125,0.01100915873823089
20126,0.038552905037410774
20127,0.015468997639622204
20128,0.0724706611436759
20129,0.11284141834327022
20130,0.012563332657268585
20131,0.019156155149591077
20132,0.0683426838023799
20133,0.058264288316157785
20134,0.012424683141601719
20135,0.10044359541133058
20136,0.054971876728025906
20137,0.3030708631776985
20138,0.06493814624114078
20139,0.10563527657348443
20140,0.047285689139131865
20141,0.050874771380583515
20142,0.04421654468251027
20143,0.03021470089525332
20144,0.015652687243657745
20145,0.038791228528470535
20146,0.14990273266095575
20147,0.026546973805776634
20148,0.03273546332285857
20149,0.029830851785080048
20150,0.09494839318707449
20151,0.05348153771599716
20152,0.013929528158436464
20153,0.03904758574351107
20154,0.026123073256884996
20155,0.12784122337833378
20156,0.10701792878051611
20157,0.02173255505579957
20158,0.052746123707885506
20159,0.04122670059658131
20160,0.11502753735296245
20161,0.054310705565505636
20162,0.03685540832717395
20163,0.10106492459969539
20164,0.04517578007208681
20165,0.08049359417796138
20166,0.020427515977771846
20167,0.018297810001462432
20168,0.072649510254643
20169,0.4072293855791249
20170,0.02713641350831256
20171,0.10047915689703533
20172,0.012362515304203459
20173,0.05627749026612949
20174,0.04513356167101452
20175,0.0305291073287791
20176,0.009247390852643195
20177,0.0663497144134889
20178,0.18715196444555676
20179,0.025658909699344416
20180,0.0531674737336093
20181,0.0725370619584771
20182,0.013948636613614025
20183,0.07279513790534618
20184,0.051826632233860886
20185,0.03488822164409289
20186,0.10633878040625899
20187,0.0260871056194893
20188,0.01813341779531932
20189,0.030590898683141996
20190,0.07371380904497228
20191,0.022802910470988785
20192,0.032864423154446216
20193,0.03200453264653809
20194,0.03234283603188809
20195,0.03676824098465302
20196,0.023393796989938563
20197,0.0232043815331787
20198,0.13806015535366525
20199,0.058963801580004874
20200,0.12663816737983033
20201,0.04011188563346224
20202,0.03333735397980012
20203,0.10551903991116283
20204,0.04545757331073766
20205,0.0244234845558188
20206,0.013308777262574883
20207,0.05281031863613338
20208,0.06844775046410781
20209,0.019689852037769635
20210,0.026457993550998066
20211,0.06281856429346447
20212,0.0218951740362584
20213,0.043045625361764775
20214,0.03545461907532504
20215,0.031835237998438994
20216,0.037003489144811316
20217,0.07509954437417324
20218,0.055345390722191606
20219,0.041289140371210814
20220,0.09824269798856872
20221,0.0236170426389156
20222,0.03166322626466149
20223,0.028365376771829202
20224,0.05323444108011591
20225,0.08639667138955599
20226,0.03656662302032294
20227,0.025261215110414383
20228,0.030031778297457033
20229,0.0352826713727038
20230,0.04729304090076804
20231,0.4400667870002188
20232,0.011053151021898865
20233,0.10912369562597565
20234,0.04299447899332461
20235,0.03064106416883544
20236,0.04637558195542347
20237,0.05650897018377768
20238,0.04307867828466456
20239,0.07399545137880764
20240,0.14989487630636358
20241,0.033071121955178404
20242,0.10204387950504522
20243,0.016556366503121204
20244,0.04040169952948863
20245,0.026530746497959563
20246,0.03172461324726544
20247,0.9742120094557166
20248,0.030656634383453625
20249,0.041415606972901364
20250,0.014270997696904389
20251,0.10734843589008326
20252,0.01251491837650601
20253,0.019567796479834625
20254,0.02674989605355168
20255,0.19001731996561988
20256,0.07397964140545948
20257,0.18555300305926428
20258,0.011321358246300046
20259,0.020344198804699315
20260,0.230062678778786
20261,0.017691075193987535
20262,0.020717496689545818
20263,0.15639178233634196
20264,0.0260484397357838
20265,0.023368508534447902
20266,0.07597226703520411
20267,0.042077171425522045
20268,0.02286927423604518
20269,0.10346055230489151
20270,0.16632930205350754
20271,0.027423729056739857
20272,0.05549501911198071
20273,0.04107395006933423
20274,0.019598391731385893
20275,0.012779319533201517
20276,0.033002262923997945
20277,0.055487659347661936
20278,0.019499208019156007
20279,0.16467296772053014
20280,0.0727022613974567
20281,0.16359101170747092
20282,0.132685612804783
20283,0.049142825832458034
20284,0.023682723238160244
20285,0.205098525227469
20286,0.022793007423886135
20287,0.06092290395693069
20288,0.0467054871882083
20289,0.08794638665913865
20290,0.10308804822103773
20291,0.026553513281564824
20292,0.0737416806004682
20293,0.017003042191208906
20294,0.039874377976845767
20295,0.05216252679734596
20296,0.04613833819130443
20297,0.07162796357119292
20298,0.021903937037697836
20299,0.024873001579809973
20300,0.025710628922676334
20301,0.010220348273999862
20302,0.010603916098157654
20303,0.06143922380638818
20304,0.031718092518717045
20305,0.13109616247686146
20306,0.04597773065596018
20307,0.028552565065037148
20308,0.18668429605342632
20309,0.01879452673957485
20310,0.03683866041319139
20311,0.035561352654525875
20312,0.019828785614701173
20313,0.07442748745916006
20314,0.2371317108515909
20315,0.02166801918149182
20316,0.07143040428606579
20317,0.017671600029135093
20318,0.043421237329845944
20319,0.03688622359586241
20320,0.01908028438930049
20321,0.28915715304212875
20322,0.1944063767906968
20323,0.018046982012106617
20324,0.07230425583126726
20325,0.11832683421120209
20326,0.1873066014850225
20327,0.08210905156768564
20328,0.026733714743864573
20329,0.018339933200102937
20330,0.030297485612080417
20331,0.445929930384627
20332,0.08676629467831475
20333,0.18860267365905511
20334,0.032655645907660076
20335,0.016187604886991853
20336,0.2426277725272218
20337,0.27259322768676286
20338,0.36254109396003714
20339,0.02176590723946901
20340,0.21061284874533637
20341,0.08634027821232021
20342,0.036344089274939324
20343,0.03965006903926745
20344,0.14312601719936277
20345,0.13298883426221855
20346,0.013089696693875063
20347,0.05483015745834527
20348,0.05021991183521331
20349,0.048124283680799365
20350,0.019719733586072968
20351,0.11398312918290687
20352,0.02817535678273535
20353,0.04816951589135744
20354,0.08396826362835587
20355,0.024892055331496417
20356,0.06542654219170141
20357,0.03416480275681097
20358,0.1039086741071045
20359,0.046388016791947276
20360,0.03191179231653626
20361,0.027732715114392896
20362,0.029720280168492555
20363,0.010887021539686136
20364,0.06167870838519335
20365,0.06289889834813868
20366,0.01998117337595088
20367,0.07299672182192725
20368,0.1879885248182917
20369,0.06774341729098002
20370,0.14408042028101545
20371,0.4022423604353139
20372,0.012365586654534032
20373,0.11504275100339598
20374,0.026169414169686468
20375,0.0612959098131014
20376,0.06328507698396296
20377,0.031224628818462503
20378,0.01938332315831156
20379,0.0475442418797134
20380,0.07980588597627783
20381,0.029139528495771363
20382,0.09524289759550991
20383,0.03569833376413258
20384,0.0181344102052042
20385,0.022060373965399702
20386,0.15040993555007548
20387,0.036164634645367996
20388,0.02231280603484396
20389,0.09495418307458725
20390,0.015118974452526909
20391,0.04483388659545351
20392,0.05062180858588064
20393,0.05071658985688085
20394,0.049182011512952865
20395,0.037378425012278095
20396,0.02798143562016344
20397,0.06263675097734721
20398,0.06567434765978447
20399,0.025864300762419044
20400,0.009206990267779743
20401,0.04807674434510796
20402,0.02475263002235155
20403,0.011771040855714503
20404,0.01918305138627905
20405,0.021851193605905168
20406,0.018224742960605417
20407,0.12513757621644
20408,0.0850733041373429
20409,0.24039677176523044
20410,0.039273204032620405
20411,0.16779462773682421
20412,0.05967822468992731
20413,0.024256247418975037
20414,0.12027355999553321
20415,0.04760473692311047
20416,0.2158685670233361
20417,0.061720547542796614
20418,0.010616726826630713
20419,0.01112856013455018
20420,0.028928288195237732
20421,0.012406729627750343
20422,0.026194775058135437
20423,0.043949031056986984
20424,0.027782515219808318
20425,0.08461525889680128
20426,0.07710520331433646
20427,0.01924585063482913
20428,0.025936430696085675
20429,0.038930289792017875
20430,0.061372587478823466
20431,0.16777506896181862
20432,0.06133757363811169
20433,0.010092299483770205
20434,0.053319915718198954
20435,0.08654555890160105
20436,0.029282790023371877
20437,0.08490756685378659
20438,0.25989597322074953
20439,0.031576588710804196
20440,0.028279414275951577
20441,0.054690024477407284
20442,0.010104039659997408
20443,0.0470192374378528
20444,0.12150164768051189
20445,0.06896256850479837
20446,0.08266331918674906
20447,0.02756262495789054
20448,0.06574298420290986
20449,0.07486401132073561
20450,0.021597699535226146
20451,0.020546205720935937
20452,0.05637015409312132
20453,0.04488541893641458
20454,0.015959378458100738
20455,0.04737531737616599
20456,0.02267131183080774
20457,0.02808862988398483
20458,0.01701425251297524
20459,0.021487068564788547
20460,0.020126301556304085
20461,0.06567634597563529
20462,0.6914902237520311
20463,0.019255773833637947
20464,0.14271580406352236
20465,0.17021241684348887
20466,0.033873065899307844
20467,0.04247699048154079
20468,0.06057603318266547
20469,0.04134354581167083
20470,0.05529688682001506
20471,0.020005575917401697
20472,0.1583346188425046
20473,0.15532058811031618
20474,0.027536100923354796
20475,0.12426733319159233
20476,0.02380529087905629
20477,0.09627426163428784
20478,0.3952781428639331
20479,0.020233174984991147
20480,0.11182188349725646
20481,0.04454919629808393
20482,0.010980051180219417
20483,0.07172604364496733
20484,0.03129285827615622
20485,0.07178788550200305
20486,0.04927231857783925
20487,0.349304584945985
20488,0.023265181942952663
20489,0.014027777600247014
20490,0.01146152633682541
20491,0.05433464658650505
20492,0.08177581333404436
20493,0.022306223469399995
20494,0.0785028824450544
20495,0.08782231402378315
20496,0.08212733060163459
20497,0.08883472261771698
20498,0.051824573926540274
20499,0.0372029419803652
20500,0.13645244096777956
20501,0.035616435572238536
20502,0.020695035402993178
20503,0.13646901882022194
20504,0.028394058864180047
20505,0.051405848358515464
20506,0.1463350856320119
20507,0.012282412785500992
20508,0.04218481332852369
20509,0.04159046543459114
20510,0.025699150948385277
20511,0.08203489659086224
20512,0.04174396203335652
20513,0.11961448911339966
20514,0.6473259958270299
20515,0.03190468897384929
20516,0.03122068101078733
20517,0.06240114691595193
20518,0.09637422089604937
20519,0.05908469388634863
20520,0.20368852615679262
20521,0.1425123233082492
20522,0.2359830923160924
20523,0.02539425731472407
20524,0.04574207181855759
20525,0.04214061871357497
20526,0.012921818418320396
20527,0.17209008374785306
20528,0.0203280980059894
20529,0.021643081049639353
20530,0.0283567936310839
20531,0.0812807150235062
20532,0.07370702513932575
20533,0.01725547627641596
20534,0.37212542394862036
20535,0.053122803295609394
20536,0.02033734202360174
20537,0.04064758956520402
20538,0.04630182342867668
20539,0.06645421149175958
20540,0.13194372664310017
20541,0.02478040836030145
20542,0.0502529794309764
20543,0.14397691071784108
20544,0.026777338378439527
20545,0.01596019380114901
20546,0.0137997143432156
20547,0.2269518793962842
20548,0.05609137002903201
20549,0.01634527090684919
20550,0.031579040957338794
20551,0.02090380360163849
20552,0.0414279444587972
20553,0.11270416470983846
20554,0.04898033454948521
20555,0.019342249504122545
20556,0.037855935832710796
20557,0.0891873337728524
20558,0.05425485370589188
20559,0.04961276757967147
20560,0.04119798248431294
20561,0.0151756968015997
20562,0.012013177011336907
20563,0.08238350988647111
20564,0.03182924414952672
20565,0.030993956535622053
20566,0.018562743503494402
20567,0.09978013194591356
20568,0.061203803634272386
20569,0.0841362467484025
20570,0.040162250949266204
20571,0.0484175784247913
20572,0.016367046824861804
20573,0.2097278982103995
20574,0.24416222933425508
20575,0.05953038492281947
20576,0.05273767945924378
20577,0.033746875333503956
20578,0.18175267822927674
20579,0.026247885628061747
20580,0.5158259200784656
20581,0.05969330024122592
20582,0.03557262323382947
20583,0.04744708222726404
20584,0.10837237287473774
20585,0.020295033510224138
20586,0.022972800900783456
20587,0.015582053140254428
20588,0.07567794070531145
20589,0.017618837100592248
20590,0.05395878886545767
20591,0.10512887150120928
20592,0.0231403777781063
20593,0.08980440884347504
20594,0.08822229118339532
20595,0.04547032896207501
20596,0.16784669075194725
20597,0.04479607059884149
20598,0.014359525881934444
20599,0.02271042817040409
20600,0.024716959790106664
20601,0.02837789589135178
20602,0.08060097669421755
20603,0.03962210570683161
20604,0.06833223386524903
20605,0.022860089845926634
20606,0.063500021114765
20607,0.05420510827159039
20608,0.014659661899296676
20609,0.03504111864526649
20610,0.03512443773568892
20611,0.02596184860299812
20612,0.04308424589889998
20613,0.03426281244555806
20614,0.39973481878185113
20615,0.03165533528488684
20616,0.03417051228264082
20617,0.03749698001690035
20618,0.03339062758369485
20619,0.08822863701958898
20620,0.0665230312601503
20621,0.10769696151778477
20622,0.04871692015190679
20623,0.017208546943116097
20624,0.16245340515337156
20625,0.06620145629322458
20626,0.03773785812369936
20627,0.04969117824895064
20628,0.03431829582951121
20629,0.0376053009800905
20630,0.21614804945693988
20631,0.13056466798283367
20632,0.022808541163583072
20633,0.03587864930798997
20634,0.008778511156552567
20635,0.013269608392881348
20636,0.01589193208284744
20637,0.09293247104283567
20638,0.057351276515843916
20639,0.08880244876273358
20640,0.14744304379760267
20641,0.04653644018482024
20642,0.05167235478468782
20643,0.06773177684440701
20644,0.14450180555837377
20645,0.11463289748387341
20646,0.03472528810750418
20647,0.01623018046264167
20648,0.029516667569973683
20649,0.03201691244767926
20650,0.02515368135572292
20651,0.193659895325605
20652,0.10555810116429948
20653,0.3155559439256959
20654,0.040358852068509705
20655,0.23585647416456823
20656,0.10997529232276948
20657,0.057533836572411644
20658,0.31271366045370097
20659,0.021093397207546154
20660,0.12200407016234693
20661,0.04181570758315131
20662,0.029682668200109386
20663,0.024787048910008838
20664,0.04639366769006215
20665,0.06042323379890627
20666,0.12159919744071504
20667,0.03959766623452275
20668,0.11624370993254776
20669,0.02685705167423015
20670,0.1113592189855484
20671,0.029199981309624846
20672,0.01959150550927648
20673,0.01910400409182724
20674,0.03573928883332927
20675,0.04066974633862
20676,0.06546937961448993
20677,0.064034794499777
20678,0.008467799181915942
20679,0.05550632257259411
20680,0.04151422100623605
20681,0.03397198381564371
20682,0.016406256568327705
20683,0.011321300509330919
20684,0.10265565852583003
20685,0.034384962393986175
20686,0.008848452358495828
20687,0.023962179634012655
20688,0.0399467146469092
20689,0.08033705376710254
20690,0.06510183496559933
20691,0.012327732207880674
20692,0.06109664554718002
20693,0.044128606226918624
20694,0.025732340205164395
20695,0.1491419147743384
20696,0.02605200387342236
20697,0.043336422851894235
20698,0.07501234706425584
20699,0.01660304138132178
20700,0.043618710273547245
20701,0.014311651989640845
20702,0.055259069301908284
20703,0.02100948733680555
20704,0.10073077204320882
20705,0.038565691396586985
20706,0.022426110224633172
20707,0.015377856646590814
20708,0.0817637809810341
20709,0.05053004121678064
20710,0.026002664117038513
20711,0.21326623829470875
20712,0.013111204423924314
20713,0.02906878869703814
20714,0.06649238543325507
20715,0.09825767251013348
20716,0.03672950999610694
20717,0.09797223784278507
20718,0.022301253580774328
20719,0.1305122807018207
20720,0.029297593083341893
20721,0.01876321904464753
20722,0.2982992182457175
20723,0.2728430875264113
20724,0.03603421486046166
20725,0.20314354272969337
20726,0.03674281802510577
20727,0.03931811399275905
20728,0.014724800665552863
20729,0.07336213677091537
20730,0.04796159023613463
20731,0.02323126125685737
20732,0.06790826931882878
20733,0.014159101127772368
20734,0.09416035690565255
20735,0.02198594009919854
20736,0.016648610709028646
20737,0.046903562315409805
20738,0.20309291405574742
20739,0.027303694369585695
20740,0.13723829126874174
20741,0.04023038878277827
20742,0.17280838648883456
20743,0.07100372492063647
20744,0.07928283324544969
20745,0.03812077764932023
20746,0.09343136966644047
20747,0.03275163871267869
20748,0.1459041274475993
20749,0.08291857552893028
20750,0.013792142419714621
20751,0.052666989070638076
20752,0.057686255693295246
20753,0.12602754376301997
20754,0.06317089651185213
20755,0.06736282621133757
20756,0.03453566809589508
20757,0.017287234229743532
20758,0.01277849918763468
20759,0.02865000951226518
20760,0.025244734001053277
20761,0.11030842161329792
20762,0.0388774447168646
20763,0.04165484253169019
20764,0.018398656679779787
20765,0.08010457114922347
20766,0.008318146368600239
20767,0.06650443088315931
20768,0.015149860601899188
20769,0.07338179171561132
20770,0.026928363779094074
20771,0.027607202924580774
20772,0.04801782254188377
20773,0.07246855984339877
20774,0.12382859690595457
20775,0.20561029931258903
20776,0.09396703995999738
20777,0.015187361963824378
20778,0.046265442401900725
20779,0.014274143686557841
20780,0.02072707825448576
20781,0.03028824329887705
20782,0.0696245122189338
20783,0.03746834141956119
20784,0.08955424236784423
20785,0.07235469712091565
20786,0.019847898587124973
20787,0.023915285645329454
20788,0.014971830459708402
20789,0.02964006197708067
20790,0.03398602360491338
20791,0.020326255773059635
20792,0.049948192006441246
20793,0.043496116451952234
20794,0.06584054832299438
20795,0.06825607642999912
20796,0.09897906154655353
20797,0.027001719418394084
20798,0.023185745505945324
20799,0.043104143600447974
20800,0.029748822353878934
20801,0.08636727729940946
20802,0.023143098034622608
20803,0.024238125245843394
20804,0.08220810106318763
20805,0.07370216686132211
20806,0.3651959256307892
20807,0.1077422283258439
20808,0.04956984028464108
20809,0.04096026995118204
20810,0.05100971468076755
20811,0.01814650333749266
20812,0.02189950545328682
20813,0.01656056691080719
20814,0.04928804701814253
20815,0.09418743628004539
20816,0.2699339281753601
20817,0.04658821159140261
20818,0.018759995392975844
20819,0.0891435800569935
20820,0.04151364664187892
20821,0.03777222281035358
20822,0.06579566182600922
20823,0.08410390733693304
20824,0.014167631320545212
20825,0.057871052271652894
20826,0.02518485155522123
20827,0.3314916040014929
20828,0.05447553444881636
20829,0.04475046594524791
20830,0.022522619261782808
20831,0.012086418351662182
20832,0.052428211229000404
20833,0.19835456604405463
20834,0.01998312577527026
20835,0.023054109265278122
20836,0.011491717092854977
20837,0.07962445473213395
20838,0.06996904645223932
20839,0.03417719337807537
20840,0.09491837714987986
20841,0.039648562710959255
20842,0.12112562557555423
20843,0.12902121956410864
20844,0.02904201027887003
20845,0.049167525482563486
20846,0.011316806110908514
20847,0.09360763576141434
20848,0.06327957663274987
20849,0.0543718198195947
20850,0.08794558055160273
20851,0.031224922606270807
20852,0.07078848059060586
20853,0.0333921469075995
20854,0.017785456194947667
20855,0.14872482870076503
20856,0.0851533342671705
20857,0.07725001932806325
20858,0.3281857301706169
20859,0.01992949455013319
20860,0.033961588443821654
20861,0.03873090720053299
20862,0.03199709618430323
20863,0.02222305743730005
20864,0.06277257688067106
20865,0.013606968977777422
20866,0.24048670709597678
20867,0.01753822670254755
20868,0.04644883304750902
20869,0.0257080443692725
20870,0.036273993583254435
20871,0.028654157091829183
20872,0.01688230187484257
20873,0.05904777388206979
20874,0.026882685661629248
20875,0.020430748188471005
20876,0.014783940629169271
20877,0.296510610824382
20878,0.1448382085087046
20879,0.10457059849637972
20880,0.012407863771953277
20881,0.24847835297727056
20882,0.19892792623091815
20883,0.03659075209831139
20884,0.11715411982448638
20885,0.05059678068428977
20886,0.08558020820072115
20887,0.041938556380400185
20888,0.0170345447870135
20889,0.01329057551730544
20890,0.0154469790713185
20891,0.06593746292187543
20892,0.10211403833863766
20893,0.015118672635759205
20894,0.03947975953638649
20895,0.019357840171160445
20896,0.012003921438403406
20897,0.11133321304503302
20898,0.027998328707765505
20899,0.026212507251153518
20900,0.1869952518996494
20901,0.11163442021756652
20902,0.09725076291742163
20903,0.053620948249346136
20904,0.3765547197193245
20905,0.0810619814670574
20906,0.014588773508736226
20907,0.07798397672936508
20908,0.023350003251035534
20909,0.033097360678119116
20910,0.061008700847175495
20911,0.37542607665261574
20912,0.017861328759940953
20913,0.03473525732701462
20914,0.0141802446219871
20915,0.17215689463030173
20916,0.023406354975173883
20917,0.016727454701355858
20918,0.05638361576944072
20919,0.023442569768840196
20920,0.01955800922227891
20921,0.2522473042855136
20922,0.09355169841893546
20923,0.02789300769238521
20924,0.025843064762823723
20925,0.09615381655311575
20926,0.10858069961523925
20927,0.022385210566174582
20928,0.08905493069467485
20929,0.16132835987281835
20930,0.06334008436673519
20931,0.14642988699676168
20932,0.21509279986142082
20933,0.11944548121638299
20934,0.009560736368245807
20935,0.08215362973113674
20936,0.050059224475245453
20937,0.015193088150946537
20938,0.04384713133702732
20939,0.059597969883646004
20940,0.12980514177744049
20941,0.09254148749133403
20942,0.018357579253835528
20943,0.021916073976773573
20944,0.24213937244030204
20945,0.02036987590574727
20946,0.2766639554411665
20947,0.0182090192159187
20948,0.08968448580859674
20949,0.05912942431330524
20950,0.02674712106336869
20951,0.03684547338916424
20952,0.11165714263927455
20953,0.0761283649339444
20954,0.2742047039291248
20955,0.0069232864463101874
20956,0.05463214635377901
20957,0.0709123050473228
20958,0.05686746506405893
20959,0.059612101810266875
20960,0.0296584787492463
20961,0.01546504134357166
20962,0.14644637508230754
20963,0.04351221373380369
20964,0.05591470625283095
20965,0.02031580072642251
20966,0.051803533248973424
20967,0.09141929750241998
20968,0.2300524000887173
20969,0.03725590039484461
20970,0.023527425920165466
20971,0.1063504100520364
20972,0.11953094842902316
20973,0.44341692596394866
20974,0.03830221809780571
20975,0.02398594044682273
20976,0.06452713395289114
20977,0.04301152360743507
20978,0.024593533970071864
20979,0.02368256241401246
20980,0.03411602191431518
20981,0.3047678509292501
20982,0.07611089755847317
20983,0.03664590699048777
20984,0.47149323713820146
20985,0.03394088872383138
20986,0.07920188968061741
20987,0.007921479909882023
20988,0.06725473458575912
20989,0.035134109603441
20990,0.0738890079589994
20991,0.04659182414747419
20992,0.019328321420154435
20993,0.03803198332595555
20994,0.04112291921417132
20995,0.02803234431058393
20996,0.03155472286011073
20997,0.05740359632350138
20998,0.029476962680478114
20999,0.018924877001536725
21000,0.06106803865466812
21001,0.0625279561903771
21002,0.06737546220873353
21003,0.02811339331810256
21004,0.017961214639623947
21005,0.11903755413833919
21006,0.12183535791171957
21007,0.017135372718459423
21008,0.022159572939482862
21009,0.0608734662461763
21010,0.014605692296592955
21011,0.2041884800462697
21012,0.07892871242897476
21013,0.03651717367729472
21014,0.03158485587690904
21015,0.06911940982308466
21016,0.13784901748445272
21017,0.0362015163481499
21018,0.024746631022485047
21019,0.060572625076529864
21020,0.03629746561274551
21021,0.07486129060439595
21022,0.06373876696803084
21023,0.014184887424437274
21024,0.06233270892914204
21025,0.11093356708449509
21026,0.29028013431607136
21027,0.1327434397134629
21028,0.011898110641924928
21029,0.15438190793707712
21030,0.02697960272425723
21031,0.021416980618715286
21032,0.051435672732940876
21033,0.01724501244728184
21034,0.024355733209066487
21035,0.03774445102648555
21036,0.06531884506465312
21037,0.0302453522586235
21038,0.027847518524274806
21039,0.044065840705439015
21040,0.05682468044301429
21041,0.01463364449089317
21042,0.15658358685318163
21043,0.05981040432199688
21044,0.07170084501202875
21045,0.029134225405045892
21046,0.02127237983473783
21047,0.03544904231738226
21048,0.26085831146739313
21049,0.021284447669905424
21050,0.04597869971382429
21051,0.03169744719428856
21052,0.08812469043913941
21053,0.030654223350944358
21054,0.023168563560274854
21055,0.07777671712586252
21056,0.028613778894648847
21057,0.06220817144933689
21058,0.061751920809179774
21059,0.052481765104028764
21060,0.041324347247641224
21061,0.06488648914687163
21062,0.0408257581263073
21063,0.02380677933079109
21064,0.07870204169667754
21065,0.06144011040190038
21066,0.18056156349893349
21067,0.10351725901940652
21068,0.24899927436717229
21069,0.03492725584041275
21070,0.08764424402158663
21071,0.007379676484006304
21072,0.03411938083149374
21073,0.02966121270865176
21074,0.06112821202031162
21075,0.048054157889673786
21076,0.39312854352283566
21077,0.02800765273802108
21078,0.02666043171124525
21079,0.01716079378724629
21080,0.09480414735161041
21081,0.08082099748568061
21082,0.16760094428450725
21083,0.05921650788803457
21084,0.05054626021015684
21085,0.01794899688253036
21086,0.03193714401161639
21087,0.06140924011136932
21088,0.1246679817535845
21089,0.11166728129815641
21090,0.11124718879947967
21091,0.0785289049021026
21092,0.0363067113774819
21093,0.041296273367323694
21094,0.058034763798026294
21095,0.042589246171255736
21096,0.026150454610951338
21097,0.04742509370410754
21098,0.031066582886272117
21099,0.04321801317912929
21100,0.025052064355930357
21101,0.07417061432951656
21102,0.029793092702307143
21103,0.032668944610586746
21104,0.03118553798906347
21105,0.10910841479356237
21106,0.0938538597286307
21107,0.02056242370370445
21108,0.07219234620907648
21109,0.044254143316255656
21110,0.09046583979827581
21111,0.09771655517413222
21112,0.0163038171492736
21113,0.024506630934232464
21114,0.056728513099811
21115,0.15722603184814749
21116,0.037293419948968426
21117,0.025613558056623326
21118,0.03258318978682602
21119,0.20351382004510232
21120,0.020120199580049614
21121,0.04847441994093843
21122,0.1287193381569347
21123,0.044123838236121954
21124,0.023322499272540827
21125,0.01882390409753523
21126,0.056626221002829685
21127,0.01147548637659927
21128,0.03306205371373799
21129,0.026248230307020295
21130,0.04783709723353735
21131,0.037939235513124545
21132,0.15101978419505846
21133,0.0389941472129437
21134,0.03022876546042603
21135,0.053049380622416056
21136,0.0865715068983506
21137,0.05594754010819948
21138,0.041393330853926075
21139,0.031222119808529108
21140,0.03007600073452717
21141,0.026388357313821748
21142,0.03261324233817538
21143,0.0723432564552604
21144,0.022418748646892667
21145,0.04503304877606814
21146,0.36812168899874015
21147,0.23360915077930655
21148,0.15856520913838384
21149,0.12463613750473984
21150,0.04750354152389487
21151,0.030700307211880065
21152,0.05458914155097645
21153,0.04425797895494936
21154,0.021584162933700243
21155,0.10497969175723779
21156,0.14408500627650384
21157,0.11787539835726094
21158,0.01753883869710904
21159,0.04664151999942079
21160,0.16872418816343235
21161,0.06064702275911048
21162,0.09753666170518968
21163,0.07545331221742184
21164,0.1124927313257879
21165,0.08205152879469048
21166,0.049191489358858545
21167,0.05286221291254889
21168,0.055644427366750224
21169,0.04434237392613845
21170,0.08244678577979725
21171,0.0488058973613711
21172,0.018585296093629605
21173,0.08988847060439502
21174,0.23459326572428885
21175,0.010506291801581628
21176,0.03499924766334323
21177,0.07613933078203525
21178,0.0654242480667332
21179,0.033579254807355095
21180,0.04233805312860627
21181,0.009169552875711705
21182,0.031008023259924054
21183,0.11204361311748748
21184,0.028674990122121227
21185,0.15151502129356198
21186,0.09971564894531704
21187,0.024887415126338543
21188,0.044641505208575905
21189,0.0885497361372226
21190,0.19173579654684028
21191,0.02825767573440892
21192,0.06014179511283216
21193,0.049273388155691614
21194,0.03827378167480273
21195,0.180700018215913
21196,0.026377691970888174
21197,0.11149844158071642
21198,0.058787898284763475
21199,0.1372107483663379
21200,0.03236048803918737
21201,0.03889164950089255
21202,0.019112366509993196
21203,0.04306036553458828
21204,0.019485663432340677
21205,0.12630549816442288
21206,0.04061280499274189
21207,0.01794627190781136
21208,0.07529877131311415
21209,0.2890784766046919
21210,0.20030134791708445
21211,0.03162759585719429
21212,0.05070333678658534
21213,0.6346312227227396
21214,0.12172665908514181
21215,0.06733069941922423
21216,0.02461103435330796
21217,0.03545030634475671
21218,0.04349475062282931
21219,0.03916114375968359
21220,0.19771047592867572
21221,0.020418289237936704
21222,0.07498678480424656
21223,0.0515084355473947
21224,0.016123665957184407
21225,0.07959462623191713
21226,0.02968382224445966
21227,0.22782687077196678
21228,0.03375778886182703
21229,0.10921341502465415
21230,0.07774142192899747
21231,0.03730529921773365
21232,0.060054581714912306
21233,0.011231906839372849
21234,0.09245759123888467
21235,0.07745280012038447
21236,0.048481227674116424
21237,0.029164839770595828
21238,0.018609468980387654
21239,0.0466833979499465
21240,0.053279910558430406
21241,0.06993957015609108
21242,0.05834423981958424
21243,0.15173628173395362
21244,0.26676128471062466
21245,0.031098002456217678
21246,0.02861817451519766
21247,0.029780030598872267
21248,0.039494025458571315
21249,0.11230410653743281
21250,0.03130419085337144
21251,0.032824177312183775
21252,0.03033662163168418
21253,0.01576006692006088
21254,0.232471733877248
21255,0.021555645192207235
21256,0.08554523750358009
21257,0.02900098933216204
21258,0.027364265631486164
21259,0.02302816786012228
21260,0.04399428750266756
21261,0.08744258137823488
21262,0.027981151798465054
21263,0.02255053187180546
21264,0.04985189019932899
21265,0.05598218419258852
21266,0.02577964408752712
21267,0.25037082801005633
21268,0.11670288111175618
21269,0.05512236792635219
21270,0.0154500830827017
21271,0.08124067639625736
21272,0.012033612068816575
21273,0.1137266331488823
21274,0.06952031952421926
21275,0.3533829779805353
21276,0.0604148885093817
21277,0.03355569994780574
21278,0.05782724758803006
21279,0.14550904413347895
21280,0.08724711689480766
21281,0.013137879592038961
21282,0.025737624252324332
21283,0.03462641136181241
21284,0.08388600732747786
21285,0.06438089450931524
21286,0.01835200609351318
21287,0.1109970797107464
21288,0.06018206401069885
21289,0.03798775285442954
21290,0.06673305676997465
21291,0.07297910718587174
21292,0.07625625156705217
21293,0.03568505176362404
21294,0.047733127785946364
21295,0.026675772986263856
21296,0.0283056051290852
21297,0.01595578626577494
21298,0.011037410329852455
21299,0.10894680314184149
21300,0.04089728367383361
21301,0.035051650654758106
21302,0.03955377711289629
21303,0.049293368778485884
21304,0.019678640825375272
21305,0.06878991196515975
21306,0.08236130351528494
21307,0.020640857164060403
21308,0.05709535735618001
21309,0.040278073332092434
21310,0.11330059309597018
21311,0.01493274478469329
21312,0.011083692174062337
21313,0.05529555197777076
21314,0.09850451174961147
21315,0.030475676313791986
21316,0.05703519690570383
21317,0.18251521485300443
21318,0.01638985692587404
21319,0.011873149023916802
21320,0.03741513640082825
21321,0.47918617976991595
21322,0.09788486531588042
21323,0.04260592133274212
21324,0.048905673140959276
21325,0.40896008148613394
21326,0.018034990560539
21327,0.06052554336397182
21328,0.05277498129511448
21329,0.04107115529064505
21330,0.056470533966765185
21331,0.074541718898496
21332,0.013864358037229544
21333,0.04899981233940803
21334,0.06497452222348503
21335,0.02026810909397695
21336,0.11041159151129362
21337,0.08365520282373468
21338,0.02057919743770631
21339,0.031290762584514235
21340,0.018083478493472135
21341,0.037557571170927985
21342,0.03953057802616494
21343,0.05283909231206828
21344,0.12891268191839977
21345,0.05424460406032018
21346,0.02871365104766677
21347,0.017584764081148938
21348,0.027728795198598135
21349,0.022833064345525265
21350,0.030624244100883265
21351,0.029861146603649743
21352,0.013757633595155278
21353,0.02428419822302193
21354,0.07344830166749858
21355,0.040275479546043165
21356,0.03803297648473419
21357,0.07883104042709796
21358,0.009058316105237966
21359,0.022548264846935673
21360,0.02560526955943453
21361,0.2373906514596686
21362,0.05835267583403968
21363,0.06817720148164384
21364,0.02864317267651912
21365,0.00979519066063341
21366,0.030551387643791006
21367,0.03944642334612353
21368,0.10024175244338768
21369,0.03285951234912539
21370,0.07512364313516562
21371,0.028476433776154515
21372,0.045430457747886184
21373,0.11269401731455503
21374,0.03401913421706659
21375,0.0452290525894933
21376,0.05693173041381323
21377,0.03780029623317801
21378,0.039081266675935616
21379,0.016087385337282715
21380,0.052269553594987625
21381,0.048335841998382305
21382,0.23920267322957917
21383,0.0851704744236858
21384,0.06873577091308591
21385,0.11757110587816867
21386,0.06965821089446048
21387,0.02448860366011676
21388,0.03200361775178619
21389,0.09115708254067263
21390,0.2125785453161393
21391,0.01220544259758229
21392,0.17791242639219373
21393,0.140245746300357
21394,0.02754871944525841
21395,0.046638468340848525
21396,0.050324087139583536
21397,0.14865199564936282
21398,0.024349608641557007
21399,0.0353970791916721
21400,0.028565997544482826
21401,0.050904861602109885
21402,0.0321412816589471
21403,0.032591732264027506
21404,0.03811102816984977
21405,0.35837709983868954
21406,0.029117523462546358
21407,0.13820747380603163
21408,0.0858211795239117
21409,0.06846962274324059
21410,0.030051095152389178
21411,0.05588305359405905
21412,0.04281058624606257
21413,0.017595302041646485
21414,0.03661160594355171
21415,0.1972343161493394
21416,0.05689831898135404
21417,0.04764138732027063
21418,0.026266908662211222
21419,0.2572104972489987
21420,0.07615813751124573
21421,0.05847207676128551
21422,0.022514428064639623
21423,0.04215210041272496
21424,0.17078548970802127
21425,0.04445981671884109
21426,0.017757133682827376
21427,0.018156380283156096
21428,0.040530016807564226
21429,0.032472675139467284
21430,0.10707445666952801
21431,0.05348318708215585
21432,0.03723146073103303
21433,0.04811378367829389
21434,0.07165496760649878
21435,0.01723384253377369
21436,0.02837611645039391
21437,0.05144544944288393
21438,0.013604764314375292
21439,0.020229820384154884
21440,0.01852587797566118
21441,0.037827810453339106
21442,0.05517024987490064
21443,0.04810658590571418
21444,0.08738130480638363
21445,0.07493603173293517
21446,0.026277778643309123
21447,0.09456983952097586
21448,0.012610377609790476
21449,0.18837883821732362
21450,0.03157484990974236
21451,0.015346099210947067
21452,0.02391227219298239
21453,0.01480061799685836
21454,0.023121778960945565
21455,0.0646526213532298
21456,0.04190777741122377
21457,0.10708304870461707
21458,0.05204027691366786
21459,0.09430750880939759
21460,0.031697697957312074
21461,0.08246039838859842
21462,0.04782383242371728
21463,0.014865192506940334
21464,0.050758169757817065
21465,0.04492478608473023
21466,0.031352010175371633
21467,0.04202669914486562
21468,0.01911840698068672
21469,0.024747143961572026
21470,0.04136717948425458
21471,0.10105186810574686
21472,0.05782106440307463
21473,0.09902417643111419
21474,0.02018643172198466
21475,0.03397027528982289
21476,0.06113266027542477
21477,0.03920306150527372
21478,0.013542276740610029
21479,0.05430230544190007
21480,0.10569451790763819
21481,0.021071997757947818
21482,0.07162361472988343
21483,0.013021031632282246
21484,0.08293915102225163
21485,0.021003465088674782
21486,0.013385247107370057
21487,0.06281949426555661
21488,0.20269650075653434
21489,0.1671271177733079
21490,0.11267353904278435
21491,0.028191027629359832
21492,0.11570752334197104
21493,0.06632006856955222
21494,0.029847238436899168
21495,0.06516374870608947
21496,0.009946782033770828
21497,0.0633812714816672
21498,0.014391513878132079
21499,0.05949114648624717
21500,0.0831495312139816
21501,0.019876201426672034
21502,0.014079001216476934
21503,0.07945887334978086
21504,0.021087919012539428
21505,0.07986003365910176
21506,0.062428327895358675
21507,0.058165206012180504
21508,0.029714758634585864
21509,0.060219688883017965
21510,0.026844070669644567
21511,0.010644752872754626
21512,0.07131873182286574
21513,0.01805800354487662
21514,0.1406781712422148
21515,0.041186808638722205
21516,0.02898441576900384
21517,0.018042240537341013
21518,0.1057101317990576
21519,0.06654087249622674
21520,0.047498589942050286
21521,0.04340160526605512
21522,0.16423709169574535
21523,0.1613246284094308
21524,0.09888080616694706
21525,0.02016346289938296
21526,0.02291689915889082
21527,0.1123425495112442
21528,0.020583806051615295
21529,0.026362040264191183
21530,0.04612358430965617
21531,0.029495386422247333
21532,0.1047188154003598
21533,0.11204376971301552
21534,0.06620042183497599
21535,0.06688876530721008
21536,0.036917304404469636
21537,0.024860083554732838
21538,0.010069277498592585
21539,0.03836909455323589
21540,0.059375810641886906
21541,0.017324487789869614
21542,0.07205679169484626
21543,0.22174651647055493
21544,0.013335972599427327
21545,0.07479390233582858
21546,0.02131893455023716
21547,0.049134370441788575
21548,0.09212773011040007
21549,0.06344888854797175
21550,0.033149383913808096
21551,0.030393125245440106
21552,0.05412024575866742
21553,0.05172993980562311
21554,0.21669671774423652
21555,0.07841668061322417
21556,0.08914916658514832
21557,0.03094698914206414
21558,0.03940725809960399
21559,0.04012127200290597
21560,0.048450273937132
21561,0.05407048151651926
21562,0.03845845079917976
21563,0.017892668884995834
21564,0.04079338169774407
21565,0.2254464552922172
21566,0.17862497494976323
21567,0.012406725338673213
21568,0.013389578150198905
21569,0.03222293254276611
21570,0.19239596818279642
21571,0.037629865735367446
21572,0.01907442141231655
21573,0.03624482747320356
21574,0.025139246031471194
21575,0.020078942384246602
21576,0.06296553116264099
21577,0.061966301128779745
21578,0.11887405854633837
21579,0.017968135846304086
21580,0.05588239715949584
21581,0.019014265199580112
21582,0.036134516575518014
21583,0.06557330878923098
21584,0.023163674992404133
21585,0.12146111579201799
21586,0.04404519894497771
21587,0.035003417312377744
21588,0.06563717404560183
21589,0.020838937488288717
21590,0.008670396776149617
21591,0.12482515091347947
21592,0.028740633503493287
21593,0.12581224320266604
21594,0.10038031879258093
21595,0.06241351540943714
21596,0.03674631025740735
21597,0.1255674102546266
21598,0.0568612725030668
21599,0.053550720522859765
21600,0.0852865475684803
21601,0.036386846359340655
21602,0.20653457403960987
21603,0.02006224807402087
21604,0.016528990223374725
21605,0.04791517617466877
21606,0.014569548748077962
21607,0.021743194942238385
21608,0.15963966990539016
21609,0.09905958144788371
21610,0.033927504618917664
21611,0.06194390450821416
21612,0.015887238983656113
21613,0.03717365025172335
21614,0.033572345039331215
21615,0.024302544308146812
21616,0.04338343686875466
21617,0.06648914613968941
21618,0.04281224642285593
21619,0.08388158083380126
21620,0.014729909110351727
21621,0.07227934044155146
21622,0.018622424203116092
21623,0.022254029350118974
21624,0.3057300034118061
21625,0.01329676046529475
21626,0.03304817983381762
21627,0.04002142085083188
21628,0.05201997438164643
21629,0.009024099078896808
21630,0.05534585573768817
21631,0.14740112850612186
21632,0.16309670041381816
21633,0.04281946666170706
21634,0.126203588131689
21635,0.044279817746016935
21636,0.07011310776547842
21637,0.05170778272289037
21638,0.013914909320113229
21639,0.03253063032463741
21640,0.023101924668365654
21641,0.07570746798328178
21642,0.13944363517386013
21643,0.008930985861454039
21644,0.03876034593920853
21645,0.14167994018371644
21646,0.07358224207918967
21647,0.013687767806580682
21648,0.2640740329818219
21649,0.03293826163465059
21650,0.02217701047176227
21651,0.02497668167059277
21652,0.023492160990782694
21653,0.025434156844192438
21654,0.1263354109253666
21655,0.03790057733485799
21656,0.14862234803971336
21657,0.022134443839299887
21658,0.01376598108838459
21659,0.04769537872856801
21660,0.03765612006887502
21661,0.07205866669730113
21662,0.11593134080362255
21663,0.058858314938392886
21664,0.026529324296607044
21665,0.025260619405911615
21666,0.036417537847256376
21667,0.055796895299892235
21668,0.15482490377764813
21669,0.01677619905746998
21670,0.060596396857527005
21671,0.05339492490535813
21672,0.009505621385028987
21673,0.027351363022279727
21674,0.1533623692575668
21675,0.023567176979987805
21676,0.03024921403721395
21677,0.06430013044385188
21678,0.05523088745821678
21679,0.04922845911619221
21680,0.06268207848506827
21681,0.047358408925292424
21682,0.011788811239230399
21683,0.04461519156119447
21684,0.02298766324661475
21685,0.020624680892025137
21686,0.05741837185655677
21687,0.035857682290141774
21688,0.07277918916088569
21689,0.017226590785072972
21690,0.03791866134060082
21691,0.014893267101251871
21692,0.3386910115060919
21693,0.09154005994701567
21694,0.17477134505283748
21695,0.06813018557702973
21696,0.020890226461450414
21697,0.016801603395014797
21698,0.03181216027986811
21699,0.03077155172239568
21700,0.017278062317203153
21701,0.12914440756248388
21702,0.06746099458937561
21703,0.03684723538326552
21704,0.052636332647579206
21705,0.11162466288539172
21706,0.05930136949803251
21707,0.04279876614270514
21708,0.1383065312732916
21709,0.2126802439910862
21710,0.057948513301366175
21711,0.03982117232711486
21712,0.07456601070906546
21713,0.07108774576709025
21714,0.02619009564353663
21715,0.0866102470326367
21716,0.1359813512998735
21717,0.04302362976584642
21718,0.0745241144789249
21719,0.026811093882752587
21720,0.036975400965810784
21721,0.9616724623111431
21722,0.03869860880515266
21723,0.01842211875332299
21724,0.0545406753413631
21725,0.018811479280078095
21726,0.016003531032483236
21727,0.016909991880718102
21728,0.43151059351889776
21729,0.07889337580219961
21730,0.27726070912444595
21731,0.07286957424554313
21732,0.06366761889320957
21733,0.01480808547309902
21734,0.05558704945456996
21735,0.016666133145992877
21736,0.14674081857271187
21737,0.032237803029745854
21738,0.039817682500715386
21739,0.062362848995444434
21740,0.038779664273453585
21741,0.08653430801342744
21742,0.03321478001511348
21743,0.09997745530485415
21744,0.03366289594831794
21745,0.0803193556084077
21746,0.030382033618926503
21747,0.04238221051127751
21748,0.0724928486950795
21749,0.01176336312462402
21750,0.0683936964054574
21751,0.15952004050859692
21752,0.020653572892762442
21753,0.2702298829276055
21754,0.01164732414629741
21755,0.29228927507814445
21756,0.07763957268317201
21757,0.06469412624725464
21758,0.03549969714702858
21759,0.024347607064812468
21760,0.054584530296318365
21761,0.06199309959364839
21762,0.024444546722104082
21763,0.024810196145412508
21764,0.37196705128810914
21765,0.07708906232708833
21766,0.020270127063746746
21767,0.033028486961799296
21768,0.03671616076442144
21769,0.06070556155376171
21770,0.023769512204844308
21771,0.021735168027379195
21772,0.03272082320183225
21773,0.155806449273535
21774,0.0338676917553566
21775,0.08002084356631291
21776,0.055852464664742155
21777,0.18796550220897373
21778,0.1119040003933269
21779,0.03275283276669539
21780,0.041513998349520034
21781,0.039543104476084404
21782,0.14560340447981007
21783,0.03516354584516275
21784,0.08340965076169096
21785,0.03875381723493651
21786,0.06929673920523546
21787,0.062019754937264956
21788,0.05249890341800571
21789,0.012642084287161437
21790,0.031000493777702202
21791,0.06475367151401659
21792,0.05458536437020055
21793,0.12099741533651308
21794,0.00982667906088967
21795,0.18192863838501885
21796,0.21642691300174355
21797,0.040802909416896155
21798,0.053946705345362805
21799,0.03410739828259837
21800,0.041760374694792615
21801,0.026877518650958235
21802,0.08420163470386137
21803,0.026987355766799448
21804,0.036752599486032475
21805,0.06656509652384332
21806,0.04363427538628157
21807,0.051530957132213784
21808,0.030528431906824673
21809,0.16235356738368945
21810,0.04830436496397654
21811,0.03395472161121567
21812,0.38132844659852927
21813,0.020762506093711525
21814,0.02605686450494584
21815,0.024183924889304882
21816,0.042811706037275146
21817,0.20273202447402552
21818,0.03610985665515909
21819,0.06818153286534816
21820,0.10622430270262341
21821,0.21653665165496333
21822,0.03503666818204927
21823,0.016756531759355778
21824,0.025659806187763368
21825,0.019461314235430627
21826,0.05223155635299387
21827,0.07977107786602242
21828,0.07077708064579157
21829,0.16879524825831405
21830,0.04799303026053604
21831,0.044694416912025026
21832,0.038170770615769394
21833,0.03744247182122603
21834,0.027963284648684826
21835,0.15181353581532736
21836,0.03494273751696632
21837,0.37113804592729066
21838,0.033641878407454355
21839,0.03996342270541032
21840,0.08788797484341826
21841,0.06279447703457652
21842,0.028900051572485014
21843,0.026737661387368796
21844,0.0680839341008559
21845,0.04054517422521887
21846,0.18988061905836678
21847,0.019234353815814648
21848,0.03168600063384835
21849,0.02530446616201497
21850,0.051395560148285585
21851,0.18320440702992785
21852,0.07150827203530531
21853,0.02454469278835704
21854,0.23758180105293591
21855,0.1548959433991979
21856,0.643852238286207
21857,0.03568771489433884
21858,0.013790460541820915
21859,0.017346463211000647
21860,0.03939279730310999
21861,0.032978505201134704
21862,0.05434260499483444
21863,0.012700152674343376
21864,0.047503095893085
21865,0.01664182100183205
21866,0.030935061935941532
21867,0.03648720333725215
21868,0.06595107114051256
21869,0.08232875224543759
21870,0.08657493926429642
21871,0.022410872043058343
21872,0.01715219352959635
21873,0.0223673147938725
21874,0.027256516115959615
21875,0.05649083262593317
21876,0.028966582210225543
21877,0.15466356209429338
21878,0.0162130607950317
21879,0.014033508397018928
21880,0.023323770754378834
21881,0.030059132396463982
21882,0.025598402428807107
21883,0.03815957793016225
21884,0.04793322745562832
21885,0.0378525238090648
21886,0.048444368260057165
21887,0.02739669392912528
21888,0.21651181322084084
21889,0.02969774043322497
21890,0.015196798489250492
21891,0.04390895368355243
21892,0.10554250486632144
21893,0.030857864433586818
21894,0.09525476476654528
21895,0.00903946134881701
21896,0.03942145976991675
21897,0.07135784041014442
21898,0.08271622526107611
21899,0.022742647860858466
21900,0.03574149456274349
21901,0.07837208137067622
21902,0.1003678400349803
21903,0.02033408295178707
21904,0.030398878456989263
21905,0.11472148920691828
21906,0.05845528635044183
21907,0.02643556146284985
21908,0.36406780520442966
21909,0.06194353054202204
21910,0.034335773706448317
21911,0.12735066384057006
21912,0.06745407611969172
21913,0.1905046482188071
21914,0.09556703981871859
21915,0.15946068159152338
21916,0.3238663181558334
21917,0.01736487256887037
21918,0.04041554678555375
21919,0.020887197946906293
21920,0.12045383531335543
21921,0.0756268820827869
21922,0.18773484945308117
21923,0.03001301771039333
21924,0.029466251418684874
21925,0.09119418895676619
21926,0.023333727710962784
21927,0.13419345641554864
21928,0.0372459892049502
21929,0.07871644416688554
21930,0.01550623565612277
21931,0.10327758668852875
21932,0.012616781065298108
21933,0.0970882366110619
21934,0.037395895493848294
21935,0.21153127104781774
21936,0.04728320830918163
21937,0.028421349294793296
21938,0.027096234586435345
21939,0.023003903229824093
21940,0.21065867398729882
21941,0.02813251756869009
21942,0.0315022092091585
21943,0.05183510738801756
21944,0.025960498863693393
21945,0.10371392099205681
21946,0.1516529798438534
21947,0.0688521249531826
21948,0.10293961052335142
21949,0.06090339099796815
21950,0.059520637578610855
21951,0.05737676306580533
21952,0.05612562946547538
21953,0.05199050050695132
21954,0.02106111949490757
21955,0.06644803498677795
21956,0.021044003022966475
21957,0.028469878352292005
21958,0.031067634929934557
21959,0.04129669190386136
21960,0.030467523234335832
21961,0.022999021092668107
21962,0.03738625015040101
21963,0.05061677405059759
21964,0.030474530242083207
21965,0.025118105128258288
21966,0.03986176810853223
21967,0.03662228005051231
21968,0.013562172252354225
21969,0.016717061462363188
21970,0.06106932297002958
21971,0.022474246907853886
21972,0.027130744825303275
21973,0.022228132574954696
21974,0.0717686948966727
21975,0.016053535973198963
21976,0.2569302338507274
21977,0.13774365227175317
21978,0.05781244416010706
21979,0.04422018409898503
21980,0.010228529750072927
21981,0.07314230313319767
21982,0.11218470934982139
21983,0.061567519082807484
21984,0.04861049862559669
21985,0.021061898307655015
21986,0.06541359566146546
21987,0.22107175789143169
21988,0.016113662793606518
21989,0.027242118054606305
21990,0.027566993284208932
21991,0.03230241326681538
21992,0.0711072154364708
21993,0.02501187630579944
21994,0.05396750837399786
21995,0.02912477262157223
21996,0.0987929899610993
21997,0.020180830798789223
21998,0.203848005198458
21999,0.08828240920706117
22000,0.06779289115253087
22001,0.05731734859037601
22002,0.054576646513958146
22003,0.02398827248728145
22004,0.024769677035095538
22005,0.06358551538066788
22006,0.029760245232604378
22007,0.05188919759624541
22008,0.32618571293435017
22009,0.0574178509945117
22010,0.048200222533025194
22011,0.08987914416152556
22012,0.03014279399824741
22013,0.017655276133355293
22014,0.3248273053555307
22015,0.6407823137096363
22016,0.2850778432107294
22017,0.028292823177429406
22018,0.007153958962437404
22019,0.034558750059767517
22020,0.17240563696613692
22021,0.03739222406603243
22022,0.10698024241386474
22023,0.015651834852120423
22024,0.09218233241807394
22025,0.027729468518556004
22026,0.09317524483959716
22027,0.05696683849307203
22028,0.074339363744229
22029,0.10219568870512004
22030,0.034532086138080266
22031,0.0922982624840433
22032,0.03732595924263099
22033,0.021018205091034137
22034,0.037595289446969424
22035,0.08006278233835323
22036,0.10514670029211619
22037,0.08027122773615296
22038,0.07537715070893138
22039,0.03150044609981944
22040,0.029028401673957663
22041,0.04035136025393336
22042,0.029546770071651393
22043,0.0269001099481024
22044,0.03631803444348819
22045,0.05794554106337284
22046,0.14183797619387356
22047,0.1836878741299759
22048,0.0250827052721119
22049,0.05446806856974416
22050,0.022217722508172243
22051,0.07616814520312792
22052,0.030536955530994517
22053,0.23747392344364404
22054,0.035851470199528904
22055,0.21652390931945886
22056,0.025810871924067613
22057,0.010382256731778864
22058,0.007670474954780924
22059,0.019135147062258828
22060,0.05300558885062142
22061,0.013974109032598716
22062,0.03585082004884717
22063,0.1695327763232318
22064,0.02055533966087395
22065,0.0547678024617711
22066,0.1280892571972373
22067,0.036286429440928816
22068,0.02139743084971537
22069,0.17562642669475612
22070,0.04773210602178508
22071,0.021929689785400577
22072,0.04453489402658073
22073,0.02287097535592233
22074,0.019370357068538385
22075,0.045129459813068054
22076,0.00888604436316561
22077,0.07591245426870608
22078,0.274538759053423
22079,0.15585162381591575
22080,0.20384158072222552
22081,0.05096344365233965
22082,0.08981645428694199
22083,0.0400468923833465
22084,0.04302907975680808
22085,0.03971561206821152
22086,0.04963982969751734
22087,0.04707135451178783
22088,0.09383402875558985
22089,0.02115670173253564
22090,0.019476848225069714
22091,0.07440922360033006
22092,0.023022749930288234
22093,0.015456702481522686
22094,0.052272312991269984
22095,0.02615474723829799
22096,0.12097844488220265
22097,0.03683370498706056
22098,0.05998281708972912
22099,0.2799942433858269
22100,0.056542815561110266
22101,0.15608083014954122
22102,0.2968951786181541
22103,0.030172291434004406
22104,0.0957135970075011
22105,0.03046371246368825
22106,0.08119324356378343
22107,0.05171460735006564
22108,0.10287871849275425
22109,0.04514019157012243
22110,0.03968135408672753
22111,0.3047604439735399
22112,0.057712874787611376
22113,0.013840500475920507
22114,0.10512981120507661
22115,0.16805048388070848
22116,0.014477439372049584
22117,0.05009204994095101
22118,0.09315194487650223
22119,0.04008595402813972
22120,0.012202380656555673
22121,0.040273792166785366
22122,0.02513931359387446
22123,0.1784861452983851
22124,0.037617629267952264
22125,0.04687043841544323
22126,0.011708090706183347
22127,0.01236397213386549
22128,0.052769170663338194
22129,0.035350638345136645
22130,0.14030799895310586
22131,0.027984422535810426
22132,0.09181849305742713
22133,0.015474841085631885
22134,0.04308462023705309
22135,0.1103079091787163
22136,0.18122744282089737
22137,0.03228974681436492
22138,0.39467144165621987
22139,0.05688733095719774
22140,0.12195821913698149
22141,0.03343201989649094
22142,0.04041154081660231
22143,0.038788208774968344
22144,0.2030539043374967
22145,0.09334583743459193
22146,0.03321238898901473
22147,0.108440518061768
22148,0.02175549087257051
22149,0.010994149943253755
22150,0.04341203248734551
22151,0.060334532385621475
22152,0.044659292315413435
22153,0.14249172570189206
22154,0.0298574934163282
22155,0.022989139008975576
22156,0.14275445451865384
22157,0.07432042631668949
22158,0.2535957595013969
22159,0.03210219499270012
22160,0.028242401977531327
22161,0.0588399176861877
22162,0.061476301064941744
22163,0.08627687209064024
22164,0.09013905422003615
22165,0.0093050021651735
22166,0.03952154669660802
22167,0.03137459291912702
22168,0.02145309450105677
22169,0.0823807505169131
22170,0.04708594962448802
22171,0.08568157301733056
22172,0.03625314929530669
22173,0.0189613311259982
22174,0.058737357362969686
22175,0.03755405368065261
22176,0.009984262591980028
22177,0.260320295594304
22178,0.017266440019321923
22179,0.09120426864245293
22180,0.6940071921818339
22181,0.041271686270722835
22182,0.029916604470182438
22183,0.14465348740337408
22184,0.01667673944094948
22185,0.05294199779081947
22186,0.03825196517223473
22187,0.041265427603792745
22188,0.1822782025457098
22189,0.4072901080239
22190,0.025604581652526638
22191,0.013174306105343057
22192,0.020068927581690165
22193,0.06683978765655293
22194,0.030466245710097924
22195,0.16595443377937794
22196,0.04371074923809657
22197,0.6481136828725641
22198,0.03193558773423243
22199,0.05110486646905531
22200,0.07009516461968296
22201,0.07907799879382078
22202,0.050442008629609
22203,0.08818166495971061
22204,0.03077689268425038
22205,0.10697551820209986
22206,0.20026810546761578
22207,0.039161622225570514
22208,0.044861490144593674
22209,0.01936379200318206
22210,0.0822474590459935
22211,0.07855997444630106
22212,0.21096970440498491
22213,0.19852169682976356
22214,0.030482169726357502
22215,0.03599007640488436
22216,0.02814331287407086
22217,0.1707604396257967
22218,0.020967415549283958
22219,0.09704866708673685
22220,0.09941661432598621
22221,0.06312080594598474
22222,0.03322340591244473
22223,0.06973695983126847
22224,0.13206501810840054
22225,0.6391069722624767
22226,0.02805841230720893
22227,0.012336481854937076
22228,0.10893974818363228
22229,0.0687280660268264
22230,0.0721270573879561
22231,0.0488409059821885
22232,0.07693893504324203
22233,0.17075205772649357
22234,0.12171807299139947
22235,0.019328431678997223
22236,0.029080742608817434
22237,0.05425714751851581
22238,0.17031507361831164
22239,0.054892201860301824
22240,0.07209731878132364
22241,0.04033102895665207
22242,0.032999809144680134
22243,0.040530516672426846
22244,0.1042145557335495
22245,0.11298037645218588
22246,0.09811177610510635
22247,0.08279445080608965
22248,0.05162862518931414
22249,0.0841904024244624
22250,0.12555339068887356
22251,0.05656238903426422
22252,0.07909607829780196
22253,0.015954834717067545
22254,0.02219886908519875
22255,0.09352383621394786
22256,0.08330606659699295
22257,0.0715287803749543
22258,0.08344166530428149
22259,0.06164212348654846
22260,0.07083610661486542
22261,0.1306632739413523
22262,0.02593860673260618
22263,0.020756660024830263
22264,0.1352515018516763
22265,0.022817877873732052
22266,0.07098108280294478
22267,0.020711581599950853
22268,0.05331614635314951
22269,0.1611577644020033
22270,0.12125912810710171
22271,0.056444830454266945
22272,0.016336120186934387
22273,0.03249283997322273
22274,0.131013227667622
22275,0.02637631163859451
22276,0.11881701173436203
22277,0.05841786454895148
22278,0.3764316527470665
22279,0.08957549000671476
22280,0.03354877872087565
22281,0.014179693594905885
22282,0.04514636304579543
22283,0.06302307318107891
22284,0.01886949347649787
22285,0.11663081648379259
22286,0.0702804622421408
22287,0.020482007550636828
22288,0.01963578615671753
22289,0.07776699984950855
22290,0.15928848805085613
22291,0.049000526183736404
22292,0.015478893626963253
22293,0.02461597753954217
22294,0.022343896320473983
22295,0.04341606234840856
22296,0.024937967177304926
22297,0.018806650592671947
22298,0.03352958752024832
22299,0.08995169975591347
22300,0.19589317038315981
22301,0.08144171666804215
22302,0.021629019700933286
22303,0.022724594038408614
22304,0.08166863091923679
22305,0.04893346408729126
22306,0.039816689354850915
22307,0.0965252029231222
22308,0.06114899782265616
22309,0.10159087571519752
22310,0.04108554636514407
22311,0.1652822768469689
22312,0.2713889580320929
22313,0.024511053122526143
22314,0.08568350226258173
22315,0.016567459244495222
22316,0.030735934054700702
22317,0.06716524924619258
22318,0.04095538377498366
22319,0.1092780081146978
22320,0.013617027598365085
22321,0.053018734099944266
22322,0.10356731104847698
22323,0.05567483811055634
22324,0.05319458603382557
22325,0.07287581642583317
22326,0.05464913805556806
22327,0.02814436232183065
22328,0.044672359984629
22329,0.02753434295654096
22330,0.07705028460912848
22331,0.03631120800906798
22332,0.03845258631797623
22333,0.028149253765452728
22334,0.01637023938079571
22335,0.13243086956535133
22336,0.027375556717892973
22337,0.044154093464793896
22338,0.013246887545497212
22339,0.07453168308189041
22340,0.07428884723732464
22341,0.0513312403440666
22342,0.18416928542366706
22343,0.023659762253344735
22344,0.2960151619618704
22345,0.01904637417754949
22346,0.06602891007566172
22347,0.09283040926590805
22348,0.05772966797129826
22349,0.1291536558504652
22350,0.09090651958884619
22351,0.024815225818154638
22352,0.08198531396697709
22353,0.057189221374626245
22354,0.04548166302840749
22355,0.060586665506834086
22356,0.060225546438960685
22357,0.019296009676732454
22358,0.031216546671498965
22359,0.03490451724875709
22360,0.02622522146750106
22361,0.06326845962976323
22362,0.035276871872192216
22363,0.03536149329947673
22364,0.05695306366527324
22365,0.10014820189151893
22366,0.5633935842681215
22367,0.021274285136969228
22368,0.015261106895053904
22369,0.039731355401901314
22370,0.01498005510871486
22371,0.03450822441204777
22372,0.024232538269807508
22373,0.06570800649665512
22374,0.012132678441629767
22375,0.03504245900797445
22376,0.01066287647217386
22377,0.018892687220384542
22378,0.17761602870014462
22379,0.02385037523197269
22380,0.19511171343691652
22381,0.0895690654411596
22382,0.030032894001485705
22383,0.5297529251075882
22384,0.18448262797202694
22385,0.03140959814889696
22386,0.011856821788095074
22387,0.017516977214661087
22388,0.02516956426798561
22389,0.02676427783854153
22390,0.0320412487440376
22391,0.06689296739781873
22392,0.022354799008869813
22393,0.07177904916985359
22394,0.15072853041460602
22395,0.10960372100945052
22396,0.012696541081312959
22397,0.056021381603195766
22398,0.07893191636231524
22399,0.06362872325445305
22400,0.399240686328738
22401,0.1397364667982667
22402,0.1155469202153848
22403,0.12968545907885198
22404,0.05996112292504096
22405,0.0310727576757481
22406,0.024862678452869234
22407,0.013535633295021228
22408,0.10031678176926519
22409,0.03480875888667688
22410,0.0600570062245344
22411,0.013900733112879805
22412,0.12282185212159161
22413,0.028041783758655667
22414,0.027983330469776815
22415,0.025575142169115918
22416,0.021266871427417233
22417,0.052880815938418674
22418,0.013920983500092543
22419,0.09653119281622409
22420,0.06679167257174981
22421,0.01715204579518289
22422,0.021395816994807994
22423,0.03567428167290036
22424,0.12394118732400919
22425,0.06852583006302009
22426,0.2217412842139458
22427,0.06371331923679263
22428,0.013383868473284578
22429,0.013839560516222224
22430,0.011411683299667227
22431,0.03812160083308883
22432,0.08090365496384838
22433,0.11112136900871451
22434,0.052800238192685395
22435,0.013096286582469975
22436,0.3692066178878496
22437,0.03306297059254031
22438,0.015813172723445464
22439,0.01071516370745555
22440,0.13874175670332864
22441,0.3538385258875987
22442,0.08508914573203287
22443,0.04189297749739891
22444,0.07732454706349336
22445,0.05789578755749663
22446,0.10613869182236593
22447,0.012244624250858756
22448,0.09580347689939203
22449,0.00959733874894101
22450,0.22385867868586748
22451,0.03348173230634275
22452,0.09004348638021017
22453,0.03295633123898077
22454,0.5657642126816154
22455,0.050526442137580264
22456,0.04198206985868394
22457,0.07876831503779637
22458,0.014253389626133688
22459,0.010162624127612896
22460,0.011157602381141836
22461,0.052527206737085816
22462,0.09011337877717888
22463,0.09340353182257478
22464,0.14718402001488737
22465,0.09067680717946502
22466,0.01930822090530487
22467,0.034443095061740286
22468,0.059002984763829154
22469,0.07205277757415415
22470,0.10049408891155417
22471,0.02563598754786546
22472,0.06781953046870753
22473,0.01719570231261261
22474,0.030118754295214763
22475,0.0212917749552329
22476,0.08590834858737212
22477,0.04084683488356139
22478,0.16746313096968707
22479,0.16012142409444585
22480,0.12327353689684532
22481,0.07631376675685565
22482,0.02130859098081207
22483,0.131446699138284
22484,0.018941150699870752
22485,0.03010638999973389
22486,0.0916229760170798
22487,0.22206928836332915
22488,0.032117265871619324
22489,0.04805390838409271
22490,0.023910257469099618
22491,0.046694727103238555
22492,0.05983246757945625
22493,0.02744078863296231
22494,0.012632448300390198
22495,0.01060060869579564
22496,0.052228811953844385
22497,0.027217548445239634
22498,0.1738420356345937
22499,0.01870272575441797
22500,0.02213819499095419
22501,0.02700460491590038
22502,0.2354207467403604
22503,0.04974721416388986
22504,0.02296510759465578
22505,0.029842521257694474
22506,0.02690034369914082
22507,0.038689576653594
22508,0.05614870959130726
22509,0.03235706751409219
22510,0.1234158999990386
22511,0.05102849000054552
22512,0.02460611207177532
22513,0.12414601272223817
22514,0.036124417200839025
22515,0.07015254454498918
22516,0.06369513683105249
22517,0.05619558513057534
22518,0.02918886426640447
22519,0.014869449160006667
22520,0.042406422187992315
22521,0.1745926153277026
22522,0.018618728602708662
22523,0.08232613562817187
22524,0.019324456797786948
22525,0.021793211274000635
22526,0.022611735456179727
22527,0.03822892867752075
22528,0.10149034324869317
22529,0.02474208901526551
22530,0.045839760099007976
22531,0.08886627256886445
22532,0.023508495362566044
22533,0.06560716244749125
22534,0.040022600251241505
22535,0.03696110702642358
22536,0.031817396986342276
22537,0.06901805392971905
22538,0.17442808528186657
22539,0.01891778734571402
22540,0.11955797266709549
22541,0.11166856308770375
22542,0.02522339479534557
22543,0.03420056491344603
22544,0.0773509911331158
22545,0.012688606382397242
22546,0.04360490491288968
22547,0.3423922258832468
22548,0.012474635128037767
22549,0.050832100827955924
22550,0.057749750646116746
22551,0.05898886173336427
22552,0.09652185990984959
22553,0.04779069391947326
22554,0.06060858289723408
22555,0.031747444347454606
22556,0.18242099033169704
22557,0.07733851907731182
22558,0.025937341765291985
22559,0.02503860069005976
22560,0.03046935349562263
22561,0.02237232386721799
22562,0.049312474273724954
22563,0.14778065302201
22564,0.034423368192327074
22565,0.028529303407164086
22566,0.0535652384081725
22567,0.014579754223240697
22568,0.0978273003420965
22569,0.20768257751231992
22570,0.03253406778622778
22571,0.02201760553342218
22572,0.04765394728507892
22573,0.03250258737750423
22574,0.02881943722186748
22575,0.06725825833866161
22576,0.0289780712911212
22577,0.08337474496898599
22578,0.07369796771031982
22579,0.048989887922446136
22580,0.02280370462578225
22581,0.050094459564042404
22582,0.06987302648379021
22583,0.07840708900192062
22584,0.15731287753579076
22585,0.32177619255546397
22586,0.08143438048977977
22587,0.039091766061048513
22588,0.06195086354901397
22589,0.12129804691539357
22590,0.017007016452393366
22591,0.05831960095788488
22592,0.15911905049857852
22593,0.015405640669357784
22594,0.05270804105736793
22595,0.07997923590511516
22596,0.012520210983304669
22597,0.022878226427267688
22598,0.058839965311692305
22599,0.0730934739428506
22600,0.017135058382450344
22601,0.03249623869526145
22602,0.018577305550063858
22603,0.13013965132932803
22604,0.052534177978512106
22605,0.026810276432402372
22606,0.008201982611559886
22607,0.020202014161218432
22608,0.10577100656316807
22609,0.02334142290975911
22610,0.046475828418317586
22611,0.10579674303463821
22612,0.012183274809343602
22613,0.032479860281422836
22614,0.06525479737884998
22615,0.0771813174253313
22616,0.0785157535618557
22617,0.043551822708688084
22618,0.0328475138836034
22619,0.016985454582231316
22620,0.2677383737553957
22621,0.0438246230526623
22622,0.11676437189915373
22623,0.13796311233561054
22624,0.03154911633762031
22625,0.030193048614442462
22626,0.04847622668789346
22627,0.0376602567066546
22628,0.014344699525773587
22629,0.04265217938414588
22630,0.017521067388619974
22631,0.04226778195551211
22632,0.01521863043047366
22633,0.12074263696645052
22634,0.05689227251915034
22635,0.047728772221737326
22636,0.04802319370795232
22637,0.036278428216920594
22638,0.02857494973326781
22639,0.023964341994473025
22640,0.03547285960156604
22641,0.11920975178767895
22642,0.055977367321900694
22643,0.09628182751120845
22644,0.1321556131266895
22645,0.1300598278892652
22646,0.07420892910539012
22647,0.029099513392107007
22648,0.014546184684011818
22649,0.1480974345760847
22650,0.18233262911353973
22651,0.024738974497327842
22652,0.013634695423491747
22653,0.017392093845515193
22654,0.0953136174480725
22655,0.04505395959643257
22656,0.04316863478083762
22657,0.0756845979446715
22658,0.13139252556893427
22659,0.02069806516782012
22660,0.14813433412352633
22661,0.021125791784099724
22662,0.8547890255383099
22663,0.018003191887094584
22664,0.12889466455102536
22665,0.06223406923109109
22666,0.19407132620440593
22667,0.46271818779428187
22668,0.024115568163198597
22669,0.04164840018062126
22670,0.025595791772913528
22671,0.013384398226427917
22672,0.112782693249283
22673,0.1639761949576802
22674,0.03670801792407817
22675,0.06552881474360012
22676,0.04498781013589479
22677,0.026136575358956585
22678,0.039014018621809005
22679,0.0321235383765175
22680,0.02026778563518306
22681,0.04230069831522511
22682,0.07761064816421559
22683,0.10781318101787202
22684,0.014236757316094575
22685,0.029879328035278003
22686,0.021117261723572797
22687,0.05514418998953146
22688,0.015323102741059386
22689,0.02614986928575392
22690,0.037228461531105365
22691,0.12514558741860315
22692,0.10370336877389902
22693,0.05776048959377328
22694,0.05293415531008377
22695,0.15553344048617443
22696,0.04919569959097145
22697,0.01316310740531998
22698,0.15786848563760786
22699,0.42046726404854823
22700,0.09427402371762679
22701,0.046050690284845985
22702,0.03725868988185536
22703,0.30960516722279185
22704,0.02443595157877093
22705,0.8725554826033464
22706,0.012650041716219564
22707,0.16399838696235658
22708,0.09453666761494575
22709,0.06759407848416651
22710,0.037206739611628535
22711,0.06382959012479535
22712,0.07865437490440486
22713,0.014747515451167554
22714,0.024297123186710637
22715,0.062041928565886056
22716,0.020104045341030764
22717,0.01780452005459613
22718,0.046729169495067335
22719,0.03411773109997189
22720,0.044456853576376076
22721,0.07623874713918269
22722,0.037540328479434136
22723,0.5256779264863379
22724,0.17411012376795898
22725,0.08577150913728691
22726,0.057435462146875074
22727,0.024438694141861072
22728,0.11006127089654277
22729,0.10444756727009799
22730,0.032069670546832026
22731,0.03198627364063606
22732,0.03612690393952178
22733,0.0577872671202173
22734,0.023835534361541802
22735,0.03139532616448963
22736,0.09250108564985747
22737,0.023614340556112726
22738,0.10067842194364987
22739,0.010044859077011064
22740,0.07756268308614414
22741,0.04199698239839928
22742,0.03840121080522897
22743,0.06324766528097155
22744,0.06860752107876471
22745,0.09558390845865641
22746,0.1400686512328431
22747,0.01616590690641159
22748,0.06792425132776174
22749,0.009442629140009493
22750,0.060146210180024286
22751,0.019332726474024436
22752,0.012517351178975258
22753,0.08900057341628378
22754,0.031712848981922545
22755,0.06480014501833098
22756,0.056954824188236525
22757,0.020738750898186248
22758,0.026758120702110578
22759,0.025218923861829775
22760,0.03740348812311587
22761,0.01604078804977488
22762,0.03918780577522235
22763,0.0401490659407067
22764,0.17588657883003778
22765,0.07464567778218585
22766,0.020875357178458308
22767,0.0306586806813494
22768,0.04326050865957041
22769,0.05591977060609497
22770,0.18886814540092675
22771,0.009840273373934708
22772,0.050546788453992214
22773,0.014116441412905903
22774,0.036790109278418366
22775,0.02915121756902702
22776,0.04534431555685061
22777,0.0498194551880913
22778,0.11420865325050104
22779,0.09442919698203832
22780,0.04019778981431476
22781,0.028295095752367324
22782,0.016821547947122675
22783,0.12284719631533364
22784,0.17428105015758616
22785,0.01565585279663145
22786,0.03820662073047193
22787,0.037997085478129876
22788,0.08809050389025824
22789,0.08557092232955096
22790,0.0595508261906875
22791,0.1516744475592111
22792,0.02624361143730175
22793,0.012428371084079579
22794,0.014621526902585976
22795,0.030682782183327706
22796,0.04894914412315818
22797,0.057224320560075405
22798,0.03879510388736933
22799,0.025189158116683933
22800,0.03383337619502009
22801,0.05765970983655781
22802,0.12204555017539755
22803,0.028117895150292033
22804,0.08501670578114902
22805,0.016202085380038814
22806,0.04288511546268268
22807,0.13560042766177074
22808,0.044120610963992696
22809,0.026509333731866643
22810,0.05108666680129073
22811,0.02938012016955128
22812,0.05642216515156555
22813,0.27367215967846636
22814,0.027475775965947528
22815,0.16001309749284479
22816,0.1569873766188352
22817,0.054494263920177144
22818,0.031364792703738355
22819,0.012191933908821798
22820,0.06796767517014869
22821,0.0681422059201593
22822,0.07714969146810768
22823,0.028786497768620974
22824,0.028905618465562742
22825,0.048764157628727475
22826,0.22384583660318969
22827,0.037279169461859295
22828,0.153373231546679
22829,0.1720518585324563
22830,0.06487503333402145
22831,0.10181021878874055
22832,0.9243675552326271
22833,0.15233922581300663
22834,0.0658298084113287
22835,0.05354333551788228
22836,0.23070886771981677
22837,0.19828728283212715
22838,0.017434555507388712
22839,0.027072359033829256
22840,0.03665579092543094
22841,0.010923709817196002
22842,0.4502690573907874
22843,0.1015107166429328
22844,0.06517655487115875
22845,0.026067802054880226
22846,0.03499358919294952
22847,0.06703418291963587
22848,0.045968041917369584
22849,0.1078807877889904
22850,0.042694867441762416
22851,0.040676341330280155
22852,0.018454544074567845
22853,0.01844475256271301
22854,0.011003241392770693
22855,0.061422419427863265
22856,0.0418836378292786
22857,0.017432141561735358
22858,0.030236894592252317
22859,0.04979677915476351
22860,0.015462652929169214
22861,0.05049906563697218
22862,0.11777677641028772
22863,0.10992164748547091
22864,0.015127399242447555
22865,0.015961694633150652
22866,0.016291796731478805
22867,0.020176011720748996
22868,0.02515419177800456
22869,0.18232183579218528
22870,0.026832853015302527
22871,0.02403939676062307
22872,0.028656564240412172
22873,0.09190869964269202
22874,0.012803292667783746
22875,0.030741113361368085
22876,0.1088954521658961
22877,0.1980086801223711
22878,0.0478997212782816
22879,0.034149726825471245
22880,0.038830171133044086
22881,0.030467078669540168
22882,0.047603014924612344
22883,0.025844478153118834
22884,0.24153362277113655
22885,0.04226502992862861
22886,0.11693573341760786
22887,0.09930024578672826
22888,0.5796828600847903
22889,0.8673656703503102
22890,0.01447987321047068
22891,0.08625614179166187
22892,0.26189074220728115
22893,0.038564097373344756
22894,0.09391183057510846
22895,0.22997330461987078
22896,0.019941756513459176
22897,0.01654414644193026
22898,0.03403223968729088
22899,0.03518704000161357
22900,0.10573933919217353
22901,0.020203938246349355
22902,0.0679743035199005
22903,0.014121834033468249
22904,0.019367786211669145
22905,0.2701333115793247
22906,0.09130727718523814
22907,0.03978977070578906
22908,0.032635323801544575
22909,0.021553988764237857
22910,0.08403575144689962
22911,0.0463755546761832
22912,0.02108533728149146
22913,0.026610391801642777
22914,0.07505458352927025
22915,0.04086286647151583
22916,0.030465596680233298
22917,0.05413907205944908
22918,0.0878640549542325
22919,0.10345129629231999
22920,0.11871435389579864
22921,0.03623767456901603
22922,0.11515304214009556
22923,0.02791902567584286
22924,0.020575491656615832
22925,0.01722757249536606
22926,0.08338719075350844
22927,0.02016528177786195
22928,0.030462656666701473
22929,0.02856897800066597
22930,0.0428787716732753
22931,0.04612783581086489
22932,0.03385076512356189
22933,0.02208553725641699
22934,0.015296745489903377
22935,0.017811417356363133
22936,0.015473254249806499
22937,0.10535319700942665
22938,0.04779663856748732
22939,0.13875756201295242
22940,0.023908419403233273
22941,0.10011806379156037
22942,0.02177014000348944
22943,0.01487431429493371
22944,0.06732872384466904
22945,0.06593890619215598
22946,0.012427570624286566
22947,0.030815638197819
22948,0.0362926834691351
22949,0.044046225994973626
22950,0.5368414323685836
22951,0.10398073497244852
22952,0.020904985956199815
22953,0.21595595468630843
22954,0.05410615503772994
22955,0.01222333427214989
22956,0.050746953853135164
22957,0.06196253899389213
22958,0.036405724388906484
22959,0.07522443640537918
22960,0.05361834639091189
22961,0.06641482634555426
22962,0.024033940887408765
22963,0.031031796552833363
22964,0.033980826769266434
22965,0.1027743315476918
22966,0.12685804405930753
22967,0.10015100441741837
22968,0.12328084145883457
22969,0.08038143918595338
22970,0.028358807261586856
22971,0.2499936090183637
22972,0.06544881035813252
22973,0.054144129935936834
22974,0.03180668346616954
22975,0.027510872151815326
22976,0.034707187835141824
22977,0.03242492950039833
22978,0.0354354538406825
22979,0.12545521760166548
22980,0.060223609903324545
22981,0.07828843156886758
22982,0.02843692907823202
22983,0.04245705432841204
22984,0.10415702973086902
22985,0.0887980084790308
22986,0.04295878036160094
22987,0.013932696268810118
22988,0.030022467937850447
22989,0.027732870232264326
22990,0.02078766487754824
22991,0.0129596373619019
22992,0.02565556815080197
22993,0.12028453955236612
22994,0.01710748164861348
22995,0.06032424560310249
22996,0.07657417739809794
22997,0.025309680519580595
22998,0.07578003062432256
22999,0.03476913122987163
23000,0.05613812002573306
23001,0.09842461099400014
23002,0.04981386390914028
23003,0.01814047651444041
23004,0.017180717204782543
23005,0.034446325101344474
23006,0.04025072239634829
23007,0.22188058093874985
23008,0.037257217248969854
23009,0.6550418142974475
23010,0.013140208921466588
23011,0.018694433269399416
23012,0.09238037495333623
23013,0.07120984060411016
23014,0.0365395882087929
23015,0.037179303024251
23016,0.05773861057750332
23017,0.04103911824863564
23018,0.012673943046062704
23019,0.03952534433341916
23020,0.042906257472612425
23021,0.019444277871865773
23022,0.02892250441424065
23023,0.20428743995066567
23024,0.015354022692776536
23025,0.025632028116214418
23026,0.16303839922156665
23027,0.11045513646145978
23028,0.09789051323010874
23029,0.020394658689400894
23030,0.011087721827104983
23031,0.01553969832574101
23032,0.01743677381706068
23033,0.025549200732339353
23034,0.033952654511961035
23035,0.028022904604394418
23036,0.01199297880635577
23037,0.04064601585603446
23038,0.01767715853162732
23039,0.25133216036704836
23040,0.010854022989566661
23041,0.31776750007534826
23042,0.03863469646353056
23043,0.02435385973504346
23044,0.13782678847249413
23045,0.09062507463484047
23046,0.07038033142106104
23047,0.03452356766498696
23048,0.013873563997579762
23049,0.01656982777850581
23050,0.014021219089596337
23051,0.06675280423094389
23052,0.07018220348172566
23053,0.02282513791425747
23054,0.07156697004783862
23055,0.07211797187407086
23056,0.03349933274522225
23057,0.05639193933885338
23058,0.11198191536925815
23059,0.02124764027292165
23060,0.031271698061855806
23061,0.11947624041652298
23062,0.08851008743503463
23063,0.05681362473606033
23064,0.025690236063031783
23065,0.05860376782445896
23066,0.12480446715539553
23067,0.01953816803044026
23068,0.09592354132486566
23069,0.010968221284225263
23070,0.028858633732812597
23071,0.05413839783665097
23072,0.027386036413884422
23073,0.07461369940526369
23074,0.06481189070764985
23075,0.06683763168430769
23076,0.06030420122338851
23077,0.08346093101775197
23078,0.06097320950875072
23079,0.07916191693477015
23080,0.12192289161142394
23081,0.5031956319984421
23082,0.025243528590332402
23083,0.03533462601588168
23084,0.04603706567224916
23085,0.23727598376758754
23086,0.14529423360280994
23087,0.06284847037026903
23088,0.017535617449650265
23089,0.06913072361660474
23090,0.019657340484931674
23091,0.023488671035891744
23092,0.02907260365785729
23093,0.012960608731226887
23094,0.2280403972082932
23095,0.03911549647986356
23096,0.017129405690500643
23097,0.037856042915971395
23098,0.017085730390399394
23099,0.02634280341327365
23100,0.039252389156436404
23101,0.463869419652974
23102,0.06610112492820791
23103,0.01835385960214091
23104,0.032489994288353835
23105,0.007639788363298435
23106,0.047927294204823945
23107,0.06494393337702897
23108,0.03273947172297094
23109,0.06357286881248969
23110,0.009704619767860287
23111,0.018657964481789246
23112,0.02887747449030753
23113,0.012940277917526286
23114,0.1504012007970834
23115,0.16523624815107746
23116,0.1815888090993233
23117,0.02925120101121585
23118,0.029100872176287543
23119,0.09750325217858916
23120,0.11012632260571126
23121,0.018883290785272597
23122,0.04152121118226301
23123,0.022794016931676313
23124,0.02839572929026369
23125,0.02155117395425048
23126,0.025929321168386754
23127,0.09600879802602172
23128,0.23667630166334847
23129,0.02184389230505359
23130,0.07878282610233583
23131,0.019028468871749357
23132,0.019260418848532204
23133,0.03394053648480092
23134,0.06495079175641275
23135,0.24164681150563247
23136,0.011523377575799564
23137,0.11767608662141568
23138,0.05238401135919522
23139,0.03756265035530314
23140,0.02153830896042993
23141,0.01833424074695568
23142,0.1129286267024307
23143,0.13042127075860244
23144,0.08024132157234845
23145,0.06350343630401807
23146,0.03131304048284063
23147,0.07415814423781936
23148,0.03830645884988308
23149,0.05795008158336708
23150,0.023337091106797304
23151,0.04960460607392077
23152,0.10449180239145173
23153,0.03013254336903215
23154,0.02493670479989792
23155,0.04998922247349277
23156,0.046969281079065346
23157,0.04142732337033723
23158,0.08884915381364307
23159,0.041407593824634575
23160,0.038504988683784575
23161,0.11568564658335045
23162,0.013638643616508178
23163,0.025068105485254958
23164,0.016896898193070334
23165,0.46750017629211726
23166,0.026487612942042885
23167,0.03624680423064904
23168,0.05701306891124985
23169,0.10505988035992211
23170,0.020201380685236397
23171,0.15560020294698915
23172,0.021326577436112222
23173,0.0592030154546934
23174,0.08097184104493255
23175,0.012126137550981313
23176,0.08687920796406287
23177,0.015122774196684664
23178,0.044938938982294965
23179,0.0338751197812589
23180,0.06647815738190527
23181,0.01553359392858561
23182,0.024920799188704403
23183,0.02177532504684755
23184,0.02778248145558858
23185,0.153627521936162
23186,0.14224773461961704
23187,0.04808016654463147
23188,0.17844223148172478
23189,0.07852101038741197
23190,0.025849457453430796
23191,0.06380845457037267
23192,0.03367841049146764
23193,0.03394233376837432
23194,0.03142244599223396
23195,0.08204154126205221
23196,0.17405493006188924
23197,0.042401622064025674
23198,0.08856335662043996
23199,0.035727085385950354
23200,0.050554122111438025
23201,0.20811169845732028
23202,0.020134999854051053
23203,0.0968401085261218
23204,0.08189123994567303
23205,0.06931233619776311
23206,0.04140404516692017
23207,0.03836227800000433
23208,0.060835423452169274
23209,0.18985843273728015
23210,0.017390334697757165
23211,0.034459528125393726
23212,0.031071377867074153
23213,0.05894388108830774
23214,0.028205185453839304
23215,0.034228068416043235
23216,0.02621177050804912
23217,0.13173169304009985
23218,0.04109343770246804
23219,0.015542910055847372
23220,0.06622964124755232
23221,0.03325517033255335
23222,0.027706708065013724
23223,0.01762576695002796
23224,0.06409257468789911
23225,0.14096035673063487
23226,0.06002369451400338
23227,0.06205116546990823
23228,0.018772096616714862
23229,0.11729419055441359
23230,0.08016714561823628
23231,0.041365735123903694
23232,0.2326846531444863
23233,0.059532930404747705
23234,0.02361621179320959
23235,0.06636852012018536
23236,0.04210403333369817
23237,0.10030703258263429
23238,0.0261356829503721
23239,0.010075134041244268
23240,0.08314107882387482
23241,0.08144406111379633
23242,0.24812545803147606
23243,0.026299922197947884
23244,0.05499581241471428
23245,0.032595119035354
23246,0.16958433847285195
23247,0.09241088151285437
23248,0.009253180528711906
23249,0.09522417594690054
23250,0.036081167338462596
23251,0.059208600180932325
23252,0.15984823215577712
23253,0.09787790910014893
23254,0.13510153539033115
23255,0.012445733100683006
23256,0.022577481114031184
23257,0.054855758045926614
23258,0.026582118188772243
23259,0.24676589169166566
23260,0.05948998905148913
23261,0.33720360054961684
23262,0.09622617871589323
23263,0.01215492841468472
23264,0.011973478436330672
23265,0.0583985113464041
23266,0.08668566171720542
23267,0.12156107734133573
23268,0.022336526779898433
23269,0.040022090952519636
23270,0.03618652194629558
23271,0.021600496699871893
23272,0.11434447960530814
23273,0.0728372764323668
23274,0.2296177368162241
23275,0.026432551759897848
23276,0.19695446651561804
23277,0.018930391078169816
23278,0.012623949099264148
23279,0.03631559176585496
23280,0.08363154622118688
23281,0.12866809677335442
23282,0.06574814544444661
23283,0.02146504335843608
23284,0.03761993978269942
23285,0.0303863049465322
23286,0.14580930577006015
23287,0.009865042075233718
23288,0.023012639353579736
23289,0.013362525420610043
23290,0.04759851564214175
23291,0.05176871111895906
23292,0.015485365493239792
23293,0.051758056295976296
23294,0.20795364239159558
23295,0.33073142757220936
23296,0.03699361666535189
23297,0.04108860376429567
23298,0.09355075819420122
23299,0.07624275072660636
23300,0.02221613517597091
23301,0.3985242718432396
23302,0.02587814668072836
23303,0.016847685577078508
23304,0.46863662816621593
23305,0.046497780184773
23306,0.11607950660193236
23307,0.2225114606307726
23308,0.11406013763153158
23309,0.07134879025675818
23310,0.03756242300776273
23311,0.027359830153959
23312,0.057023668277187904
23313,0.03146479562791584
23314,0.07399226432167177
23315,0.014213457358762985
23316,0.0873448251417471
23317,0.017540357686909074
23318,0.04564881860560868
23319,0.06172397710226299
23320,0.04319805229333909
23321,0.02028154303649977
23322,0.012411416455049928
23323,0.03777266500220978
23324,0.07368485362024255
23325,0.14925234748277916
23326,0.03213572261000171
23327,0.17388362249138128
23328,0.026247559722935875
23329,0.03531940111115529
23330,0.12107202897624375
23331,0.018470616651924465
23332,0.01831128004901339
23333,0.047758301059642606
23334,0.011570097601657415
23335,0.019281896666681068
23336,0.017075399456568174
23337,0.010269475641431141
23338,0.10616121866126776
23339,0.03486157643139459
23340,0.06498970818450983
23341,0.09514274321984477
23342,0.1617753757902233
23343,0.074218522294291
23344,0.05127344339284169
23345,0.06063942124002648
23346,0.03975885998316743
23347,0.13542818462942097
23348,0.02815319552506453
23349,0.023954676002371833
23350,0.011391136517363093
23351,0.08045097144615945
23352,0.05669887732259509
23353,0.06679874005982321
23354,0.028833047172246024
23355,0.016701509660094316
23356,0.07042632022450059
23357,0.014009321880948887
23358,0.09200863518592527
23359,0.058631194307149095
23360,0.05780121675192049
23361,0.03689524229613447
23362,0.0277447260401334
23363,0.026033885682624408
23364,0.019300411752001118
23365,0.02224137514104441
23366,0.01139997699129839
23367,0.03612213890867944
23368,0.08119491151249913
23369,0.05318046068151579
23370,0.1378541097759089
23371,0.0404420594113529
23372,0.02038693929762786
23373,0.05940890845864591
23374,0.024751538901299386
23375,0.06375772396907947
23376,0.128624892002271
23377,0.02575525292683544
23378,0.0403716125976956
23379,0.01041020308031849
23380,0.05888835166853887
23381,0.04203977961698064
23382,0.0350366130226482
23383,0.06277276337669786
23384,0.021521392440114313
23385,0.07539511820100575
23386,0.014492838958768954
23387,0.18512575450371135
23388,0.06680866299422687
23389,0.04681190147814411
23390,0.055829655599797696
23391,0.047588896318282434
23392,0.07886574158851876
23393,0.020814459643222892
23394,0.02856607404545972
23395,0.04227559677764272
23396,0.04050901142130296
23397,0.014944448479529386
23398,0.060986072239233385
23399,0.015906448486745644
23400,0.015696149987027536
23401,0.0860408453874773
23402,0.021236017954204284
23403,0.08320816000014639
23404,0.06476186153450135
23405,0.03873667167590152
23406,0.06469349922640233
23407,0.027589547014544906
23408,0.05410254808552812
23409,0.02112387178816391
23410,0.33211601310104744
23411,0.014437798971026067
23412,0.21494565451510317
23413,0.03090994941820723
23414,0.03344712530217021
23415,0.028295757163549408
23416,0.026923716202376206
23417,0.14541461845715237
23418,0.05960507988289039
23419,0.1472788765239295
23420,0.10155629741120004
23421,0.08337581027682574
23422,0.02987538757849383
23423,0.03875653323696311
23424,0.014447224897240284
23425,0.0735727342691669
23426,0.05775215450914161
23427,0.03730405934901429
23428,0.03998907452113947
23429,0.05691688012887652
23430,0.07270351568626549
23431,0.05226675721241805
23432,0.45208410888891387
23433,0.03401952809414043
23434,0.02433233222076944
23435,0.04001389231314177
23436,0.021192615241006754
23437,0.030066002433465435
23438,0.18196567863617447
23439,0.07425773920722925
23440,0.014980928100177716
23441,0.026534583234361628
23442,0.042419620810181656
23443,0.054968033973618526
23444,0.023089798848718576
23445,0.11835509414766424
23446,0.04069538372747098
23447,0.024266761717438697
23448,0.038645696854081646
23449,0.0385853700480458
23450,0.03516002068332426
23451,0.02289509142465464
23452,0.02120808806933678
23453,0.02044199780569296
23454,0.036041552488364444
23455,0.0483108989433558
23456,0.06303068201124556
23457,0.13468957527368994
23458,0.7198200277875826
23459,0.026764351950370146
23460,0.12594712931433585
23461,0.13780343441360948
23462,0.05032885562702773
23463,0.05043855249368444
23464,0.040291967876177844
23465,0.02561578121788226
23466,0.02501893971482809
23467,0.06363229993038731
23468,0.09711295036119884
23469,0.022692772262550686
23470,0.11234159289174922
23471,0.03975984250654424
23472,0.034999140600075515
23473,0.06543760368994768
23474,0.13493224574180224
23475,0.08008965168716675
23476,0.015407569930422142
23477,0.022970523230770437
23478,0.02333421942323869
23479,0.18942287722042994
23480,0.08657223768573864
23481,0.06553187753050856
23482,0.02850740496454258
23483,0.007195610095707786
23484,0.03892563008754106
23485,0.05857676185183755
23486,0.04000093605264389
23487,0.05448446165997415
23488,0.1340917976978764
23489,0.04346796689145843
23490,0.02028288407450557
23491,0.03500006004377815
23492,0.03723495344184994
23493,0.021875285887783764
23494,0.08951210810483058
23495,0.1480495744205191
23496,0.07915637392244498
23497,0.09942836844746067
23498,0.015788471949734567
23499,0.12017812557406118
23500,0.036476039198106124
23501,0.024079234605919732
23502,0.1747942389700949
23503,0.026206381706765987
23504,0.02255366039265321
23505,0.03711772391356214
23506,0.05229394926023634
23507,0.01957471590066754
23508,0.15974720525216593
23509,0.03055841910850742
23510,0.07947956796611948
23511,0.039615245440185264
23512,0.07306178092717877
23513,0.058902622777308004
23514,0.01885934851645131
23515,0.28985694161143527
23516,0.10867629240986984
23517,0.024647270837641483
23518,0.039889941564987944
23519,0.021690980371875185
23520,0.020227918397068088
23521,0.1118791874135549
23522,0.07290462324991334
23523,0.027704851155340396
23524,0.04934055009660474
23525,0.06076473303115948
23526,0.07007955280966208
23527,0.012241053814223921
23528,0.020366791123968605
23529,0.012697555308318273
23530,0.05163877796450355
23531,0.08623028306303704
23532,0.013627023693834207
23533,0.03542594384112914
23534,0.12411444437248642
23535,0.1214408759993195
23536,0.057156127931117934
23537,0.4580885020372789
23538,0.03688969604063383
23539,0.3143369752443611
23540,0.057061337064568673
23541,0.08763969953673843
23542,0.06373797493536085
23543,0.061988091849121366
23544,0.02830195524885596
23545,0.029571689481837814
23546,0.06059127319736891
23547,0.03439165339892297
23548,0.06828263019667814
23549,0.019250067137827762
23550,0.028184111320478777
23551,0.02329190127239056
23552,0.030647521391947367
23553,0.09538289871744238
23554,0.025467544130271944
23555,0.04559629231552919
23556,0.04676705443923501
23557,0.03803266890132939
23558,0.04862812933382292
23559,0.3846330916252711
23560,0.013784106808419978
23561,0.13753826369563876
23562,0.020359435172753335
23563,0.2262425865018428
23564,0.10537488884625265
23565,0.09435223214798721
23566,0.049364996511962925
23567,0.06470607291439581
23568,0.010397833077157526
23569,0.1632905581039093
23570,0.02248332406951888
23571,0.22825897961889718
23572,0.1644736533829959
23573,0.028815339780266
23574,0.04239545370651887
23575,0.04099357249370944
23576,0.06448973845142146
23577,0.02454743324535956
23578,0.04521203391771143
23579,0.03068898073147616
23580,0.07713209391032724
23581,0.08069958017305301
23582,0.027726732812272926
23583,0.057665183107662825
23584,0.042944212662901535
23585,0.011256508458899611
23586,0.09859922850486313
23587,0.08591160792791247
23588,0.02030794842890895
23589,0.012629487703434826
23590,0.09486227314249825
23591,0.027628875508101444
23592,0.06883091371438375
23593,0.039007515948292444
23594,0.055166740275211894
23595,0.1596067861280804
23596,0.04285863473935157
23597,0.06345649730189433
23598,0.27575151975385
23599,0.015183414349154213
23600,0.018104689344426095
23601,0.040792059227073255
23602,0.03367573014835194
23603,0.027878265353378655
23604,0.027740080254656078
23605,0.0250127479672749
23606,0.040180607865131925
23607,0.1019338845478466
23608,0.024665881105812016
23609,0.08644504542815354
23610,0.0474862542399207
23611,0.09022610678734282
23612,0.03558419318177031
23613,0.2366455759081587
23614,0.02774379369959915
23615,0.08305130468308486
23616,0.13767873068279124
23617,0.021197104833692592
23618,0.06667832292240983
23619,0.04017555471687647
23620,0.02194699363811216
23621,0.18704065932672914
23622,0.12376974919589437
23623,0.057780581810916457
23624,0.022309207734393866
23625,0.1141672802952732
23626,0.1099728538342255
23627,0.08482793231867407
23628,0.029575814553749503
23629,0.12379786572464906
23630,0.01950048980402301
23631,0.03497185116914338
23632,0.12403029900932942
23633,0.01493482306325834
23634,0.011522394793647006
23635,0.03972989301148478
23636,0.01064472100839939
23637,0.1523363675399042
23638,0.05652349477563102
23639,0.0298539297034563
23640,0.03691905593486881
23641,0.017599400186880363
23642,0.012985316023982264
23643,0.07063270660600249
23644,0.027178176918888138
23645,0.08987427136671869
23646,0.0728475405721046
23647,0.0391206034097047
23648,0.031188684180384466
23649,0.1584368046988191
23650,0.2617847798491314
23651,0.016080377675644526
23652,0.049450545837847505
23653,0.12053926247010179
23654,0.1000107432823859
23655,0.03743030183587501
23656,0.032378691746445275
23657,0.040318239123098266
23658,0.01246874512513254
23659,0.29599496910786355
23660,0.05372932504514959
23661,0.1214867946936789
23662,0.03273987948748049
23663,0.01598685782351345
23664,0.023063949704141586
23665,0.019177855350383702
23666,0.028675978619709514
23667,0.09778042275717709
23668,0.053178950991730756
23669,0.05925180628115156
23670,0.026609687140514218
23671,0.04299765459215254
23672,0.05840881556154055
23673,0.09195382461996231
23674,0.029505704204844344
23675,0.04382144622670797
23676,0.04568635104368865
23677,0.2755468916606657
23678,0.24737275853890553
23679,0.03436012982337795
23680,0.09381272417872723
23681,0.01960818357869962
23682,0.03626841905169187
23683,0.024173229162322764
23684,0.14245093582951532
23685,0.03584553267788403
23686,0.04703623924872391
23687,0.03258035763643408
23688,0.04272412060125032
23689,0.050560565163845696
23690,0.12012348579487472
23691,0.010989607797499232
23692,0.060252442056844456
23693,0.08842734271102887
23694,0.05914157717452194
23695,0.017081593369509665
23696,0.019823505797595585
23697,0.10951231409427906
23698,0.09000631244463095
23699,0.04786108248312823
23700,0.05712693766691258
23701,0.034366855079556405
23702,0.10617292190202865
23703,0.07237681155292522
23704,0.11348438670603604
23705,0.09408951834594673
23706,0.0402020112992038
23707,0.015560702030925085
23708,0.041070851676910936
23709,0.028314662957307855
23710,0.02139650964993345
23711,0.06555335671143286
23712,0.03232931023643626
23713,0.050486494452599624
23714,0.018143262989137224
23715,0.23684887094043697
23716,0.023947849559906587
23717,0.02164218875511016
23718,0.016609378080654998
23719,0.028236718579546502
23720,0.03912696808738073
23721,0.012877176691564742
23722,0.03459909467563874
23723,0.041082507891014336
23724,0.06629324457501935
23725,0.04371128248184668
23726,0.06824138332487206
23727,0.028621910758989545
23728,0.08171808776142432
23729,0.05474420831417519
23730,0.03733314431810132
23731,0.019930685428055078
23732,0.04768108323609518
23733,0.01621608924288475
23734,0.055360901645525123
23735,0.04723173106298107
23736,0.07557120122624386
23737,0.06925137360653538
23738,0.09044744963966637
23739,0.05065998517600208
23740,0.034949772525536035
23741,0.011578126936468383
23742,0.10065822984991803
23743,0.052463339277015894
23744,0.0779268994474283
23745,0.032037837097557066
23746,0.05055029878367642
23747,0.014703446256827677
23748,0.08517020530541532
23749,0.041422961716771615
23750,0.08043363275437579
23751,0.046434854192364476
23752,0.032262135117813916
23753,0.11201529712074382
23754,0.08636988529716338
23755,0.05420248670354469
23756,0.017930147069757364
23757,0.017588204838220406
23758,0.08130112926020205
23759,0.015184221783496557
23760,0.02589580389238441
23761,0.08170877407020101
23762,0.02492169741565326
23763,0.11898657883376076
23764,0.016440862222854766
23765,0.039066146800613405
23766,0.03429978812768206
23767,0.03878259114426505
23768,0.3792816179699148
23769,0.06838094742870118
23770,0.1077331591371035
23771,0.028466768831486803
23772,0.04751945972112291
23773,0.0650982010505006
23774,0.061779237823672194
23775,0.08965125882803515
23776,0.051397315857398984
23777,0.021986312314605634
23778,0.04456891249910108
23779,0.0273220858954651
23780,0.0581313083701557
23781,0.1704702147506011
23782,0.04588540175173667
23783,0.07580487730825762
23784,0.051002915203603116
23785,0.026818842775184093
23786,0.04556255153870719
23787,0.03616363265113881
23788,0.26230286987719387
23789,0.04818597233132276
23790,0.05159367124100696
23791,0.100073500243022
23792,0.052243011879014783
23793,0.019017170214872984
23794,0.021973066631525068
23795,0.1427861732782493
23796,0.02615392941098172
23797,0.0854263367975939
23798,0.9607318367873389
23799,0.08985466812899759
23800,0.035953012905322296
23801,0.023733707588419858
23802,0.23310073762202826
23803,0.042524505435012724
23804,0.13097078301888757
23805,0.08919165966330767
23806,0.14435755673727524
23807,0.012366097936442505
23808,0.05138199290985049
23809,0.10351521928223868
23810,0.047035351705440404
23811,0.1352484478684076
23812,0.198775133882249
23813,0.030166832095947123
23814,0.043912929948564855
23815,0.058820641203915724
23816,0.029200667393050418
23817,0.11768331803581898
23818,0.024945742406916594
23819,0.011919876476721662
23820,0.23928966152765896
23821,0.023220513513900844
23822,0.057349946281352704
23823,0.021732216581917197
23824,0.0843538585785189
23825,0.01775547045589664
23826,0.06526766232710186
23827,0.019628275098107606
23828,0.037777751406825974
23829,0.04520305474929982
23830,0.1733321274892734
23831,0.024855573727134882
23832,0.07102378144645898
23833,0.023396208322919436
23834,0.0879085514543157
23835,0.05513030223841048
23836,0.11197710998437067
23837,0.037647430601719545
23838,0.10431355922408503
23839,0.1186744250135161
23840,0.027267324269352945
23841,0.033470888569240353
23842,0.11076635183918586
23843,0.06010774262499251
23844,0.018316382211371635
23845,0.07764963113533832
23846,0.023373561084718213
23847,0.07283939033843594
23848,0.06118537838345392
23849,0.01248844776298607
23850,0.03473911559842529
23851,0.015269886960877232
23852,0.06582414632303035
23853,0.10750173588164488
23854,0.030175344950047832
23855,0.015753873757374266
23856,0.08261286176547118
23857,0.020871007743249247
23858,0.15093809620072943
23859,0.01679900341507678
23860,0.012383951095780818
23861,0.16304089639465708
23862,0.05964094963874808
23863,0.03773437524556433
23864,0.037698198390168025
23865,0.03019519166541833
23866,0.15136515028984757
23867,0.07989381753990346
23868,0.03325997683381011
23869,0.6339455320250937
23870,0.017696600467713344
23871,0.03469738745013641
23872,0.022813637195887634
23873,0.12456464573278159
23874,0.029089769558240296
23875,0.07284835366071321
23876,0.03619986637843937
23877,0.014082570786446237
23878,0.2127707837110489
23879,0.019767339310815153
23880,0.12447455385740566
23881,0.021892653724113878
23882,0.026537646212217943
23883,0.012525681547871276
23884,0.020676180742798894
23885,0.06245660431796189
23886,0.11736365683913927
23887,0.07701014561015837
23888,0.022470863101362426
23889,0.041901727473268806
23890,0.04140515969252312
23891,0.07395349304072013
23892,0.06736217339243665
23893,0.7724894490830856
23894,0.04409652758246421
23895,0.2886779625184179
23896,0.06787053176081324
23897,0.01842310965742683
23898,0.02378441744553266
23899,0.08880431355248854
23900,0.0604299256865832
23901,0.03203016544501505
23902,0.05265994728697808
23903,0.009937812304366671
23904,0.09083732260424357
23905,0.17262437976630224
23906,0.19759648004907368
23907,0.16977010919731267
23908,0.07513810060613835
23909,0.09897713051349201
23910,0.13384056691970594
23911,0.1573245430984067
23912,0.11980917208381567
23913,0.04469070163089259
23914,0.06472242663017751
23915,0.011785792316577759
23916,0.4957124694357787
23917,0.018167486835176966
23918,0.05995898391664043
23919,0.035725680533831065
23920,0.09381841022934247
23921,0.03239966918694704
23922,0.10608595422183766
23923,0.04339600191237157
23924,0.08188666311641225
23925,0.12135735418922103
23926,0.01819226028416822
23927,0.02970776977444899
23928,0.09523823595486659
23929,0.06283628351476095
23930,0.431150016952199
23931,0.033606034764163746
23932,0.026312605669158513
23933,0.31429388504694256
23934,0.011782024141698835
23935,0.01632958715307314
23936,0.07973247639380564
23937,0.04829207402325253
23938,0.22707696930202004
23939,0.0968523152406082
23940,0.015644940452121843
23941,0.033898501989224894
23942,0.016849371071230263
23943,0.02543844456815793
23944,0.06679651320197155
23945,0.013719432842448
23946,0.023395228686244992
23947,0.10326825106269041
23948,0.08245252378312315
23949,0.2582501180769734
23950,0.03646711967502346
23951,0.09687475225783032
23952,0.1819018249622547
23953,0.12209107349450356
23954,0.08915901386167972
23955,0.07330587876967526
23956,0.12593805605286995
23957,0.014917090975462644
23958,0.01859161285417814
23959,0.013695108323239127
23960,0.02663841275149599
23961,0.1793347605410372
23962,0.09831802378632662
23963,0.02205094017241898
23964,0.03578472451563369
23965,0.09248548926106426
23966,0.017763493384849467
23967,0.07255445152405485
23968,0.05317772137969696
23969,0.023918784589243625
23970,0.029765525939182764
23971,0.06196200622459606
23972,0.08745770662750958
23973,0.06994598581632466
23974,0.08984907232395972
23975,0.04488387134431275
23976,0.017488390296204068
23977,0.03490349292003773
23978,0.033422364636769245
23979,0.14523691721450843
23980,0.25475308813862846
23981,0.022974047968813985
23982,0.06777014417455293
23983,0.365459926677595
23984,0.02160991745544784
23985,0.04032465389648984
23986,0.038477163732800114
23987,0.027292396097500348
23988,0.0493798380103118
23989,0.38005402063082305
23990,0.8001543310152908
23991,0.1587927740905184
23992,0.7500993286493572
23993,0.05217067521162887
23994,0.08451660813950886
23995,0.09998641420428736
23996,0.03196897940609443
23997,0.03283103604112364
23998,0.017750767664040157
23999,0.2039023621320264
24000,0.00837043982173209
24001,0.09684139937651189
24002,0.05891708982641443
24003,0.01752500507390597
24004,0.030732713848315267
24005,0.1646706890487453
24006,0.023818827462878306
24007,0.030886852939753625
24008,0.0302638416208049
24009,0.06656068746803782
24010,0.027833591453283464
24011,0.08615663767218767
24012,0.023048414792808926
24013,0.06634866963965626
24014,0.01942554856558392
24015,0.02944264521826254
24016,0.015978217351885655
24017,0.04526544194277723
24018,0.05375827900539446
24019,0.0297325538647081
24020,0.06561407744726952
24021,0.08394991436358663
24022,0.08614340734225016
24023,0.1607566282213491
24024,0.048233779693317914
24025,0.013695794949028554
24026,0.029388164567106485
24027,0.022658367772549492
24028,0.1980893083151345
24029,0.028755753666499795
24030,0.01773160711387549
24031,0.02102314581693617
24032,0.20673263921529247
24033,0.051228211053245
24034,0.04013233345264017
24035,0.02399716376584989
24036,0.10243805182379376
24037,0.07653350334279185
24038,0.015123182842755215
24039,0.023179038750763905
24040,0.11416415907921014
24041,0.02521346873503579
24042,0.11195641447424898
24043,0.052374698608371434
24044,0.024475059878486635
24045,0.016618373655507106
24046,0.019813937172820657
24047,0.12006268936994077
24048,0.0737879640951046
24049,0.01843042081017595
24050,0.05211062558911539
24051,0.08407734695122036
24052,0.023102536676659843
24053,0.08953760162566317
24054,0.08518896465323252
24055,0.04923571745795814
24056,0.19284186481485385
24057,0.01856957955758764
24058,0.025738107331892208
24059,0.01165493909767268
24060,0.016242149005307543
24061,0.009197024373256028
24062,0.0871897298497411
24063,0.009589572382304554
24064,0.016911039031922117
24065,0.047984271311704574
24066,0.012313191734564927
24067,0.14874740257706004
24068,0.032364159261415865
24069,0.06296926417443231
24070,0.030717109410401545
24071,0.04844398676953436
24072,0.08055112000310813
24073,0.009442624380990305
24074,0.024161973950531872
24075,0.11341672438566267
24076,0.055118631828078773
24077,0.1443472516957105
24078,0.03626591339237159
24079,0.09840723689509856
24080,0.032402094220504406
24081,0.11893717247717969
24082,0.15706632147734623
24083,0.0347647825586584
24084,0.03879465435496655
24085,0.11668675409297086
24086,0.033661443899762694
24087,0.42566986147971936
24088,0.1684078173758873
24089,0.04933476131861909
24090,0.10742487093016713
24091,0.22753494011623948
24092,0.020799434349727336
24093,0.06369309650282545
24094,0.019494206021170534
24095,0.06349615619093062
24096,0.0605260668785504
24097,0.056660943024753024
24098,0.02125409627416648
24099,0.012560007406382528
24100,0.2238402147354828
24101,0.06676467558740165
24102,0.11234260179203046
24103,0.021550143683236128
24104,0.032899347500944545
24105,0.012091547256552187
24106,0.07895876061959199
24107,0.017059964845544878
24108,0.025912212135078223
24109,0.03795194980114513
24110,0.0246276307193211
24111,0.03524167094035777
24112,0.1970387860797827
24113,0.007798232695790464
24114,0.06106921051438397
24115,0.03406493109023163
24116,0.016966930299470478
24117,0.4065370991715726
24118,0.02039028405412738
24119,0.024068211733767844
24120,0.054894688300670194
24121,0.05575264733628553
24122,0.01108914893958135
24123,0.008499143123219472
24124,0.1149831994642026
24125,0.01979012961608164
24126,0.17969204710020237
24127,0.027231173935682522
24128,0.07749346537126618
24129,0.060696350580008
24130,0.0360257545954303
24131,0.1383977094311401
24132,0.11633756405128967
24133,0.10667261214531773
24134,0.028322529108347587
24135,0.057680524403751404
24136,0.05106267913185984
24137,0.0787817912915401
24138,0.10039148125085541
24139,0.032812651930374755
24140,0.02298661736049857
24141,0.03984887398011994
24142,0.1877734572588607
24143,0.03815986536874356
24144,0.04762501114173254
24145,0.015056632050392068
24146,0.03641696394898332
24147,0.027327828280759282
24148,0.009075502188255292
24149,0.015364762879387987
24150,0.05108769490276715
24151,0.018388847064841618
24152,0.0684401562442042
24153,0.07311839161317951
24154,0.016419071179565946
24155,0.028080720785377683
24156,0.02608126674467747
24157,0.035322386177753844
24158,0.40235381333396114
24159,0.041726865950795514
24160,0.03530423376050566
24161,0.05580605645638982
24162,0.18754387862780436
24163,0.0467490310531012
24164,0.11367723120775228
24165,0.04874011727810838
24166,0.05159679191946695
24167,0.038536354695302436
24168,0.039699936270724344
24169,0.03519362822326222
24170,0.05129372826510496
24171,0.039699532628759526
24172,0.15914510492635253
24173,0.058836239003114355
24174,0.028595237996236766
24175,0.051849270808153804
24176,0.04559504963107233
24177,0.02610169726098403
24178,0.017370918516407957
24179,0.047497871699649204
24180,0.08088396518757607
24181,0.03190944287201909
24182,0.03874654703185647
24183,0.045767390449996545
24184,0.03265903152000301
24185,0.047850214218901094
24186,0.04150789468865402
24187,0.029776302125855265
24188,0.019605849808004457
24189,0.24890275914180504
24190,0.03197909203383226
24191,0.11818908941320058
24192,0.028408224960256346
24193,0.036161222924015544
24194,0.028473391718698664
24195,0.05372552153486272
24196,0.021198553108769502
24197,0.02444803563669084
24198,0.06122991843690599
24199,0.11171519388952675
24200,0.04139866935263546
24201,0.03833145285187405
24202,0.062178771483464
24203,0.015099290699848524
24204,0.11154534899740481
24205,0.030404359816286104
24206,0.11643504822017951
24207,0.03362359905270604
24208,0.035329708564372085
24209,0.043417259266124275
24210,0.009416421163796238
24211,0.02308151780617672
24212,0.07542714441836793
24213,0.03957536286096921
24214,0.060167408694352796
24215,0.057991697275658054
24216,0.03380094018149795
24217,0.2754870271438896
24218,0.08859714399362031
24219,0.05054653241124467
24220,0.052491547267639646
24221,0.29176857534803746
24222,0.21071436095701152
24223,0.06235505686618685
24224,0.11701788493557648
24225,0.022801746009430517
24226,0.023917647840323394
24227,0.4473557728954429
24228,0.09185903619424893
24229,0.03905090611758454
24230,0.04286263029637763
24231,0.03723070265446025
24232,0.052001575794728
24233,0.03027194371598947
24234,0.03970138015543189
24235,0.042668348659323174
24236,0.08812348441373892
24237,0.1422531618931269
24238,0.09182619489725827
24239,0.30092627703391345
24240,0.01845141186814564
24241,0.03897004747261789
24242,0.14691554800435488
24243,0.08801078640609991
24244,0.03366628584392842
24245,0.040550486506223726
24246,0.020237592938460162
24247,0.037238526081895276
24248,0.015204196217135788
24249,0.04966998254598802
24250,0.0474913950571781
24251,0.09477730117013304
24252,0.008176540752251955
24253,0.03540479920119567
24254,0.29068137256790544
24255,0.11509301272353914
24256,0.03366976268102037
24257,0.1761504281186187
24258,0.01457957307911614
24259,0.01331629454573983
24260,0.023501334942353236
24261,0.06954391541393071
24262,0.04952751510002278
24263,0.08388777599747142
24264,0.06921299234260521
24265,0.058137000639408666
24266,0.0339773257004155
24267,0.037755875008430625
24268,0.02328281414110104
24269,0.12843343014739836
24270,0.1968091739879682
24271,0.12875684761064693
24272,0.059976298893629154
24273,0.025965300396891548
24274,0.14292962974534731
24275,0.0800625195135805
24276,0.10842970826441617
24277,0.06366051751342613
24278,0.025737449649150347
24279,0.07049113719263331
24280,0.07097676788612466
24281,0.03792367012491242
24282,0.04322904162001396
24283,0.022699442261376622
24284,0.025205515469793396
24285,0.09877730625050427
24286,0.11870905356997374
24287,0.24690338656969552
24288,0.05973148817389776
24289,0.09937668931927478
24290,0.1962610964389671
24291,0.05158085195964307
24292,0.04858520793236644
24293,0.016633344198277285
24294,0.2870808076140233
24295,0.013056604919257699
24296,0.10224945617719639
24297,0.0330976084367013
24298,0.02532150494954849
24299,0.033161008658747534
24300,0.03199889936595954
24301,0.025854735037695004
24302,0.020388783535176497
24303,0.13022583069234142
24304,0.11126829997095997
24305,0.14144504293513807
24306,0.024292604032860942
24307,0.13831946176066184
24308,0.48639872150852204
24309,0.07040450628310856
24310,0.04676091381534523
24311,0.043647599436994824
24312,0.07708198073466864
24313,0.049317889607361554
24314,0.08397125779548245
24315,0.03780484541194753
24316,0.046249812389040156
24317,0.0376918125411334
24318,0.013248540302071808
24319,0.027581801097833984
24320,0.19834115184129136
24321,0.11083797040147988
24322,0.10893124359650963
24323,0.030956545630390186
24324,0.06971951940228618
24325,0.04221443943581323
24326,0.14528413372164672
24327,0.05449976981786506
24328,0.04822066435562122
24329,0.02124024191207319
24330,0.05058664930340734
24331,0.028006992022855594
24332,0.026668954371521374
24333,0.20221075021446192
24334,0.033265261490385466
24335,0.15859563289825193
24336,0.10219964079903326
24337,0.2555746502146293
24338,0.03566709036259658
24339,0.04085356188073567
24340,0.058679100280507795
24341,0.043817369381552035
24342,0.041219732600208024
24343,0.04855351582528956
24344,0.09398250892937471
24345,0.03843182758306709
24346,0.1269569723895171
24347,0.012580314006088278
24348,0.03364174043820211
24349,0.023768880096895838
24350,0.03447831021383687
24351,0.079302497511799
24352,0.5873030669168448
24353,0.01987773797717678
24354,0.07059864396248357
24355,0.015675945906494765
24356,0.031098229697568928
24357,0.04557265570350919
24358,0.038128362187943646
24359,0.02743909769541861
24360,0.038125760539403114
24361,0.04472272554584348
24362,0.021334392725001164
24363,0.06093846384946347
24364,0.03850243685842806
24365,0.025966745929443223
24366,0.010247397001881176
24367,0.11852639049505506
24368,0.02460743968613347
24369,0.04085757079184259
24370,0.05744321154199127
24371,0.03965558393365228
24372,0.024295888643323996
24373,0.03261945385831367
24374,0.02792806377998963
24375,0.022311533463868726
24376,0.04242390549603078
24377,0.013103509061011497
24378,0.07226629128850698
24379,0.24861165927839374
24380,0.03072549356577961
24381,0.23857208432493357
24382,0.03755866157931298
24383,0.13686710908204716
24384,0.1262254742473852
24385,0.1247758574608759
24386,0.04498634168298653
24387,0.052855188188592375
24388,0.012562101986627125
24389,0.0243295384733202
24390,0.021241483179212275
24391,0.032414300531229095
24392,0.03483470559232883
24393,0.07860222079806159
24394,0.02428454842476946
24395,0.11622021314115477
24396,0.0933034016528469
24397,0.03765601623280852
24398,0.023908668422604987
24399,0.019142117701651713
24400,0.03263018630675175
24401,0.14824042839470208
24402,0.2274814889897149
24403,0.07594733381552507
24404,0.0862081459238414
24405,0.024240056828190394
24406,0.08746452981585562
24407,0.03005858494566231
24408,0.12208409412825885
24409,0.04781758879270209
24410,0.023301672349750474
24411,0.03912121808498535
24412,0.040831117884815395
24413,0.01709762119555252
24414,0.07795053079985327
24415,0.06374724919404734
24416,0.1668061605913805
24417,0.06490009366553412
24418,0.01814953595577473
24419,0.012172164221779736
24420,0.03047594202003034
24421,0.1148517695003796
24422,0.055686351259721906
24423,0.06399473425659861
24424,0.03766658308417344
24425,0.022375713241696613
24426,0.02134886452436409
24427,0.05194249420437924
24428,0.04570352503195284
24429,0.041876519230103965
24430,0.013317866030750945
24431,0.025952588692150773
24432,0.023203459390415695
24433,0.019328230872141534
24434,0.08243269890501169
24435,0.030808787753483655
24436,0.02906026050443364
24437,0.04382424448335955
24438,0.07334802169827521
24439,0.019363484273184066
24440,0.014899383165676803
24441,0.03722769473673464
24442,0.07287897352620394
24443,0.016724358063144505
24444,0.05492907811846927
24445,0.02560898392781417
24446,0.017535672802063758
24447,0.03191057013692356
24448,0.10497059837103384
24449,0.024044656021587462
24450,0.07870241762877367
24451,0.026388488356161553
24452,0.09047638680253198
24453,0.014426180159544756
24454,0.015402668346325678
24455,0.025538104954649365
24456,0.03591600080136094
24457,0.04845943511443969
24458,0.02078788874175197
24459,0.015285573930213757
24460,0.05007781723051773
24461,0.030618901576366948
24462,0.26246361858208034
24463,0.03790164296171247
24464,0.12205154291421548
24465,0.05676733600624326
24466,0.06632915586522643
24467,0.048500430409318056
24468,0.018265470171904576
24469,0.024312356901428196
24470,0.07051506371478009
24471,0.025544798947938614
24472,0.019534464712692788
24473,0.0694822344721944
24474,0.047416104789185315
24475,0.055486078584128906
24476,0.04381098757100071
24477,0.10266728070866071
24478,0.026899818078558978
24479,0.022158804863422296
24480,0.3637577262984539
24481,0.053408952711125224
24482,0.021141786906503826
24483,0.06585672479820824
24484,0.2265941865103635
24485,0.06300122995400742
24486,0.01743158142304285
24487,0.0425627966173371
24488,0.08742453688185764
24489,0.027767391792719448
24490,0.01624791973427508
24491,0.04257891325450234
24492,0.039295319044181876
24493,0.06721460281780281
24494,0.03849043724696084
24495,0.04968201876391446
24496,0.01114200738825595
24497,0.09472495698361044
24498,0.03007831696976231
24499,0.20340774268417555
24500,0.07069830835788071
24501,0.09961125906011523
24502,0.16423660563531736
24503,0.07948284306415275
24504,0.02270325746445967
24505,0.020260932534764187
24506,0.0284127068871948
24507,0.014402426955070319
24508,0.3166447679322326
24509,0.03598661375693112
24510,0.018242324540441356
24511,0.020410674828928638
24512,0.11195973333252247
24513,0.020101577193396294
24514,0.017960912922680407
24515,0.02396955253416729
24516,0.07733425026108351
24517,0.029778665448937983
24518,0.14756007471664223
24519,0.021526162906395082
24520,0.1998219834600175
24521,0.07084224119390381
24522,0.015826427712137575
24523,0.1263916515331553
24524,0.03207603040447559
24525,0.08197130460451381
24526,0.19284162012136508
24527,0.015045329739260926
24528,0.0414634926228067
24529,0.11279004419837155
24530,0.1813784498217802
24531,0.04023552022889747
24532,0.09025591725157654
24533,0.06284081229043492
24534,0.017326161369960697
24535,0.04530269175019146
24536,0.0636674576239125
24537,0.11911188475519799
24538,0.0077825237295042655
24539,0.03009362955820206
24540,0.024543016540576248
24541,0.07873594027658035
24542,0.06643635940494953
24543,0.03368784470644179
24544,0.058753440529309045
24545,0.04318461097804637
24546,0.12539452602455003
24547,0.031058775434083145
24548,0.045520835389032815
24549,0.04181177205483237
24550,0.014696844792818596
24551,0.021475294064245094
24552,0.028663079109806457
24553,0.030991362032177137
24554,0.02430329427049173
24555,0.016104635818176057
24556,0.0204359952052044
24557,0.01741845775998665
24558,0.048981006738640524
24559,0.03224312877994759
24560,0.0834653208996569
24561,0.2354827708103674
24562,0.07326295584131112
24563,0.07175793127026565
24564,0.09431182854688083
24565,0.025667948648047275
24566,0.03173023938763296
24567,0.02965811214977821
24568,0.06710471938932816
24569,0.2045832413223201
24570,0.013053756755674035
24571,0.0954157669721783
24572,0.009620577798316002
24573,0.13551995792592986
24574,0.03220160186587052
24575,0.0910831298004976
24576,0.012656299131218933
24577,0.1017030937163578
24578,0.23282315099839507
24579,0.3209841824230906
24580,0.06572524453627097
24581,0.05520132589650745
24582,0.017947525565478982
24583,0.018529451559069255
24584,0.28258659697533495
24585,0.014512155977249596
24586,0.16908257105924523
24587,0.042407983413427205
24588,0.03317460609627292
24589,0.02764439607724114
24590,0.05760507620862632
24591,0.08626663005717591
24592,0.01640826789813435
24593,0.03948699401815883
24594,0.014474110856682777
24595,0.12382507138691337
24596,0.027674548030770154
24597,0.13906298087184704
24598,0.050684208683849895
24599,0.08858149762636207
24600,0.15130110403645963
24601,0.02137734583260353
24602,0.041641847821212295
24603,0.04125634095495047
24604,0.04508060485014836
24605,0.052503757442789775
24606,0.01814911812305264
24607,0.08162662787409077
24608,0.01796253297708019
24609,0.10028479656308033
24610,0.014567934800400771
24611,0.08445173030992634
24612,0.014414732865243154
24613,0.08002845532796377
24614,0.05075636548002109
24615,0.05462034409668455
24616,0.04626225806262664
24617,0.07610129583107858
24618,0.022670295322841694
24619,0.07277550667802754
24620,0.09453859061374764
24621,0.07329871918487685
24622,0.06024518679573612
24623,0.2218155171550772
24624,0.010970513041858393
24625,0.047860639627394154
24626,0.2447744947938956
24627,0.12242268248750444
24628,0.015535259935558331
24629,0.0369249560533129
24630,0.05046037836782473
24631,0.03255046155081134
24632,0.09373070860274704
24633,0.04587490353126512
24634,0.02349044152183155
24635,0.1740503615438047
24636,0.1553488474228284
24637,0.012368013150574623
24638,0.02374556538124302
24639,0.0211355150539574
24640,0.01903452930473377
24641,0.045418809215995386
24642,0.02065307604407477
24643,0.014705606983504756
24644,0.03968770271278538
24645,0.02694497049209308
24646,0.2944170992252133
24647,0.019139671699966193
24648,0.3244056166498329
24649,0.01847737920782265
24650,0.05566372045814308
24651,0.11098134119073841
24652,0.1043639651255644
24653,0.020460583767751245
24654,0.19384688194300564
24655,0.039608296330454526
24656,0.11888633694028894
24657,0.028590277187474537
24658,0.26539718130911044
24659,0.00915867267889878
24660,0.0108787577053882
24661,0.03441483499233464
24662,0.01512455722870608
24663,0.026617806911480038
24664,0.02656808181535973
24665,0.03876074249112395
24666,0.026885852177523633
24667,0.10323113598115827
24668,0.07064010010536326
24669,0.018745457753429184
24670,0.017550210566902577
24671,0.022745722059282745
24672,0.20728094012005777
24673,0.052359984684972376
24674,0.04585737825119722
24675,0.009665130376438583
24676,0.08144373240236852
24677,0.08556524708389643
24678,0.012289092120776272
24679,0.07944053617427153
24680,0.02713507428238181
24681,0.058394833573163496
24682,0.13233584804981186
24683,0.05842525844941194
24684,0.04293017673750385
24685,0.06018119395262781
24686,0.04350132970490444
24687,0.025159136607696732
24688,0.0634263507144944
24689,0.01694019284473601
24690,0.024799832393467686
24691,0.0819856291172877
24692,0.026422397790384605
24693,0.031096624866226212
24694,0.03445235584698174
24695,0.05751055012844164
24696,0.02913043606697241
24697,0.06339932925841744
24698,0.09276927227572507
24699,0.01047336284518931
24700,0.06656452130465852
24701,0.13923245272544876
24702,0.020364610669575314
24703,0.03997771977291473
24704,0.19570063028668833
24705,0.0303547029868856
24706,0.01824703932335075
24707,0.04127560843442453
24708,0.023395014878338782
24709,0.09434092327659849
24710,0.03768288555605549
24711,0.05170332538281706
24712,0.04094830598169634
24713,0.04894341146424614
24714,0.051616977162943986
24715,0.02717657904058253
24716,0.019646152581004744
24717,0.34431938918431715
24718,0.04461689896371769
24719,0.09788094205493816
24720,0.03562220518973877
24721,0.06256750135817832
24722,0.08560785402866726
24723,0.025135282673433634
24724,0.0371718613858596
24725,0.045671878980542355
24726,0.07709249413698112
24727,0.047085184716624935
24728,0.11012301271941999
24729,0.07773767917486982
24730,0.047626079899751955
24731,0.13286030036461172
24732,0.0977294261447941
24733,0.026783707875139704
24734,0.10646304923562273
24735,0.036170989463684605
24736,0.13743282501979479
24737,0.04299293610998031
24738,0.0271335818740598
24739,0.0758471870494702
24740,0.15569685994504412
24741,0.013747537868471316
24742,0.016796629223937376
24743,0.04730785467781039
24744,0.2683490718696081
24745,0.13916860924263338
24746,0.029696619240996192
24747,0.10345965396752595
24748,0.019316096345440535
24749,0.026135041428508407
24750,0.020368413828032086
24751,0.056332005763965826
24752,0.10535863689289299
24753,0.03567792867090479
24754,0.018667537995423148
24755,0.04043769397733613
24756,0.06625332250315019
24757,0.017101414411248565
24758,0.08704087996625699
24759,0.12894702368709615
24760,0.09430612773341802
24761,0.030275526090266392
24762,0.018557299499045617
24763,0.02246162804897932
24764,0.06801667122058176
24765,0.15036356832243636
24766,0.05952724320976044
24767,0.05914751250279269
24768,0.0185910533226261
24769,0.02816727380810746
24770,0.043961938929713326
24771,0.08853116047858048
24772,0.06413535697284499
24773,0.043572450531236186
24774,0.011673706842383511
24775,0.9519766600323158
24776,0.05812376144571941
24777,0.13436467131735622
24778,0.012480925856287893
24779,0.271671308895631
24780,0.10204300207055654
24781,0.14329444034658953
24782,0.05591891617507565
24783,0.07370307325540379
24784,0.06982599336712908
24785,0.09593314295493532
24786,0.04114769824655098
24787,0.09938438307378872
24788,0.09039186059912076
24789,0.13603348754066594
24790,0.07126548574626015
24791,0.0519749097278852
24792,0.04773459796975188
24793,0.11674415628133465
24794,0.07642994660457772
24795,0.028542450728547622
24796,0.06093784783260932
24797,0.046308658565711494
24798,0.056831778124030924
24799,0.09512789346121875
24800,0.055119843854323204
24801,0.051190992312375616
24802,0.020936458550502593
24803,0.026693385329714756
24804,0.03236256816042818
24805,0.023179397489041246
24806,0.021419009737417984
24807,0.0794049785444235
24808,0.04344062981407631
24809,0.035596974820958284
24810,0.022798831913163568
24811,0.06251031384581017
24812,0.06359811444002658
24813,0.0657717942081249
24814,0.10809688222628178
24815,0.12340064736387377
24816,0.03885996239331806
24817,0.01750817266069418
24818,0.03205203171885351
24819,0.01483606891802175
24820,0.042585094882420155
24821,0.031589173126819074
24822,0.02553097605039165
24823,0.04924710725244523
24824,0.024237673649525622
24825,0.2863796260313717
24826,0.03570403298499211
24827,0.04540291418318841
24828,0.03012111302586026
24829,0.021656900540023796
24830,0.04039384040793588
24831,0.029737932402282282
24832,0.04800435194287558
24833,0.023843896425452163
24834,0.058193772417725324
24835,0.04005332275501454
24836,0.02199536072082553
24837,0.05719561180781355
24838,0.14249206603353548
24839,0.5109582307946471
24840,0.04552088152680277
24841,0.14445714905684387
24842,0.06871747071984668
24843,0.10416279017487065
24844,0.07946141264995459
24845,0.017111294677564913
24846,0.09792751459343897
24847,0.20828496783308342
24848,0.19191628681352063
24849,0.05534100582871388
24850,0.02245796178435598
24851,0.12208162226627121
24852,0.04125083875225898
24853,0.017425371006138526
24854,0.01736277325072758
24855,0.0927065342411263
24856,0.12357001420862278
24857,0.02571141439078739
24858,0.070743807085539
24859,0.041096727313731235
24860,0.05235388648217726
24861,0.09702402995243822
24862,0.04188811164004706
24863,0.07508819135103054
24864,0.028942106487004654
24865,0.06071588064350769
24866,0.08355273377191255
24867,0.05339395329741403
24868,0.047922955699249946
24869,0.07073805353596999
24870,0.03743986103969713
24871,0.024613630898078623
24872,0.08544946679145476
24873,0.011458300755846142
24874,0.0419177292293382
24875,0.05865587695517591
24876,0.09303222658039119
24877,0.028080128549419853
24878,0.0657276955911582
24879,0.046778537949693284
24880,0.024066090451379984
24881,0.2159569020032309
24882,0.08196050580889176
24883,0.08653346977582281
24884,0.07366022005414646
24885,0.2985646853409403
24886,0.08085940342842418
24887,0.032538113506375865
24888,0.028963547839816795
24889,0.04181047130972646
24890,0.08867132550702175
24891,0.15750412199367428
24892,0.10574857191508248
24893,0.02671980355236977
24894,0.03258644921026205
24895,0.014029174583273605
24896,0.18349748199088187
24897,0.03958429194882828
24898,0.30942240189114867
24899,0.05428935775318356
24900,0.1862887286865503
24901,0.037863894102185144
24902,0.03470139984527342
24903,0.015693045785667083
24904,0.010123338570991167
24905,0.12708176898287843
24906,0.11538527378535454
24907,0.3087162844027461
24908,0.019130622002049714
24909,0.04643235693195262
24910,0.09612388085449922
24911,0.06458243292252772
24912,0.014207888766811342
24913,0.02041205918934813
24914,0.026034249143725725
24915,0.2620696881857292
24916,0.04572878376632266
24917,0.06790510934327659
24918,0.10339936741460587
24919,0.44125868882840136
24920,0.08176787443844233
24921,0.01203479895770039
24922,0.02785460686019866
24923,0.0335366166648851
24924,0.10817755097493542
24925,0.0346801923117003
24926,0.03258355531939175
24927,0.04447424358471483
24928,0.023383973916776615
24929,0.05943041352894427
24930,0.16072525343079935
24931,0.021129607379379127
24932,0.03612525552846858
24933,0.7013743714063473
24934,0.07153421796697113
24935,0.05009576068125071
24936,0.018516153051411292
24937,0.011807784259052137
24938,0.15025513696765588
24939,0.011516205351860206
24940,0.009171749906419276
24941,0.05659263025610718
24942,0.10479840894091896
24943,0.12997648614765317
24944,0.0616307657122724
24945,0.3957398478477813
24946,0.03935430396233854
24947,0.02805926118717359
24948,0.014523884576103367
24949,0.10283057418856897
24950,0.13890534792711162
24951,0.29756282986349997
24952,0.05631707548200907
24953,0.013006823778631174
24954,0.14442195761084992
24955,0.0638107452093028
24956,0.04268152875185485
24957,0.0634257679147849
24958,0.20117904603856956
24959,0.01638311005523997
24960,0.026314475546136105
24961,0.07411316277305456
24962,0.20375674585290754
24963,0.05586254781915598
24964,0.02861970206856591
24965,0.04264387075842736
24966,0.14185866032757852
24967,0.022500442467046234
24968,0.164643062709373
24969,0.029858597923468722
24970,0.28140009329793575
24971,0.0342341411459609
24972,0.053579547139304295
24973,0.027308044386067938
24974,0.08306300360766018
24975,0.02622462305334667
24976,0.07387670062957269
24977,0.0653800561916882
24978,0.057007987061240606
24979,0.06260676109542132
24980,0.024877005601975047
24981,0.02362658325620318
24982,0.05466967887468445
24983,0.03700294282033652
24984,0.011306839953081588
24985,0.15954045644403572
24986,0.034054438360437894
24987,0.01613420694458548
24988,0.06796738059308832
24989,0.02313104527847121
24990,0.04176318998867841
24991,0.033507418446166094
24992,0.029807279828063502
24993,0.017518610957744485
24994,0.10194691404015638
24995,0.031092636068487126
24996,0.07249739821378134
24997,0.007902322776054101
24998,0.041733149281803786
24999,0.24918699031538874
25000,0.4440538308417805
25001,0.08204779560946343
25002,0.09717751200342042
25003,0.02357576639172978
25004,0.024573965632887877
25005,0.015419693727378952
25006,0.21068435701987787
25007,0.06302371290991728
25008,0.03537742735263898
25009,0.12161000437560368
25010,0.06389974698218982
25011,0.04795021723074445
25012,0.04139667325271337
25013,0.04931416683436488
25014,0.2656764587785788
25015,0.05034257391652391
25016,0.03519138670038197
25017,0.007784362922102606
25018,0.012742292937685518
25019,0.026017725119673995
25020,0.10493336142253747
25021,0.19797768977567895
25022,0.052337043763113995
25023,0.023146960121431893
25024,0.08541796717432233
25025,0.09748764860423831
25026,0.025212715207748985
25027,0.0946030756021228
25028,0.18408608369305424
25029,0.010013869820539636
25030,0.10797463965335781
25031,0.07445237689995168
25032,0.03769833053956606
25033,0.06127007727157607
25034,0.09141673443522684
25035,0.022247335324165736
25036,0.0725504529415866
25037,0.04485572341033138
25038,0.0219552032930197
25039,0.07941975708455738
25040,0.016458279022071455
25041,0.2583509802566727
25042,0.06616342118811303
25043,0.03386543205835835
25044,0.1645531230154917
25045,0.02035590980302661
25046,0.01265848187843688
25047,0.08492270458778459
25048,0.01989226655236466
25049,0.05000895025176155
25050,0.153596882890986
25051,0.023163668574010234
25052,0.14272909936807138
25053,0.06212669661547132
25054,0.029244506499520873
25055,0.10169857534215326
25056,0.14047418990138366
25057,0.21450790237500422
25058,0.25105973420977756
25059,0.15261259545764266
25060,0.108302397868351
25061,0.08299183190457293
25062,0.24820382990615258
25063,0.05650315959253665
25064,0.0729236986191142
25065,0.06828886301651507
25066,0.04860547263129404
25067,0.038047674856101
25068,0.05270347500011039
25069,0.07894092341807327
25070,0.019185153178196926
25071,0.03393349484588461
25072,0.02635350727782156
25073,0.019310683678996535
25074,0.012732932475601907
25075,0.056914436596356144
25076,0.021458635307356186
25077,0.07511746569941051
25078,0.16910556428973061
25079,0.18598099213243113
25080,0.016365339270888762
25081,0.15131268113261193
25082,0.04914965928802297
25083,0.02556185070363612
25084,0.3650982056179456
25085,0.12710081266168943
25086,0.08370193148900743
25087,0.03152139420486666
25088,0.021549869359804012
25089,0.020387211520969686
25090,0.048131659895783926
25091,0.03144753988026364
25092,0.12348721681126218
25093,0.041624307743173425
25094,0.007966024687400212
25095,0.3386535834785764
25096,0.037519509501725855
25097,0.04617475338208382
25098,0.0663314364702149
25099,0.043296743683542846
25100,0.29784318080162747
25101,0.03352104955827975
25102,0.0973771173679975
25103,0.0569788093088946
25104,0.09835162791656743
25105,0.02687894767791495
25106,0.08253356717728394
25107,0.06869537248801663
25108,0.0250958606101479
25109,0.014621990669628254
25110,0.015119717208076434
25111,0.12394322339142143
25112,0.01810554299520871
25113,0.09350847366841958
25114,0.0393945805343398
25115,0.052480732240926
25116,0.03275944011235647
25117,0.09275301374535298
25118,0.06437005710362528
25119,0.035798074908157215
25120,0.04767396058946469
25121,0.05417257768567277
25122,0.08192250483073246
25123,0.06566214235784948
25124,0.22715528786386174
25125,0.06549125791820004
25126,0.038061490684183866
25127,0.13871220442142268
25128,0.04725474072709746
25129,0.07405345157637985
25130,0.06716597744454021
25131,0.11580290339227778
25132,0.06342638014806898
25133,0.03974468395958424
25134,0.0217699299694861
25135,0.11132306214619032
25136,0.06043831458931079
25137,0.08953109229026905
25138,0.041353001467673296
25139,0.06318599159500052
25140,0.1906760439276334
25141,0.04665295261169866
25142,0.04351783577038986
25143,0.009356603692917895
25144,0.05578575466622719
25145,0.02342498577563768
25146,0.01782847328271057
25147,0.033521653265368066
25148,0.02243638093991342
25149,0.06137212010184247
25150,0.018590455763027886
25151,0.017462202974213623
25152,0.12771099410080364
25153,0.029317912201575886
25154,0.045259254644402544
25155,0.09353140760263033
25156,0.029167949334871407
25157,0.0162864869418907
25158,0.09121146084397534
25159,0.024736125104296958
25160,0.02253352662111459
25161,0.17637487281074754
25162,0.02566966442194786
25163,0.020069977846133846
25164,0.11362238753198783
25165,0.032962206085549166
25166,0.03335397649467298
25167,0.07549318279727328
25168,0.17509318168856602
25169,0.04306879845744026
25170,0.024405402350641564
25171,0.06815522150253107
25172,0.10840531370336798
25173,0.08974235149329071
25174,0.07359739389163322
25175,0.06745651040589802
25176,0.02692935383403076
25177,0.19068102827120123
25178,0.01589778418190934
25179,0.05314352041832639
25180,0.0135600122120547
25181,0.04041084637661293
25182,0.06578287216557621
25183,0.049679099222334475
25184,0.14408492038996162
25185,0.013809171888270227
25186,0.07547066664696866
25187,0.009390849198390777
25188,0.027390239586397
25189,0.2764080645745641
25190,0.5099427776485803
25191,0.012812614169909262
25192,0.03448250735945117
25193,0.300218022746261
25194,0.2949701833846206
25195,0.0799161487246494
25196,0.19951294664135277
25197,0.10103414529397411
25198,0.016972662467332613
25199,0.01771385556514924
25200,0.2360645457827929
25201,0.044485052196933134
25202,0.11143664937462902
25203,0.06066075353587919
25204,0.08568761567792013
25205,0.2026038470852209
25206,0.03207875089814393
25207,0.03456857354681739
25208,0.0836566592530568
25209,0.03058627254126823
25210,0.07692355800449831
25211,0.13709370571941057
25212,0.04668237156859843
25213,0.10116350753626974
25214,0.20409952729381828
25215,0.14196049957108606
25216,0.03543119940480919
25217,0.01606162181298855
25218,0.19113640197948834
25219,0.019271256810083126
25220,0.0940597920331345
25221,0.05946992227656071
25222,0.02973144665357418
25223,0.039758260156956146
25224,0.015028461921537194
25225,0.026888432158455926
25226,0.07839229902980056
25227,0.03308569705323499
25228,0.01873818297009615
25229,0.009374636495122669
25230,0.043131564640581835
25231,0.014865872008107402
25232,0.3555152150381136
25233,0.15550975643800077
25234,0.024451306494675876
25235,0.061576159789531903
25236,0.0985840772652381
25237,0.03478547097357538
25238,0.0274149056172763
25239,0.09013633060184928
25240,0.0606186623139579
25241,0.09985384225727197
25242,0.07382337910618278
25243,0.04135484924438439
25244,0.018797617847919716
25245,0.029502478177061718
25246,0.11630266872702862
25247,0.0675064361840292
25248,0.044527399307317424
25249,0.04493991023158152
25250,0.08338214242304627
25251,0.047426739454000374
25252,0.040615949066602416
25253,0.027898182901688533
25254,0.046912398357935384
25255,0.13839778494760185
25256,0.02357926649839197
25257,0.03302915238336818
25258,0.02972882451570933
25259,0.016476255514172117
25260,0.22834870722797773
25261,0.0378275098085414
25262,0.046681227545177784
25263,0.35312320941137315
25264,0.015247628548347514
25265,0.015328683274184792
25266,0.025362975074358633
25267,0.0844286698875262
25268,0.04342678634103152
25269,0.0180963925132938
25270,0.023220871886550774
25271,0.02566005977492594
25272,0.013165250890733839
25273,0.015589312998802791
25274,0.05003058600566582
25275,0.04398507864933476
25276,0.3074476142270535
25277,0.03194610445525982
25278,0.06958338078891664
25279,0.04198756654793768
25280,0.08792912778064721
25281,0.09459744557168778
25282,0.02759414180270854
25283,0.035899783759002594
25284,0.024507617974040805
25285,0.07250569273733076
25286,0.12256089023829826
25287,0.016876151717134694
25288,0.08210004345067945
25289,0.025863597156943148
25290,0.08511363313359128
25291,0.08190707290043113
25292,0.02738238864345605
25293,0.016704156530289536
25294,0.13155764692392974
25295,0.09800135633926885
25296,0.019233804770372523
25297,0.10155530370600019
25298,0.02129435422452922
25299,0.009645846500050034
25300,0.03393868919735402
25301,0.03663204883064959
25302,0.18823109023572315
25303,0.027533296320409746
25304,0.10327802584651032
25305,0.02106392386749015
25306,0.11873837765318433
25307,0.05443985547189084
25308,0.07992157297132575
25309,0.020509751828586897
25310,0.02862379890794817
25311,0.041031410208663716
25312,0.02859170230458801
25313,0.04422135323984037
25314,0.0816900794048624
25315,0.03687019016287356
25316,0.02593970276760258
25317,0.032933064612148115
25318,0.04116061708702068
25319,0.05880203997972429
25320,0.08168044155065304
25321,0.036988613654329455
25322,0.1080438076721328
25323,0.015103661641804085
25324,0.06054001814953926
25325,0.031179407565943625
25326,0.13104148064040233
25327,0.06020724182226529
25328,0.32950696161965637
25329,0.0474512969460312
25330,0.01824615693716231
25331,0.017855054466960518
25332,0.023201612820317907
25333,0.01866334626334549
25334,0.11772059225292617
25335,0.05841886256090498
25336,0.054964420037180405
25337,0.0317360563839255
25338,0.09817887625535647
25339,0.029672437667811434
25340,0.05004257277817476
25341,0.03923608978584707
25342,0.014372258006459533
25343,0.032666837254840084
25344,0.09986025822867288
25345,0.12082467173476896
25346,0.09524290891711001
25347,0.03501813558486146
25348,0.07378309973739013
25349,0.05906631432347383
25350,0.11094757460909883
25351,0.045718459098585816
25352,0.06259822778676302
25353,0.09890578730101315
25354,0.03045165395859838
25355,0.062178487617168786
25356,0.06837436631152857
25357,0.21476871022433186
25358,0.0365086676354184
25359,0.2124043209143326
25360,0.026697141907285366
25361,0.10761365577701039
25362,0.021124464576762418
25363,0.03993766687373001
25364,0.019919917636981387
25365,0.037365918171609086
25366,0.0961329305383683
25367,0.01443080641943257
25368,0.10384163925768083
25369,0.17242150534187328
25370,0.035191109955482094
25371,0.03489108910980089
25372,0.026805367049385784
25373,0.1367496924429987
25374,0.021858130899269537
25375,0.027303175938387107
25376,0.20688327108871535
25377,0.062419499607208634
25378,0.0967525028499533
25379,0.033012400779511966
25380,0.024324361987019878
25381,0.10935575157527669
25382,0.024384417547084595
25383,0.09340083513387916
25384,0.02844384813551603
25385,0.1482643229911474
25386,0.031036842694009602
25387,0.022577933913387478
25388,0.06670467375947872
25389,0.018889393690136397
25390,0.10903083172022515
25391,0.03829335081894645
25392,0.025120577421769
25393,0.019937762829913008
25394,0.023950579773553134
25395,0.060124251914777785
25396,0.4773267426757947
25397,0.08200424248496188
25398,0.0263093879061842
25399,0.08955866715946102
25400,0.06979556563151632
25401,0.08274915515065018
25402,0.12952994870276027
25403,0.0342008957136052
25404,0.22160308271852794
25405,0.017865776653444677
25406,0.0464575833293569
25407,0.04500702600388891
25408,0.044001489297494256
25409,0.11602059418841756
25410,0.05838628482096081
25411,0.021003520323244353
25412,0.11661269429879459
25413,0.0571325050408293
25414,0.024798657754402247
25415,0.05415840333795837
25416,0.02767490471718499
25417,0.025482555073110466
25418,0.03244518080072656
25419,0.03435427283640194
25420,0.04890710957429107
25421,0.02692464769345416
25422,0.08515259117618634
25423,0.04600065574625969
25424,0.14482234033828623
25425,0.07056323745838058
25426,0.024970740943617932
25427,0.10287674150911787
25428,0.04702607617840701
25429,0.013874972946208378
25430,0.04757028038957364
25431,0.0617992412335138
25432,0.01542469006274708
25433,0.018948026580566997
25434,0.03175024840599609
25435,0.020544665535253668
25436,0.026663864778478073
25437,0.1111138733486989
25438,0.1623291168680543
25439,0.05739813100958305
25440,0.011889767857340517
25441,0.3175412622591621
25442,0.033305102640230816
25443,0.08405940580643657
25444,0.06704390113640851
25445,0.02600118815153582
25446,0.06948382678334089
25447,0.037889333745400676
25448,0.026187627489906332
25449,0.07217230146646239
25450,0.021290323625797653
25451,0.06313874687155614
25452,0.11759220284664848
25453,0.04116483727431956
25454,0.1392914230165734
25455,0.023459664947249406
25456,0.02332295919184924
25457,0.06461666812837559
25458,0.033897074069932046
25459,0.02149006625994379
25460,0.06711707083660623
25461,0.02249792971143478
25462,0.24024239622319474
25463,0.017664588591617444
25464,0.032618794682726035
25465,0.11102403669065143
25466,0.05841476628468708
25467,0.03581441547822693
25468,0.04856634277281858
25469,0.035723437852514785
25470,0.1260127138718425
25471,0.03182069366770802
25472,0.041531107315442684
25473,0.0705321268041502
25474,0.06745739082774373
25475,0.04553273813510916
25476,0.01571097636081227
25477,0.018270583813529796
25478,0.07651617332119737
25479,0.012449002771661808
25480,0.061364365059198504
25481,0.03782055310823974
25482,0.016601138107896773
25483,0.04899783079898458
25484,0.06565891501488191
25485,0.02973830745813033
25486,0.07493220367373471
25487,0.03837040624033894
25488,0.03351465900667623
25489,0.011070030445421038
25490,0.18918520308956613
25491,0.03317228731316024
25492,0.01807675506143329
25493,0.05054656202563576
25494,0.017544057674326416
25495,0.03800588500529997
25496,0.013472776894612506
25497,0.11417433264325294
25498,0.162462890140889
25499,0.1618327663339422
25500,0.058259522005297826
25501,0.06654327567398341
25502,0.043681126109653835
25503,0.06355197316099084
25504,0.06686817303396267
25505,0.33974632387731835
25506,0.04644215540834462
25507,0.01703845157356745
25508,0.0771766363502141
25509,0.06837341903434534
25510,0.1397629696653913
25511,0.0337108417037284
25512,0.05304137036403983
25513,0.042643277026478243
25514,0.04828856590169786
25515,0.041200575192258504
25516,0.08621449938277556
25517,0.030070465460971717
25518,0.05663309036463494
25519,0.014395149340613495
25520,0.008900754862088663
25521,0.014951196332113004
25522,0.07798888549303348
25523,0.037421042111041164
25524,0.07271651280723362
25525,0.13859101775764443
25526,0.48353660752043975
25527,0.022906321084549396
25528,0.06270335761151906
25529,0.05832747249945597
25530,0.03467396967945844
25531,0.04013571224468279
25532,0.033793685191202405
25533,0.09380032363808635
25534,0.010270383450032002
25535,0.014495261089831804
25536,0.032848128358398655
25537,0.02751549834948027
25538,0.0506932219601044
25539,0.011103160625299719
25540,0.061068742215110404
25541,0.03377409974996677
25542,0.020803593416128925
25543,0.12766116580591724
25544,0.06702900588657698
25545,0.038507433532368573
25546,0.12651290891548533
25547,0.0881421899027302
25548,0.09208846298722635
25549,0.03573816025140196
25550,0.01212120352649868
25551,0.02263323191216459
25552,0.14319080925083078
25553,0.10560630721826043
25554,0.06407095572577053
25555,0.021644267516990952
25556,0.09884387048431034
25557,0.05385547280444604
25558,0.07198805141565169
25559,0.04079794245836338
25560,0.01934858303835328
25561,0.012924820740070214
25562,0.13227332356342897
25563,0.019157469285978102
25564,0.25472392020162166
25565,0.011751177396510597
25566,0.03198706336861856
25567,0.02385481089063171
25568,0.27543048309208495
25569,0.04184919915198566
25570,0.028110072852973417
25571,0.04722540725780923
25572,0.10700292473537339
25573,0.061021563103033784
25574,0.04226777595161291
25575,0.07242778384620688
25576,0.11600276519532318
25577,0.057955101396164964
25578,0.09364712833116373
25579,0.1434438265236611
25580,0.049302000848894995
25581,0.07246657376341546
25582,0.022631805399677844
25583,0.04527863073861865
25584,0.07409585171409537
25585,0.05796129569993737
25586,0.24926734342065582
25587,0.02267729847341786
25588,0.08444113215539754
25589,0.04039043597639967
25590,0.06619757795354031
25591,0.03527954570933496
25592,0.14986733993157583
25593,0.010531560512784352
25594,0.1293090504703642
25595,0.041294408535771376
25596,0.0805246808328556
25597,0.02728833035502637
25598,0.13599561492982273
25599,0.03327236597928249
25600,0.05460788275097746
25601,0.015419412434534653
25602,0.042127003776715514
25603,0.027022347194218182
25604,0.017442423022285415
25605,0.029532010446194357
25606,0.011300477965562754
25607,0.02925899232704117
25608,0.1441822624536609
25609,0.059963719694203485
25610,0.027490922850383973
25611,0.027040465264312252
25612,0.19902018532397536
25613,0.03673336953338495
25614,0.12771128361657397
25615,0.018392098619445445
25616,0.013740079617646055
25617,0.051972986215322654
25618,0.01934425580037877
25619,0.018976776579455602
25620,0.027680862057807745
25621,0.03615171414240268
25622,0.1345075622666069
25623,0.07338945033041928
25624,0.00862291495258442
25625,0.04603380429170089
25626,0.037703082348932396
25627,0.04885550455039993
25628,0.028012589769894312
25629,0.014908927029027491
25630,0.31334786737452003
25631,0.0502479248357959
25632,0.05357726557785651
25633,0.03232753503655844
25634,0.15860791030897703
25635,0.01885919014803837
25636,0.033495463247503084
25637,0.02070469069535914
25638,0.06006556382118524
25639,0.22220594247822978
25640,0.2543041135556011
25641,0.012566531393252568
25642,0.02318451482531895
25643,0.044933868574521
25644,0.05914285601717303
25645,0.1246638778335317
25646,0.05814628831624437
25647,0.046459431925426606
25648,0.056399291684267494
25649,0.02208648380531916
25650,0.040218557555390694
25651,0.0390062680649554
25652,0.0854703159566769
25653,0.014562442939673254
25654,0.012954771502299206
25655,0.0857167771640485
25656,0.04240289205856627
25657,0.10162144452115401
25658,0.009523565185664098
25659,0.227701648484412
25660,0.024148064131115494
25661,0.04181525656478844
25662,0.0200222117920495
25663,0.126457060465243
25664,0.043148868821198984
25665,0.01635619501826564
25666,0.04479046131965106
25667,0.051881963495866906
25668,0.043681530909860766
25669,0.031603723020255194
25670,0.01454064025737931
25671,0.04021568121272814
25672,0.019172361554860816
25673,0.08356839557840687
25674,0.02447350212644305
25675,0.09105495093050112
25676,0.05222685072343283
25677,0.01474444972059738
25678,0.08054736322217071
25679,0.05729666593956535
25680,0.09743345756578568
25681,0.12899269403409247
25682,0.11364519979706775
25683,0.06967683268567317
25684,0.06507652035054134
25685,0.13099597640386693
25686,0.04618855848106742
25687,0.2235029372581307
25688,0.08701722747736229
25689,0.018974010775103512
25690,0.03657294862358756
25691,0.10922997460431257
25692,0.10941364130234274
25693,0.08502622428106332
25694,0.0077758801600896375
25695,0.015488224995367263
25696,0.04625302379934338
25697,0.08348801314884326
25698,0.03537171088323653
25699,0.013973492001970705
25700,0.09746626424430878
25701,0.021384179597840607
25702,0.1976862092795787
25703,0.0612184907776359
25704,0.03194490858928269
25705,0.024564369687373598
25706,0.05727540236268268
25707,0.044647819409425984
25708,0.02525575225717207
25709,0.12653481332619032
25710,0.11047136124422938
25711,0.023312111146008344
25712,0.01819885401760593
25713,0.08921686766399525
25714,0.028550631635079805
25715,0.020644457390127657
25716,0.016635473599260858
25717,0.04957407088447757
25718,0.02319183380536408
25719,0.0678955213235383
25720,0.03197069487544988
25721,0.06084525152372693
25722,0.020987944575375728
25723,0.09190878103263075
25724,0.08446188886813635
25725,0.15632599350330145
25726,0.16485430583684516
25727,0.087760151739099
25728,0.055052639039545215
25729,0.026331546360958497
25730,0.1319751487934764
25731,0.20485465373048595
25732,0.014899255763428789
25733,0.014760215010863569
25734,0.0827391083391998
25735,0.05370048223661235
25736,0.06421680369853361
25737,0.0474628865240386
25738,0.08598835760825549
25739,0.07672469894507414
25740,0.1013034696450342
25741,0.011564445625605328
25742,0.04091650378489601
25743,0.015791069785376984
25744,0.03203596790823382
25745,0.033015339304669655
25746,0.018812673987381488
25747,0.057667367308705794
25748,0.030124705080024433
25749,0.26701481002905264
25750,0.02772883341540837
25751,0.09435439647625903
25752,0.01889332494915154
25753,0.07894642083523154
25754,0.14356997020761747
25755,0.0200609311287348
25756,0.019252050936103503
25757,0.08433971213133579
25758,0.03628133704226408
25759,0.04687068227937046
25760,0.06439953033495724
25761,0.017100305710332678
25762,0.01884013376263974
25763,0.1521476421311278
25764,0.06324291026642993
25765,0.02920170355201734
25766,0.023475647663904916
25767,0.0157162641792092
25768,0.047983574521344136
25769,0.030456488927106083
25770,0.0642603491581657
25771,0.03263791931090238
25772,0.0444622069997426
25773,0.030951538803753544
25774,0.045379334688237634
25775,0.012857883553167268
25776,0.04345758405217975
25777,0.06545831866818809
25778,0.052170892012244285
25779,0.06055920866270787
25780,0.12233861082569086
25781,0.2349790196903067
25782,0.03930364665645916
25783,0.022890565472911285
25784,0.27854467954413775
25785,0.12401398529485397
25786,0.03295779919743608
25787,0.04714413793592964
25788,0.036140582584950814
25789,0.0322990813963639
25790,0.10083704246760812
25791,0.06543874974583191
25792,0.03142567582155636
25793,0.07970754106249404
25794,0.06661932756401022
25795,0.07659322644269088
25796,0.0837874306610833
25797,0.09027815198404893
25798,0.06472256512977372
25799,0.02043955136251249
25800,0.018286118238014938
25801,0.044879079216498724
25802,0.047810747351611886
25803,0.13891416229984566
25804,0.026038828418605345
25805,0.07752201299130529
25806,0.0667501268972739
25807,0.029863081408815342
25808,0.2760252484566186
25809,0.013190956749033589
25810,0.026317519878849567
25811,0.055926892343420465
25812,0.026022784355515034
25813,0.013490862761634824
25814,0.164232878408393
25815,0.014948989455543515
25816,0.026591815001195552
25817,0.02579257970219679
25818,0.020127925565240963
25819,0.027915135474080192
25820,0.02434147965588139
25821,0.030212243571650758
25822,0.045937075182233326
25823,0.0758406260754324
25824,0.01065176398053833
25825,0.025208707994615283
25826,0.12386876557191703
25827,0.017575261430193605
25828,0.057671927680750565
25829,0.04439735954990641
25830,0.049868133874594864
25831,0.15865923679341504
25832,0.11399094262156875
25833,0.021341775321662572
25834,0.2421881922282216
25835,0.06280407138680835
25836,0.0623491814560043
25837,0.022470613117731898
25838,0.03689370527383726
25839,0.15436138045521028
25840,0.021677307744790743
25841,0.03138305153315112
25842,0.0336149625216679
25843,0.07090003743687691
25844,0.022385755589018962
25845,0.024331299446839358
25846,0.17376488877791046
25847,0.18775632597751357
25848,0.05396416219163877
25849,0.027430494599014272
25850,0.04103036103965586
25851,0.2109457110821043
25852,0.04621583879853782
25853,0.08427254561967328
25854,0.053364436188983906
25855,0.1091164503862432
25856,0.023314977633120623
25857,0.05312070222118478
25858,0.03679394155221964
25859,0.012885862482950617
25860,0.06316171075145956
25861,0.01773050936742607
25862,0.14708401777971813
25863,0.4356856651476565
25864,0.01885763430014145
25865,0.07053656106703324
25866,0.07898733497662813
25867,0.03641589894898205
25868,0.07962879350720886
25869,0.016943883526877885
25870,0.028382488698281787
25871,0.06860737450572864
25872,0.13563923411509574
25873,0.17384279913645623
25874,0.04670024739251016
25875,0.24780826803987144
25876,0.03532166320822164
25877,0.1469952133036722
25878,0.03173387172632617
25879,0.06050063302346943
25880,0.04275975682119868
25881,0.045233175853952826
25882,0.04821569888907719
25883,0.07854146243614682
25884,0.0698488839121722
25885,0.01999799726271515
25886,0.027678504847163377
25887,0.022356214272391497
25888,0.025728839880470408
25889,0.24894239873350332
25890,0.32693286563078205
25891,0.031030880890335934
25892,0.143799772559634
25893,0.04298084000118773
25894,0.04888066526548202
25895,0.14584828793776347
25896,0.13393744677803313
25897,0.04667487028103956
25898,0.049373584132284855
25899,0.038183289305706025
25900,0.013172457863597085
25901,0.035438041950251464
25902,0.016892889303653735
25903,0.03492155548267522
25904,0.05052636067374845
25905,0.017216182772411555
25906,0.07027138938775217
25907,0.016299689252735304
25908,0.02104678939199327
25909,0.032320648511265884
25910,0.5897974484987052
25911,0.0688196760917639
25912,0.02397364765281123
25913,0.02334045416795481
25914,0.02108210646068151
25915,0.08079628151816941
25916,0.014665621427570387
25917,0.09625097489728
25918,0.05524783972617439
25919,0.011861384312576644
25920,0.3671734275941136
25921,0.04464326713170426
25922,0.04064468295419371
25923,0.515606189375594
25924,0.11152129971432906
25925,0.010707337594772538
25926,0.0946136706873745
25927,0.013799329185082858
25928,0.029399357812207552
25929,0.01357542369257693
25930,0.033863682305167994
25931,0.01122281419336081
25932,0.04561177435672731
25933,0.01463245352281381
25934,0.048624758799665775
25935,0.04706639556539379
25936,0.020746611512812742
25937,0.021594969766493194
25938,0.05278494868484332
25939,0.09983273480534759
25940,0.1259869125545825
25941,0.06251456932968237
25942,0.08197256654753422
25943,0.024877602113741154
25944,0.03472265025675332
25945,0.03695121866487969
25946,0.04677880560369657
25947,0.06688750650450707
25948,0.02208157733089912
25949,0.1657914167789549
25950,0.01573613322542767
25951,0.029101848056539186
25952,0.03882907154656225
25953,0.0258139467577827
25954,0.05885518038199326
25955,0.06901133451203123
25956,0.03544508078305382
25957,0.12622482668941404
25958,0.01921212056682165
25959,0.04984766618191705
25960,0.25827759314146487
25961,0.03685716005016082
25962,0.01961437917398792
25963,0.13065653930177237
25964,0.02811240029980889
25965,0.04961768031496508
25966,0.056681151503355995
25967,0.03688163741722676
25968,0.10863254251839577
25969,0.025920147405972066
25970,0.2073097013680678
25971,0.047222040193608046
25972,0.016553557143511054
25973,0.031319338113534156
25974,0.10399062016252658
25975,0.0328940939827071
25976,0.0670377114494024
25977,0.018819599297984633
25978,0.01582387349613589
25979,0.4223826594293689
25980,0.025564242236797464
25981,0.022741304088348076
25982,0.14999989581026227
25983,0.15505637150616453
25984,0.05105622398371016
25985,0.030407218860947594
25986,0.05491649059752658
25987,0.08388041039195991
25988,0.03618226315552601
25989,0.06578822417636228
25990,0.02010368220538006
25991,0.17090359660793933
25992,0.03301028071412587
25993,0.03668142827252292
25994,0.08587166739757914
25995,0.01481791416623601
25996,0.032210818769729234
25997,0.03751432222552795
25998,0.03043130688855426
25999,0.05634746655544341
26000,0.044675011059930735
26001,0.024814397466115447
26002,0.012552930722490497
26003,0.14616250082160406
26004,0.04137922585944015
26005,0.03957019933382451
26006,0.044756244515449545
26007,0.0626673712743909
26008,0.02733322586894949
26009,0.028347182070660976
26010,0.13424625591598122
26011,0.19186097580129519
26012,0.09200196772502313
26013,0.02903259248343595
26014,0.023501927553471157
26015,0.0881745341775113
26016,0.042767537522915164
26017,0.03442428230090272
26018,0.1284275165497964
26019,0.17619758116947223
26020,0.2752244930306281
26021,0.04961648800841667
26022,0.09318672810721444
26023,0.03954450215145294
26024,0.012320064360717163
26025,0.05592179594014776
26026,0.03404506327869016
26027,0.04213299906356705
26028,0.03782725661176974
26029,0.045301932201801
26030,0.11499698529123727
26031,0.18155008977971815
26032,0.016354608043733072
26033,0.03512943136576028
26034,0.013275362419577264
26035,0.09298357833194
26036,0.02683896095862786
26037,0.07064128199058231
26038,0.019841416009372004
26039,0.083890272950833
26040,0.1579028377497203
26041,0.24766120331383049
26042,0.03760703588970052
26043,0.03745084541258141
26044,0.1128557049801078
26045,0.04548566476004976
26046,0.00840916538132689
26047,0.03945649814549809
26048,0.0323781167490464
26049,0.02705560846249947
26050,0.04805570698423423
26051,0.08068987920816613
26052,0.13569600445749574
26053,0.04812963942089845
26054,0.019327815729326916
26055,0.06192791974370937
26056,0.02457815505242464
26057,0.08548125943958734
26058,0.052623365216975665
26059,0.05477281646644562
26060,0.010870256900887137
26061,0.023133295707824877
26062,0.08911495530308275
26063,0.10994214546169315
26064,0.06383993076837391
26065,0.04608574350289421
26066,0.09762610547646608
26067,0.1865264914865661
26068,0.035890484167641665
26069,0.1045165164985484
26070,0.043807013173000175
26071,0.032785212192405294
26072,0.033387064849485906
26073,0.02245056681403495
26074,0.025466593923743615
26075,0.1502329544376563
26076,0.03796919683704848
26077,0.03860202374071653
26078,0.04299513663680541
26079,0.01323506019110264
26080,0.04313457723415008
26081,0.0339132171731014
26082,0.18224192753357482
26083,0.018229300157361725
26084,0.0703456869868448
26085,0.03879806020379739
26086,0.0191009713778654
26087,0.03413086229975157
26088,0.11074608156598248
26089,0.08587793722486745
26090,0.21325456499057732
26091,0.06351576465300889
26092,0.043955518604248366
26093,0.028468167127326548
26094,0.058310859206890726
26095,0.019789135044800787
26096,0.1147982630099072
26097,0.053060051541308675
26098,0.041970150846468365
26099,0.014590039219256848
26100,0.0311569315662851
26101,0.03667871437926407
26102,0.0642751152291871
26103,0.08533486499679369
26104,0.05553611839835615
26105,0.07416546966221929
26106,0.048112596647990606
26107,0.10389016165424086
26108,0.11959835275246525
26109,0.0183204018935263
26110,0.01704449867682982
26111,0.0391445328472734
26112,0.039765848151895884
26113,0.023512259917760042
26114,0.02878368424786551
26115,0.06757690523715144
26116,0.0390159769242702
26117,0.12301611883294933
26118,0.078693183317146
26119,0.028572713149026187
26120,0.028802654062589812
26121,0.023082277116561634
26122,0.06328521654950421
26123,0.025794803605169083
26124,0.028212433058023612
26125,0.016590175463515
26126,0.12362915400577794
26127,0.16107215859652685
26128,0.06046346849613203
26129,0.07097054083222258
26130,0.04241858876440521
26131,0.07272708529671291
26132,0.09246005710695314
26133,0.02393940348286616
26134,0.09880052366865234
26135,0.08877069392606832
26136,0.04572304827891292
26137,0.05004006509990243
26138,0.0735019722640182
26139,0.10771273271467591
26140,0.11023799083763865
26141,0.014285879119379535
26142,0.2613262037563814
26143,0.016042308271583514
26144,0.09369852636233504
26145,0.030382648410152112
26146,0.05093506316259125
26147,0.03688702227402233
26148,0.07109613082528116
26149,0.02734003230159843
26150,0.05892445662700077
26151,0.05045120023025787
26152,0.07339723722319783
26153,0.030261682740251122
26154,0.018871419607108936
26155,0.030614878089076838
26156,0.1024971231360698
26157,0.03506838264429196
26158,0.10625182298144077
26159,0.27534160297854476
26160,0.04968837386760723
26161,0.23082698910162375
26162,0.06630650348787033
26163,0.030018611398917004
26164,0.017408825540798582
26165,0.03984597854254203
26166,0.06189606589098379
26167,0.019879032078844405
26168,0.054331263492957964
26169,0.3185353387695674
26170,0.01733904142162087
26171,0.0641204863595394
26172,0.0779760284824311
26173,0.12724444643850674
26174,0.02025875665297451
26175,0.03463263467345854
26176,0.027911985788240588
26177,0.02058816964529401
26178,0.08552380352274924
26179,0.16993148027048352
26180,0.07316737904518983
26181,0.11646311503767402
26182,0.019043758519393487
26183,0.04566784238825561
26184,0.05096376817435061
26185,0.0238643957835065
26186,0.056587885587332326
26187,0.026974625088945197
26188,0.14578452469694608
26189,0.04645717466287584
26190,0.22647689484876937
26191,0.035942849339602845
26192,0.11283480570866189
26193,0.04222982850443188
26194,0.07242192028503674
26195,0.26914179118960024
26196,0.021612317275924366
26197,0.012015057893074946
26198,0.04563873916332715
26199,0.13878113692680877
26200,0.060703405824734116
26201,0.11881156604623795
26202,0.021075785568547858
26203,0.15507763293728608
26204,0.12894145510609764
26205,0.023105400636853755
26206,0.46577363126387233
26207,0.02201161375340479
26208,0.0359770007074392
26209,0.06726110646250831
26210,0.02751949808344147
26211,0.043056861447222546
26212,0.05962587914675528
26213,0.02950559264931742
26214,0.06210460443199924
26215,0.011674999420490124
26216,0.04472457088287968
26217,0.03781643055320571
26218,0.03172911933528343
26219,0.03048933908988256
26220,0.013805815097664648
26221,0.06596489704239519
26222,0.047951459514281626
26223,0.07940354550964211
26224,0.016803618904372684
26225,0.03032169953935637
26226,0.1504080393696619
26227,0.025561161190868455
26228,0.12389881036587799
26229,0.027965571910702376
26230,0.05418704405607378
26231,0.04977650277719026
26232,0.03493318766648451
26233,0.20517475287789963
26234,0.17268043491770294
26235,0.1634100998311658
26236,0.04123085104565351
26237,0.01394137307510451
26238,0.012498759259745027
26239,0.02616640600977348
26240,0.03696236900329107
26241,0.10841805979203034
26242,0.413866137257249
26243,0.07110089859549246
26244,0.010965035112766362
26245,0.0548091495059213
26246,0.06676372256098198
26247,0.10629502328384997
26248,0.03189075006160732
26249,0.02727085545600138
26250,0.14546111337526274
26251,0.07677592301592467
26252,0.03830126381874296
26253,0.06453947024833621
26254,0.07345574099037536
26255,0.02662848675263982
26256,0.04557385450246826
26257,0.1674263379835036
26258,0.03337800350330856
26259,0.045127471768145355
26260,0.01568714912569248
26261,0.09769444083463097
26262,0.04151887152469611
26263,0.04341417726598339
26264,0.06318844173799294
26265,0.25876937921936294
26266,0.04912104189318653
26267,0.049050019009313474
26268,0.21133239554612412
26269,0.04736706996454739
26270,0.14811359459009615
26271,0.025647059929472374
26272,0.017158171050393915
26273,0.03404240643548593
26274,0.009291161727856209
26275,0.00811249563645456
26276,0.1628940599516356
26277,0.23443514395305345
26278,0.08799993073081286
26279,0.06047184451487736
26280,0.020478816939789146
26281,0.030417864595592932
26282,0.012151642426749737
26283,0.126953791663325
26284,0.2227927800582824
26285,0.033471400553712186
26286,0.04104661280401538
26287,0.3580539376105808
26288,0.1361918850892765
26289,0.030496290838649978
26290,0.1083490689417467
26291,0.11012584053517138
26292,0.040860044016465286
26293,0.031754588244750616
26294,0.22198138806344225
26295,0.04946441256995897
26296,0.043619116503643564
26297,0.0412091343124278
26298,0.23806145638265483
26299,0.04815814393027807
26300,0.06459603659069807
26301,0.0172937629053564
26302,0.02514032655366534
26303,0.016583848172392904
26304,0.14368186441724545
26305,0.016594005630314507
26306,0.01622601751018378
26307,0.010903941978024103
26308,0.024578538987280477
26309,0.06985239466412019
26310,0.07909361138385812
26311,0.01716907736247617
26312,0.08467804080922707
26313,0.06029809666719486
26314,0.012559996198898141
26315,0.0937955654295546
26316,0.01849957183525981
26317,0.02951523187080831
26318,0.143588370401872
26319,0.059143588302517786
26320,0.02073755359281692
26321,0.029728901396286804
26322,0.09579267952316105
26323,0.031776062395448376
26324,0.04953192691563112
26325,0.21017911117157576
26326,0.09743203600500189
26327,0.035119958733879124
26328,0.19251957184241686
26329,0.015118653563436578
26330,0.10071315893694788
26331,0.04356738835717669
26332,0.3600212719406737
26333,0.01713573159802803
26334,0.017422153773863785
26335,0.07535035832296821
26336,0.07932699756621245
26337,0.06492869271292749
26338,0.11393118683965522
26339,0.02956113089484293
26340,0.039782244703039184
26341,0.0446080079076178
26342,0.016583364847743004
26343,0.0825666818047979
26344,0.033485872607361765
26345,0.03777016096755934
26346,0.12421402111054708
26347,0.07283125428593573
26348,0.06817557800191809
26349,0.04920822228645338
26350,0.07005035614441471
26351,0.05763024424976329
26352,0.1903186635402654
26353,0.06870629848961941
26354,0.10984782125689868
26355,0.06570696569870423
26356,0.055550216781269396
26357,0.10747014831829997
26358,0.014704022549831771
26359,0.050377274477112766
26360,0.14461215973567693
26361,0.040940054096429875
26362,0.19856905380333972
26363,0.02532749952024744
26364,0.048501718302243105
26365,0.08129877746310787
26366,0.01526349110907102
26367,0.01747310335459672
26368,0.029016947523584566
26369,0.022460932088799238
26370,0.028776177086905726
26371,0.013411394310804617
26372,0.08044242776767499
26373,0.019233083868318648
26374,0.05098798491957153
26375,0.17004669258638766
26376,0.06696593449997104
26377,0.02619725690680807
26378,0.022874982319216648
26379,0.0426342145116832
26380,0.031708025957531694
26381,0.06182308777117568
26382,0.03637571892098264
26383,0.04390830198457915
26384,0.05111498692667624
26385,0.059100574206785834
26386,0.04227086883727599
26387,0.05965684232965868
26388,0.03877418313102864
26389,0.015665286154123572
26390,0.03098476816499065
26391,0.01576750523904884
26392,0.012913184489497383
26393,0.0493623192316555
26394,0.027698667563615418
26395,0.14761785681626668
26396,0.14119416714449404
26397,0.02958132226821017
26398,0.01857049943124615
26399,0.05281171721391606
26400,0.03760430853267473
26401,0.024393320151370704
26402,0.08033802258396731
26403,0.017239126523316516
26404,0.0699039223770325
26405,0.05216578260232969
26406,0.03034439906195727
26407,0.0359060510643274
26408,0.01380368757435848
26409,0.028318996042686447
26410,0.0359654778398582
26411,0.10564127565915898
26412,0.007881480960892013
26413,0.10256260492085162
26414,0.04790746868731648
26415,0.02190207850031343
26416,0.06740433045282959
26417,0.027366277257893312
26418,0.010628130510895025
26419,0.008641589974099391
26420,0.08030356810957166
26421,0.02785333898616077
26422,0.030798882563076953
26423,0.0474913469340133
26424,0.16878139635697062
26425,0.04841214951395263
26426,0.03004429559417665
26427,0.027040070123940968
26428,0.07560583546770712
26429,0.039319060056097935
26430,0.020251827012558794
26431,0.04847433230678745
26432,0.044305364791348084
26433,0.021218008771083777
26434,0.02066097721232072
26435,0.019440758990119714
26436,0.040364620133926055
26437,0.0751267566276943
26438,0.021750626062834885
26439,0.015550814433640677
26440,0.15794359140293035
26441,0.048120512976814356
26442,0.12611841191762008
26443,0.016415531602451176
26444,0.05360205203894114
26445,0.015087853094510367
26446,0.14446353086275826
26447,0.08201390763067183
26448,0.05593369236178985
26449,0.07291428115530006
26450,0.01965557262178783
26451,0.011176037018520338
26452,0.05679324109422243
26453,0.08668828720806485
26454,0.035922778655493835
26455,0.02907240175849412
26456,0.03454132854419015
26457,0.026236918327545843
26458,0.053961507042772014
26459,0.14626039172120228
26460,0.17237622286775184
26461,0.020883465661771676
26462,0.03906502166659484
26463,0.03430754542725573
26464,0.07416541911406557
26465,0.030328518462486034
26466,0.05371622487989977
26467,0.1683720795989859
26468,0.3687050476363285
26469,0.9856900484296695
26470,0.02100820012506744
26471,0.04567391147614374
26472,0.037442993803100184
26473,0.03824664568580084
26474,0.057410967626739154
26475,0.08361610983898816
26476,0.029724309580965287
26477,0.027365337942977287
26478,0.03512786058914044
26479,0.09289835699228835
26480,0.019030414477976373
26481,0.026834861144790983
26482,0.012339445846708005
26483,0.020724153910707532
26484,0.03178038226227736
26485,0.03135092468830058
26486,0.049723685380453936
26487,0.02252211630838477
26488,0.06442149022089787
26489,0.1488378287706097
26490,0.020276560141236296
26491,0.18187410619021452
26492,0.08023496965021805
26493,0.13423340800731515
26494,0.07562694206103811
26495,0.011874482232751428
26496,0.03468689963199725
26497,0.11338793864667229
26498,0.05846430267726148
26499,0.031028118330276862
26500,0.05834533278400909
26501,0.20864933209718503
26502,0.029389999223279464
26503,0.20914661183671124
26504,0.03709176845368154
26505,0.03831866760342949
26506,0.06243218737418044
26507,0.051116557620141
26508,0.09827294441135359
26509,0.06257335967213207
26510,0.016430449899244803
26511,0.0537154894813533
26512,0.0980661255141885
26513,0.017238617408993392
26514,0.058733288171208854
26515,0.14281207174049018
26516,0.03135522571101821
26517,0.9529566608124892
26518,0.02197476319101795
26519,0.050899492146990126
26520,0.07586220428274106
26521,0.03242840107703791
26522,0.027669242773749065
26523,0.14790800947594993
26524,0.017761964368828934
26525,0.008079788960753167
26526,0.09960292729993726
26527,0.1157347558614572
26528,0.09481883248796522
26529,0.01293690751477099
26530,0.010764865507654365
26531,0.04576772965856364
26532,0.310171631774496
26533,0.13566920408993163
26534,0.040381282654427655
26535,0.033813366116125405
26536,0.040212683948977555
26537,0.04427987693346
26538,0.02155518705570767
26539,0.01722687318987233
26540,0.18268857891101045
26541,0.08429664534822268
26542,0.010203045604949116
26543,0.030165869930081343
26544,0.026988741341107028
26545,0.12773725703133143
26546,0.0276979445298109
26547,0.35153991036717974
26548,0.02345585590879612
26549,0.11800063359297101
26550,0.04916985841167764
26551,0.3254698343091653
26552,0.2570389694332117
26553,0.06361663464065939
26554,0.016996432943507417
26555,0.01620389385004611
26556,0.37482133426589215
26557,0.03941067095073747
26558,0.08151697525223094
26559,0.06844437878578705
26560,0.1489319472517491
26561,0.21302333767972725
26562,0.012346222398729408
26563,0.11504700924612757
26564,0.20661981820848424
26565,0.02650101512945754
26566,0.033571433220204686
26567,0.06969018183684661
26568,0.048740600469499656
26569,0.04249359604564677
26570,0.032743224324537926
26571,0.017472406463625818
26572,0.08567999724268745
26573,0.10877413207453435
26574,0.045299931023661054
26575,0.07373759581795353
26576,0.013774497464420431
26577,0.027967790844720578
26578,0.05208308044195084
26579,0.035059831232571725
26580,0.040699855880186334
26581,0.01605797517164647
26582,0.0382177983852193
26583,0.061311549402585604
26584,0.03052742036412928
26585,0.02776390031986542
26586,0.021944302779592174
26587,0.025382453932301985
26588,0.04744728189414582
26589,0.0912150543045818
26590,0.08221269523168906
26591,0.04593787912235111
26592,0.08562728091513767
26593,0.31831763486197573
26594,0.12254009912201473
26595,0.1182242502648132
26596,0.03336348753771813
26597,0.03684562890549997
26598,0.10302548550803065
26599,0.04375974404238111
26600,0.088055348299592
26601,0.02348011992335658
26602,0.036999935334724725
26603,0.08782108570925645
26604,0.0272402728527377
26605,0.030891120687424722
26606,0.01666303924885765
26607,0.12497485520862292
26608,0.027132800993425278
26609,0.06370099916769428
26610,0.05045540635835603
26611,0.0287739758199914
26612,0.031105497824939467
26613,0.02938642846674482
26614,0.01819293656228637
26615,0.024123955802162936
26616,0.04849111553973434
26617,0.041769009488446335
26618,0.08338050301757559
26619,0.01396978362705065
26620,0.02930037757600043
26621,0.045140211930831
26622,0.01787991915044103
26623,0.03685103528723665
26624,0.028349120285219444
26625,0.01914192579575118
26626,0.11188898470596237
26627,0.05195758961811199
26628,0.21014094614136006
26629,0.050735956866929346
26630,0.03498925546142363
26631,0.026378078606449317
26632,0.4162735360324935
26633,0.03416955663536929
26634,0.073538503153876
26635,0.05842324784631872
26636,0.019797256397742262
26637,0.016820261886254607
26638,0.031078101313778576
26639,0.024411852348910756
26640,0.021875222623799137
26641,0.013506200578492366
26642,0.010631235945519995
26643,0.054453295058388286
26644,0.04450060762196777
26645,0.11372294019663688
26646,0.029129505508374093
26647,0.08792214333656033
26648,0.018197052237905187
26649,0.08502508544258429
26650,0.013006917929188844
26651,0.09559389112245222
26652,0.024117417177827467
26653,0.1267549975425219
26654,0.1225091189338604
26655,0.09241388575899039
26656,0.03701424539514356
26657,0.016386641964721952
26658,0.012037380976496015
26659,0.02462105748222315
26660,0.07971859827402661
26661,0.05778502013168148
26662,0.15259089186050295
26663,0.027497137602767
26664,0.08474241492814932
26665,0.04686973124186483
26666,0.03809570860548766
26667,0.07168102483482094
26668,0.036475456701989525
26669,0.010816085310138147
26670,0.030704545529229313
26671,0.03441438015871628
26672,0.10319515750092711
26673,0.037871705767958244
26674,0.2679242288335244
26675,0.06371619391080979
26676,0.019587225509214
26677,0.04375473076726672
26678,0.04695170699427309
26679,0.0666473192873681
26680,0.02359213181526228
26681,0.021205195042921586
26682,0.04405171477296023
26683,0.013759797987108635
26684,0.02874154008731861
26685,0.09885164791751183
26686,0.04960625387530223
26687,0.06866799779795481
26688,0.019767973902885976
26689,0.01361343886417005
26690,0.025615177820207596
26691,0.039531555322234097
26692,0.09707303869458127
26693,0.027860654541818908
26694,0.279094054057622
26695,0.01862371311980196
26696,0.02524974173378909
26697,0.07026270773579266
26698,0.008461975380283843
26699,0.020130563899823824
26700,0.0772218752767386
26701,0.07491371318439606
26702,0.10852967450954192
26703,0.01967243770414912
26704,0.023948625670610013
26705,0.05431729226157034
26706,0.03244751926043318
26707,0.02444604998853902
26708,0.2370728863404681
26709,0.08484979906713518
26710,0.052757863852888005
26711,0.02113911546763652
26712,0.4913476383555291
26713,0.1934789386460476
26714,0.06959841633871364
26715,0.044673530126412044
26716,0.04270224822084796
26717,0.023363039375249566
26718,0.1340632411199316
26719,0.04180507835527808
26720,0.031985827581063546
26721,0.1322256445886079
26722,0.0838732925160864
26723,0.24990776413915053
26724,0.012582671688969958
26725,0.00918499240790671
26726,0.07558089485872914
26727,0.018085456733304254
26728,0.03385655621648852
26729,0.10200691994280595
26730,0.11055043123206573
26731,0.04527086115830234
26732,0.018920757593198577
26733,0.05406307652744549
26734,0.03860560960287757
26735,0.030372242704152213
26736,0.027886079604682538
26737,0.11373478843594222
26738,0.03188581316496328
26739,0.0233004272767504
26740,0.010165610260945342
26741,0.16384213672342718
26742,0.04624004422731634
26743,0.04818066763423041
26744,0.07200268375671959
26745,0.0207097167863435
26746,0.018041333304054722
26747,0.07835986042149842
26748,0.04748696238499547
26749,0.057676410644507486
26750,0.012068962796874975
26751,0.08416133028069993
26752,0.10632448020886126
26753,0.040956421024523196
26754,0.02543460084424112
26755,0.08882454058346725
26756,0.021455885669250784
26757,0.024817858176225945
26758,0.06333039931760251
26759,0.12140875944920235
26760,0.02491992660399417
26761,0.03813286718107245
26762,0.18504339743067588
26763,0.10131539347555969
26764,0.011716243808243616
26765,0.012626872620783026
26766,0.05952647130357083
26767,0.02759473562164902
26768,0.041558297487637424
26769,0.060596148259015645
26770,0.008581591352455505
26771,0.03378504265167871
26772,0.08330221139625604
26773,0.06162971531242846
26774,0.10339507409535215
26775,0.01674967649186768
26776,0.01590352668072163
26777,0.0515332639153856
26778,0.07178015149802228
26779,0.08309847949187572
26780,0.07322410693038027
26781,0.11787856412014683
26782,0.044646025865989016
26783,0.06369013576535093
26784,0.03800646207351445
26785,0.05633614267043481
26786,0.18701628144673393
26787,0.0564872022326529
26788,0.030466563099742484
26789,0.05378457741169574
26790,0.02739514490977541
26791,0.14134348098437272
26792,0.07912699820001078
26793,0.050915398064399875
26794,0.05954420954137637
26795,0.06928938661171158
26796,0.032897180430312804
26797,0.15274290294861026
26798,0.09302058054641087
26799,0.08518832175014505
26800,0.03512396482895261
26801,0.0902329494768368
26802,0.11065020419606766
26803,0.026194107440509585
26804,0.011287878267361946
26805,0.0596022939023465
26806,0.04901281379939486
26807,0.05703821354272638
26808,0.030520067259605824
26809,0.021018888615047394
26810,0.0337114420064279
26811,0.04817269286995495
26812,0.08950796987907189
26813,0.016541568704986003
26814,0.08850351623565283
26815,0.19880055685404519
26816,0.058484367917116246
26817,0.016709008383369167
26818,0.023766807778707093
26819,0.08480471790944401
26820,0.08915206544383579
26821,0.5390212286728671
26822,0.08483649132587055
26823,0.013872006438476093
26824,0.04101242770256925
26825,0.21826728773881587
26826,0.01071793143900407
26827,0.10805660576762652
26828,0.029535094083642584
26829,0.04954229034981969
26830,0.017574229930647646
26831,0.1616915595210366
26832,0.1011426251135468
26833,0.01832852260753102
26834,0.032224044877228436
26835,0.020912950762546807
26836,0.01693425482520971
26837,0.013528425115689607
26838,0.07641277291675451
26839,0.01875492521078646
26840,0.023917612953016462
26841,0.0758850279997493
26842,0.02411411451632685
26843,0.02433403681079669
26844,0.013948426517535547
26845,0.01152271386724326
26846,0.036645347145109045
26847,0.02196222316016537
26848,0.01683579593768356
26849,0.12509897570383222
26850,0.046224892900339966
26851,0.22783406786909682
26852,0.03480173790686926
26853,0.017513264178062725
26854,0.09186026800124372
26855,0.056853819628985634
26856,0.03011245870081082
26857,0.0241938895040398
26858,0.12608830948243815
26859,0.01940912267472089
26860,0.0724696426272498
26861,0.0492023228235965
26862,0.010687952694803205
26863,0.012534603755259074
26864,0.06733037111042507
26865,0.025625169548553012
26866,0.04011708791640983
26867,0.043043497131991466
26868,0.019876578604306437
26869,0.03687329141147898
26870,0.05688053960307009
26871,0.02191219360413846
26872,0.04320227322163585
26873,0.012955015898828824
26874,0.05551792721511048
26875,0.014865699659927827
26876,0.046872026617811646
26877,0.04615541958929316
26878,0.02733623217247341
26879,0.0569647968211585
26880,0.027476636215103614
26881,0.04511722729689538
26882,0.02516330085769436
26883,0.22608600721456976
26884,0.03798014107879603
26885,0.033438345569921334
26886,0.01207964764892241
26887,0.028431364946790896
26888,0.04635333082427451
26889,0.17186811684459913
26890,0.21704517602269563
26891,0.04349103623062825
26892,0.0592594728560897
26893,0.08908110394129379
26894,0.02117951923566253
26895,0.04416323202998889
26896,0.10966955315528087
26897,0.056094792261076845
26898,0.05672831670445921
26899,0.07046856238982196
26900,0.12296654871313548
26901,0.025876985628251036
26902,0.08234816482135186
26903,0.1479829959746122
26904,0.02908283179680079
26905,0.0429919575354297
26906,0.028471774635042253
26907,0.021559616529612278
26908,0.0979671536930766
26909,0.019903233200565362
26910,0.09678735469194645
26911,0.04243118246821577
26912,0.01574604402032385
26913,0.11357801264217902
26914,0.11349052711339716
26915,0.02076814486381729
26916,0.019155886682026908
26917,0.03972483620092869
26918,0.0734781774781234
26919,0.05290128212402852
26920,0.07455590956888382
26921,0.018026807096957583
26922,0.040247870539615774
26923,0.028312125754921657
26924,0.028511568910202026
26925,0.008663488743795848
26926,0.10281653850472165
26927,0.027586264105188045
26928,0.12518904927066257
26929,0.06193482419603738
26930,0.23009523040213845
26931,0.0371969503440082
26932,0.14144513407147716
26933,0.01569213752619625
26934,0.11262720571957975
26935,0.05776574657713528
26936,0.04018952276556557
26937,0.07823815967027095
26938,0.017933529923762948
26939,0.03758003532950659
26940,0.012742744613922462
26941,0.39963489386310297
26942,0.05499749197037086
26943,0.054641830241983914
26944,0.04224814396332508
26945,0.06088049047203053
26946,0.04712027538218271
26947,0.010961709189405292
26948,0.055391886035321095
26949,0.025892796528140624
26950,0.12457747745205587
26951,0.045731842682218984
26952,0.04254357255320401
26953,0.029613599786592407
26954,0.09558998713360062
26955,0.10804734353975126
26956,0.05608939041320567
26957,0.020649976880367914
26958,0.021484896433414138
26959,0.04647096363214174
26960,0.08128628409558598
26961,0.030189130984722114
26962,0.027576840804339545
26963,0.055534219178608485
26964,0.09564831703426503
26965,0.019343492637746623
26966,0.19278959309960078
26967,0.0426919052088792
26968,0.03780331336819821
26969,0.09279835807459422
26970,0.2563733158329144
26971,0.02777022812815884
26972,0.01702365078850504
26973,0.08130536504314834
26974,0.04876784880478616
26975,0.011675051741595143
26976,0.024053792481433696
26977,0.14885337994650638
26978,0.04761914377986385
26979,0.05898695478657258
26980,0.035069504498538476
26981,0.0141425700251222
26982,0.03742829929357711
26983,0.010515427890412977
26984,0.03227702130893491
26985,0.0240757391700479
26986,0.08224613237011888
26987,0.06777513280078605
26988,0.016713700077400067
26989,0.04489633916099062
26990,0.11753253481716926
26991,0.2218207151551917
26992,0.015793846517002587
26993,0.193701389472294
26994,0.0710521966746173
26995,0.028915436632260202
26996,0.017887752076423992
26997,0.07144028901754812
26998,0.019770770784818224
26999,0.14359951348523461
27000,0.11695995561108859
27001,0.027613859917499546
27002,0.050834136137972184
27003,0.0832730730998075
27004,0.017058709963583038
27005,0.1605333643543818
27006,0.1509276132479892
27007,0.0858694501052979
27008,0.037351465114024755
27009,0.018588787832296706
27010,0.06152213360367062
27011,0.23541084385673278
27012,0.014445396132536547
27013,0.02624639448078151
27014,0.011577138539856877
27015,0.0840764962762055
27016,0.013582980515628212
27017,0.0368122623532441
27018,0.0885604357295902
27019,0.03376392952138282
27020,0.013712799711318524
27021,0.03499831647679309
27022,0.048787826192725016
27023,0.0701186077465452
27024,0.20867498624274822
27025,0.014062420799899875
27026,0.1849553671764317
27027,0.03677464407792822
27028,0.0326385066277048
27029,0.0711743352863091
27030,0.04778465342598162
27031,0.01050352247235187
27032,0.050906211942378314
27033,0.038949674440778
27034,0.06020517069924333
27035,0.01259880912080651
27036,0.017918613780250142
27037,0.02256857548554877
27038,0.016992429854830134
27039,0.027165325836502646
27040,0.035289877321878334
27041,0.011968299971665564
27042,0.049724434073269146
27043,0.05397097226594241
27044,0.035830196895624784
27045,0.029027330532559046
27046,0.12714096988768608
27047,0.01946761661183967
27048,0.018341191145052005
27049,0.021480700133325033
27050,0.189056085781952
27051,0.02036162688243559
27052,0.048734968097658586
27053,0.02967966643879711
27054,0.04668672056520867
27055,0.012333063765356499
27056,0.11170078285276724
27057,0.025046961854874143
27058,0.07990586025655647
27059,0.06728024693190605
27060,0.05399182704654009
27061,0.032384278833015624
27062,0.04195791466767438
27063,0.026454893542855896
27064,0.04475806312984736
27065,0.24875475877336478
27066,0.014152179196032651
27067,0.29405857803681945
27068,0.04306654678051422
27069,0.1673941986875246
27070,0.03151935459145273
27071,0.0629374110183285
27072,0.014451032406749687
27073,0.044656453464126
27074,0.02600031752642196
27075,0.05015189120469276
27076,0.0595319287353455
27077,0.015101641992283263
27078,0.03601371218320908
27079,0.025256041714336132
27080,0.11024898886805248
27081,0.1193050631366589
27082,0.06928540906163509
27083,0.047784820872919985
27084,0.023463074818198492
27085,0.08901617254871506
27086,0.02353271397326913
27087,0.014395527179822048
27088,0.07311750880828621
27089,0.06540242807415873
27090,0.03946314854021379
27091,0.16148126433578164
27092,0.03864837619760362
27093,0.025703641060440176
27094,0.062081084044035506
27095,0.014521236978883939
27096,0.027226752364060726
27097,0.02258829637942262
27098,0.07521015974725367
27099,0.01976300674956912
27100,0.05507886663083622
27101,0.03081983892727691
27102,0.03374937465128273
27103,0.04393510283081403
27104,0.02412255672418395
27105,0.017188598189786408
27106,0.094493468994883
27107,0.02707310849268931
27108,0.11906488624392013
27109,0.0604987996851134
27110,0.034700680752565743
27111,0.031852446259749125
27112,0.04795338511622792
27113,0.08974589434670116
27114,0.045244379236141406
27115,0.02883544274124228
27116,0.015907402198828312
27117,0.05877327817789507
27118,0.03282949122507715
27119,0.11390929178079462
27120,0.07769891516833592
27121,0.015869596687536115
27122,0.03568203978597014
27123,0.025436097139100954
27124,0.011170477915831523
27125,0.06537048729102118
27126,0.024151795812726678
27127,0.22761673745544472
27128,0.042083706516512664
27129,0.09589393201347188
27130,0.026379242064550643
27131,0.03178555521525167
27132,0.14528991023068644
27133,0.03923597366695943
27134,0.14029739948959033
27135,0.09786740370000788
27136,0.12888805994947558
27137,0.22996554349719506
27138,0.07183588196384119
27139,0.025965586646820426
27140,0.015995586380095957
27141,0.030129060233655573
27142,0.04464642734685311
27143,0.0724279713669502
27144,0.006749605163505775
27145,0.021061608022427895
27146,0.039393157383070365
27147,0.02969482124821127
27148,0.04561358776254807
27149,0.11963240281794524
27150,0.0550892981839973
27151,0.9732537701691455
27152,0.012580032061158972
27153,0.08072286107490104
27154,0.01987010199422648
27155,0.01915805185835201
27156,0.03266850702939062
27157,0.09226567925042009
27158,0.0938999572130821
27159,0.06024475668478567
27160,0.01566169258349029
27161,0.520504914732149
27162,0.15570409189990095
27163,0.0262793499371604
27164,0.04037462057788829
27165,0.17950418224330394
27166,0.11023133731360202
27167,0.19436221061306552
27168,0.028355857767104285
27169,0.975618477152461
27170,0.08491957385412936
27171,0.060243619307207064
27172,0.2707981431993282
27173,0.054218761540718904
27174,0.08063876064617438
27175,0.4578170524690436
27176,0.027312890853768233
27177,0.020502923323405545
27178,0.02469140949786493
27179,0.033056885971601925
27180,0.03254037472271838
27181,0.2836503492039997
27182,0.02012509658559747
27183,0.36426716951605814
27184,0.07448673109284809
27185,0.0860456410059685
27186,0.054723754221320996
27187,0.010559192540110214
27188,0.05904449592762416
27189,0.01106653745699647
27190,0.07249051709138138
27191,0.2352678600473408
27192,0.019199871895112686
27193,0.06512415430558431
27194,0.09655214586449774
27195,0.021983869535010126
27196,0.02715030727990254
27197,0.019649557298753492
27198,0.011258317427050926
27199,0.03656608415436678
27200,0.031167639955010144
27201,0.045472214253400395
27202,0.06916643964615839
27203,0.02622830175581685
27204,0.06855975116877615
27205,0.06428431490105893
27206,0.022182165064240176
27207,0.0167973569129713
27208,0.007990870808488293
27209,0.012207328238175821
27210,0.06178563857724016
27211,0.014191865426779504
27212,0.034447306221003365
27213,0.0480482334392761
27214,0.03834365978400822
27215,0.03194805965985962
27216,0.17439885251228307
27217,0.06613845379507464
27218,0.04113386432797195
27219,0.05249929369240729
27220,0.028708543909210793
27221,0.2057953101065167
27222,0.012828031906600475
27223,0.027964808655121996
27224,0.05679126110785998
27225,0.03990866937508904
27226,0.030017424314914484
27227,0.07454220897838468
27228,0.13322905363618448
27229,0.0196287490022761
27230,0.10917444617147004
27231,0.02127724762422
27232,0.10923170299381649
27233,0.10454774023868915
27234,0.01009140306895478
27235,0.031679466377805804
27236,0.19424546337561135
27237,0.009490151292572286
27238,0.1599287629939545
27239,0.0742569897596677
27240,0.03170579488301454
27241,0.01510531596953666
27242,0.10861397924612848
27243,0.02351310132357369
27244,0.1298138529823429
27245,0.03037303634070595
27246,0.059229212828116065
27247,0.02436096336050577
27248,0.1064567463498515
27249,0.02183503374289141
27250,0.02390386578359138
27251,0.015343560488561229
27252,0.035529905836989235
27253,0.026993632434904116
27254,0.20136065720730534
27255,0.09913530882759265
27256,0.0374503385089243
27257,0.04877894486230979
27258,0.17037778224013184
27259,0.05675184926861674
27260,0.15797938492256325
27261,0.08197574137577635
27262,0.2568007780120431
27263,0.11205103432328975
27264,0.0390416454493427
27265,0.13548149336278068
27266,0.12808313454282846
27267,0.025953894065907597
27268,0.021446742734157895
27269,0.06590380860975015
27270,0.09677253835282414
27271,0.02241958628812246
27272,0.0967793943624473
27273,0.045689611456780466
27274,0.0723545073319916
27275,0.053897432217442594
27276,0.02958241819161564
27277,0.010204792833801995
27278,0.11201943320514977
27279,0.04672241750398214
27280,0.04569357681437364
27281,0.029353051715828908
27282,0.1848069202830138
27283,0.12053523434291244
27284,0.2840761464782581
27285,0.01604251818761417
27286,0.14096410975827686
27287,0.13922238944936982
27288,0.0216888429387907
27289,0.10472570501305047
27290,0.046821824534220985
27291,0.051613701255054614
27292,0.0874159740946289
27293,0.15046293238127958
27294,0.22299145108460572
27295,0.08124855105584568
27296,0.03000630675557732
27297,0.04201414211073717
27298,0.050096494488127086
27299,0.030955592799664977
27300,0.1077120604349347
27301,0.020062020223357988
27302,0.0795637887171161
27303,0.4441134561383522
27304,0.07154471093824512
27305,0.038279066249915096
27306,0.012113474504988286
27307,0.0350817202011209
27308,0.05713680558184853
27309,0.11909291530954777
27310,0.03176526602930484
27311,0.045385408305834936
27312,0.038789744242267
27313,0.028906701772245885
27314,0.03670502222932022
27315,0.03148990384522158
27316,0.0351703395879433
27317,0.047985596875775215
27318,0.04182225433850099
27319,0.0880855440081253
27320,0.019655457780375196
27321,0.07479405378965905
27322,0.12217092945326308
27323,0.13204058161295157
27324,0.12920830532283584
27325,0.027065493339980966
27326,0.038168282370131555
27327,0.03549339216067274
27328,0.014196391631200345
27329,0.007136586744395605
27330,0.11797614873811507
27331,0.03384481063961454
27332,0.043670604941802714
27333,0.012683206822881536
27334,0.033203583237056654
27335,0.047395796675180665
27336,0.05429005584280956
27337,0.036627785064899804
27338,0.07836012175751372
27339,0.054383232207690556
27340,0.025739249299605534
27341,0.051626538879272696
27342,0.06638225775097886
27343,0.07602473414408413
27344,0.34305718415022846
27345,0.015019059860178765
27346,0.06388409789355433
27347,0.18637629713633747
27348,0.03801954671246188
27349,0.07773639142037135
27350,0.1941498081927408
27351,0.04939283515316178
27352,0.06012883526298127
27353,0.047521678237587225
27354,0.011470911450522063
27355,0.010379017022047542
27356,0.08215415119304005
27357,0.10850659164671486
27358,0.024264446506169005
27359,0.015500300938915641
27360,0.019793208194903905
27361,0.02643501422923354
27362,0.10817103646951373
27363,0.0794916465593993
27364,0.0747130050065048
27365,0.14432370080174123
27366,0.031123732468065005
27367,0.1014791722783903
27368,0.04009157020189801
27369,0.10892971115689072
27370,0.023538835766166312
27371,0.011825500075695033
27372,0.10907104751734822
27373,0.053312400025095665
27374,0.05920973550325259
27375,0.08346699319073486
27376,0.27527160348535606
27377,0.025215385857409713
27378,0.03182944184958569
27379,0.02650002536296775
27380,0.31086966780991376
27381,0.09752447633762537
27382,0.013826663200734229
27383,0.026101621958476064
27384,0.19038432295729807
27385,0.04536802783656703
27386,0.08611600678080536
27387,0.021644757565990803
27388,0.020438844451730196
27389,0.01803620936576088
27390,0.032675058574102085
27391,0.20185881109792336
27392,0.027962411014426924
27393,0.0816925286893144
27394,0.0249475028354262
27395,0.08496282555331341
27396,0.042606767281265646
27397,0.017697374531798475
27398,0.23162561397157982
27399,0.14440037573907738
27400,0.27709488122820825
27401,0.01865434372739883
27402,0.03148670167496872
27403,0.03136966507433747
27404,0.06706982184696875
27405,0.03738403107320611
27406,0.03408905530426328
27407,0.014272196754368876
27408,0.028737091974038988
27409,0.07179629453755677
27410,0.018595428637458063
27411,0.032582417424120595
27412,0.075476376261024
27413,0.15293869115495026
27414,0.02560045871450648
27415,0.07853123513415781
27416,0.03634048461300182
27417,0.10003726412847652
27418,0.06947890225288705
27419,0.08033984020879653
27420,0.029630065748277465
27421,0.018306081328447528
27422,0.09875571548134038
27423,0.1914287835294411
27424,0.18531041141032537
27425,0.020518543756850846
27426,0.04657971239965299
27427,0.04579557297047693
27428,0.053717797707671884
27429,0.1964656169496353
27430,0.011071184410121369
27431,0.0306929058327481
27432,0.15879968219966345
27433,0.07880283651184848
27434,0.08792832904155204
27435,0.06282771320988717
27436,0.15154752161982032
27437,0.0565095806860029
27438,0.05787261871619832
27439,0.12773169030125736
27440,0.016991378792723652
27441,0.053708388043062105
27442,0.044864847064686894
27443,0.03331405915062817
27444,0.03685483988402105
27445,0.11361416041011962
27446,0.21957891040898414
27447,0.08204470743198163
27448,0.02583356499774469
27449,0.02016576304522823
27450,0.04013558137506538
27451,0.03992232174327246
27452,0.3700115165991642
27453,0.1330505875315867
27454,0.14777905933725613
27455,0.056653822062845416
27456,0.027847853110697138
27457,0.02999254428364126
27458,0.08195835433567204
27459,0.053754382718956314
27460,0.10228700007890627
27461,0.08306660588381184
27462,0.03602834394928053
27463,0.12170490382031401
27464,0.058435962232001676
27465,0.4570904240670701
27466,0.04391062050878985
27467,0.08490866464657622
27468,0.22186362227804296
27469,0.013254614320910262
27470,0.07923824797336393
27471,0.09669298584124414
27472,0.0731508465300144
27473,0.0890737620269359
27474,0.042330170346865335
27475,0.06150390273697621
27476,0.04054535218642854
27477,0.06488618045124253
27478,0.06445407274907976
27479,0.025649873548892692
27480,0.021297568170915153
27481,0.0895760759007538
27482,0.026090701753248676
27483,0.08484527943002838
27484,0.04442351983605018
27485,0.11751934448042192
27486,0.1871639445705313
27487,0.06900176945903881
27488,0.03559452059327206
27489,0.09061128948966445
27490,0.04832906263120754
27491,0.04728726665477128
27492,0.01863750014878882
27493,0.02567640376487911
27494,0.01266608496670547
27495,0.018427710387788433
27496,0.035621955669170965
27497,0.06994325524059566
27498,0.037296894171539086
27499,0.035259383761655674
27500,0.04299759461829819
27501,0.06370061808389418
27502,0.03823128275682299
27503,0.02269230860226007
27504,0.015293201790921505
27505,0.022337833237963754
27506,0.036776066405566
27507,0.07310193029416746
27508,0.04679210980563325
27509,0.13940884832675277
27510,0.07831166793179424
27511,0.05740478095216815
27512,0.05249715740389832
27513,0.020240279364955878
27514,0.031778799218489674
27515,0.04507679233891432
27516,0.01378250479928603
27517,0.022978992740062803
27518,0.03507888350340115
27519,0.01952170783361938
27520,0.08806659747672037
27521,0.2055787323259078
27522,0.06142317890276884
27523,0.1539221345446245
27524,0.012624784644310138
27525,0.08672586968713537
27526,0.03037923497581116
27527,0.04714279155423236
27528,0.08136120593993437
27529,0.018393385607047997
27530,0.015460504595842882
27531,0.030224395940788813
27532,0.011846100856774894
27533,0.021020368286099652
27534,0.07471703264412158
27535,0.02324493187882927
27536,0.020438580494327712
27537,0.026831530526717204
27538,0.027003501057112106
27539,0.07016753911834481
27540,0.1058642660423075
27541,0.07220810933977989
27542,0.12509097258582785
27543,0.0849644167388417
27544,0.06115176237872995
27545,0.08003277106641446
27546,0.04400220820188326
27547,0.02295912027550782
27548,0.12065475894280964
27549,0.0613727367401276
27550,0.031110785433048238
27551,0.025724896809569967
27552,0.04408423371594439
27553,0.01942949403012523
27554,0.02052440555477109
27555,0.014433565223704996
27556,0.04978001961509339
27557,0.05436742502646002
27558,0.04846687783954566
27559,0.043691472550866084
27560,0.026982485684840164
27561,0.016711052729746545
27562,0.057345972291894726
27563,0.017176127576573382
27564,0.17787218650616546
27565,0.049332344334812026
27566,0.013905020159953587
27567,0.025166803957358375
27568,0.05387378344702261
27569,0.030072682305764768
27570,0.013831365174295163
27571,0.05933250139606065
27572,0.10884565474468966
27573,0.032672843758135735
27574,0.07982936058957704
27575,0.06114952925833146
27576,0.021936749642519775
27577,0.05500064728975444
27578,0.24701647886702965
27579,0.023022707767812404
27580,0.034933263255296235
27581,0.045332009110851036
27582,0.21523370843927225
27583,0.04204238426187723
27584,0.02513192620776532
27585,0.05211065719490818
27586,0.029348684732408693
27587,0.030716955952739905
27588,0.09785240783099525
27589,0.06399095106561692
27590,0.03156292968386532
27591,0.04580167872769496
27592,0.020373348265156133
27593,0.04621511403917934
27594,0.04284659474702614
27595,0.037888380613649186
27596,0.05256523579522252
27597,0.1781383694003753
27598,0.1497505982838029
27599,0.0607292917382559
27600,0.040109440449598396
27601,0.042453901023735065
27602,0.042193296870858446
27603,0.056801715099616706
27604,0.02901380704006175
27605,0.0789276204119306
27606,0.05731157629420164
27607,0.01327845479569902
27608,0.16469214126029025
27609,0.0352286068973366
27610,0.11246780980982954
27611,0.02143339896230755
27612,0.06775584959230098
27613,0.03703467729487429
27614,0.23065671857417996
27615,0.04644528179686265
27616,0.02749710421531203
27617,0.046734251043719484
27618,0.020401349691308447
27619,0.05404097707574011
27620,0.022847668007700987
27621,0.33397426374584177
27622,0.049394617837048495
27623,0.01069811838210103
27624,0.013985481085203817
27625,0.04652667418531826
27626,0.06425666161142214
27627,0.051353406277591364
27628,0.11793119844476761
27629,0.12455106422509866
27630,0.08442113055032659
27631,0.015477249765432532
27632,0.019390867488129532
27633,0.012425496169928597
27634,0.036340171640535816
27635,0.05314851859477158
27636,0.056036028508707356
27637,0.027493443508550486
27638,0.014412492150102428
27639,0.16328145667839833
27640,0.045552894989875206
27641,0.02447450058785191
27642,0.06227401135258518
27643,0.05416571442613214
27644,0.030764871034587266
27645,0.04546025438387685
27646,0.010800955342157009
27647,0.038128709201925896
27648,0.09981432553107925
27649,0.08655714899277372
27650,0.03224314945076052
27651,0.02622179716018055
27652,0.12062702516802701
27653,0.037679844875234
27654,0.02203231191650786
27655,0.021147702829248445
27656,0.07667772793230897
27657,0.0795493998192873
27658,0.05812311963009266
27659,0.07234075888493949
27660,0.01720686365153489
27661,0.18145560025929022
27662,0.01928431854316441
27663,0.05067074078833279
27664,0.15383207643501107
27665,0.0849518189019871
27666,0.032583076445692014
27667,0.0172728367444248
27668,0.09931330787792544
27669,0.026965182451441617
27670,0.11128529482001769
27671,0.20804890554122332
27672,0.042688192011629884
27673,0.06092974064619881
27674,0.008172936920934855
27675,0.03987915686387565
27676,0.11930157115408625
27677,0.030384324810103794
27678,0.020561376393349116
27679,0.019850488571015335
27680,0.0375721604784619
27681,0.023976196511979242
27682,0.04221625909161878
27683,0.12987793803422024
27684,0.06622449831230093
27685,0.041190315162862264
27686,0.12195641142684438
27687,0.052643212347038615
27688,0.043565574265887155
27689,0.020737705469329668
27690,0.04014926422158081
27691,0.02246842055259886
27692,0.08815508515607431
27693,0.07786118077388954
27694,0.08678259774939616
27695,0.05758928755938108
27696,0.029607036333360422
27697,0.13117884722055792
27698,0.06473849717228655
27699,0.05585647148092353
27700,0.020927781672054977
27701,0.04047503725728427
27702,0.08947097459323222
27703,0.0423927834456356
27704,0.08233603887510857
27705,0.0487235532824499
27706,0.07705497239552792
27707,0.03723493300891343
27708,0.11336566777554005
27709,0.10611182400256461
27710,0.028295462877382462
27711,0.03933968420140923
27712,0.10681068516051405
27713,0.0221824005578761
27714,0.02747564984082138
27715,0.04662657054782216
27716,0.0418450325035023
27717,0.05081969131926642
27718,0.036407110804057924
27719,0.1349463808512264
27720,0.07004871792583091
27721,0.02257133857342347
27722,0.04529025572076038
27723,0.01877770795484266
27724,0.025386744666570704
27725,0.05961283363480893
27726,0.027608688891449736
27727,0.02726712063365768
27728,0.10392332561630963
27729,0.0265310074850154
27730,0.18297942818523927
27731,0.02692547835857246
27732,0.16364678010402817
27733,0.032999866370685534
27734,0.06301465331323966
27735,0.07028793560899636
27736,0.1480917835940376
27737,0.0205064730007591
27738,0.046559415937479136
27739,0.058514671316676786
27740,0.021078139430157357
27741,0.074615841634534
27742,0.03141063349609413
27743,0.03802889605387844
27744,0.030410239739472232
27745,0.015678233281427874
27746,0.054962696424415175
27747,0.06421179635762175
27748,0.03256137969502498
27749,0.029166092433264443
27750,0.013375612440821
27751,0.05856255605232398
27752,0.07239064384956014
27753,0.046696813075087676
27754,0.02350956105893198
27755,0.09189842446386623
27756,0.0852700344223441
27757,0.019972767476826192
27758,0.018486636869132413
27759,0.13780413018163956
27760,0.05622631227999446
27761,0.15579947606627598
27762,0.08239409564099384
27763,0.037603873971106816
27764,0.028851772479349693
27765,0.011696027661099449
27766,0.023051745951845417
27767,0.02944744029760915
27768,0.21034629407234437
27769,0.06862077995166899
27770,0.039084965654764534
27771,0.2937028766313052
27772,0.11102843616722399
27773,0.06505009458549102
27774,0.13317727258338757
27775,0.12190491311465222
27776,0.09259934104627633
27777,0.021744621238268893
27778,0.015131897194527746
27779,0.04576434517408777
27780,0.011795548640677446
27781,0.1110264697920714
27782,0.05488697739136363
27783,0.08335160396231318
27784,0.0627274369128336
27785,0.1137631687519626
27786,0.013292532957395204
27787,0.012456706813711402
27788,0.012813848021146748
27789,0.0567447060808971
27790,0.11940339545889242
27791,0.07139033755239269
27792,0.06846831923987157
27793,0.02760710442360464
27794,0.08400117124867186
27795,0.265844710830975
27796,0.012161578880586452
27797,0.016120464473228593
27798,0.02867646398906846
27799,0.016117354169930008
27800,0.08729492796541084
27801,0.06525746233890975
27802,0.056567982383913404
27803,0.05046057475306279
27804,0.022085029606210546
27805,0.02897857598534592
27806,0.03206698029186311
27807,0.024757500627808966
27808,0.014108318717945531
27809,0.16150915937147442
27810,0.01644711256654314
27811,0.013082109858603886
27812,0.04183270668372126
27813,0.022586014703322038
27814,0.013950445186104958
27815,0.060387165075072635
27816,0.015887711746500603
27817,0.11637475632009667
27818,0.049469846354423294
27819,0.07298647331231385
27820,0.013378708756868864
27821,0.07259466130833317
27822,0.014248416965400166
27823,0.03238457200187479
27824,0.011903581703688947
27825,0.02709064606863889
27826,0.08209300679838721
27827,0.03484487742569275
27828,0.05080179488966762
27829,0.02920899194908487
27830,0.045864694716522644
27831,0.05323271114626338
27832,0.14612897334656416
27833,0.06829925601761085
27834,0.06669759233187555
27835,0.06686202308019877
27836,0.07998951599815585
27837,0.046824941360819536
27838,0.11744932174772983
27839,0.07443239015874904
27840,0.028049233291745208
27841,0.19369080275090958
27842,0.14466446561273816
27843,0.022227102258925328
27844,0.02858702481631574
27845,0.1415913289895249
27846,0.027445488697185397
27847,0.03582839191386048
27848,0.08534967955509613
27849,0.12374463231440473
27850,0.029947859354254362
27851,0.037132220612669214
27852,0.06061325993347115
27853,0.030078277280333732
27854,0.02164053781610914
27855,0.04523925360630075
27856,0.028336941731814343
27857,0.13053048139340429
27858,0.040134569303000946
27859,0.1581503862918301
27860,0.09457688593171225
27861,0.02937890453668826
27862,0.08775055015609652
27863,0.11588824150662921
27864,0.2094037520587772
27865,0.03373471523986396
27866,0.02385318744398331
27867,0.04177421949400216
27868,0.023250479000672977
27869,0.03697140817797815
27870,0.019001155643407423
27871,0.017843563247493255
27872,0.05151818650455174
27873,0.034039565358128646
27874,0.14775803022406972
27875,0.02241767483440179
27876,0.034073764555323495
27877,0.030870793957486556
27878,0.04728058511424935
27879,0.02701486862148545
27880,0.023571472763503624
27881,0.00890622710703379
27882,0.015605678621886252
27883,0.03671238310247442
27884,0.054847142760784076
27885,0.22163563105024942
27886,0.02175500945632436
27887,0.04152139103204071
27888,0.016809258786772866
27889,0.034745342290354586
27890,0.01652984008464266
27891,0.3832989118317666
27892,0.024688041522360746
27893,0.13642580835365478
27894,0.03220063076112515
27895,0.1062960762057356
27896,0.43574723836799417
27897,0.02919057728332304
27898,0.029500181912060094
27899,0.020404960129318882
27900,0.09609666431384227
27901,0.17779061748760167
27902,0.022868242243028084
27903,0.10550834720974435
27904,0.03977646645511343
27905,0.02039438131793902
27906,0.014144833702378314
27907,0.031900415659605615
27908,0.10502284141425251
27909,0.031386773417279634
27910,0.03501174802870878
27911,0.07636694628846119
27912,0.048729922697719565
27913,0.011671839573065182
27914,0.027648598328494076
27915,0.02842555419012089
27916,0.030695900759981937
27917,0.043700624207475385
27918,0.08845472654511159
27919,0.04278236084401152
27920,0.032735701829787925
27921,0.07676432835797946
27922,0.014170683240662549
27923,0.03204672176954795
27924,0.03378987532518385
27925,0.06183814802695909
27926,0.03106603127703491
27927,0.04009187885536582
27928,0.03413736833438823
27929,0.05903663515583742
27930,0.020005220357247826
27931,0.05322813132869583
27932,0.016846684389016854
27933,0.051143105742896426
27934,0.017644947864405246
27935,0.036825068346732256
27936,0.025543491412000734
27937,0.076199385676335
27938,0.0655803429958691
27939,0.08050308085244275
27940,0.03067907044030689
27941,0.027027689616881685
27942,0.06634820775244726
27943,0.13507741917659252
27944,0.22496606965592975
27945,0.06416546343615616
27946,0.03098254783543682
27947,0.12737383009569084
27948,0.009644867164230691
27949,0.10749355790383643
27950,0.12605062621971666
27951,0.029491949120128435
27952,0.20676416660020075
27953,0.062464743684875895
27954,0.027805199753241125
27955,0.04271713573212271
27956,0.24238706107470925
27957,0.10147291500679995
27958,0.21274971127461617
27959,0.09020610627076275
27960,0.016314107930404415
27961,0.11883290370917554
27962,0.4352272313671834
27963,0.04025767187316372
27964,0.022282212862961302
27965,0.058672402314644476
27966,0.1294270476404903
27967,0.02308399583069742
27968,0.05151553840110799
27969,0.026191892404791403
27970,0.023917402290196507
27971,0.052535904548865406
27972,0.05332959466636919
27973,0.12655555453359424
27974,0.0210255310127543
27975,0.01339966248031046
27976,0.02339097283773469
27977,0.02829067470324654
27978,0.0689134836280396
27979,0.07798868382587845
27980,0.23855609330350758
27981,0.022913861944186074
27982,0.02360966301885336
27983,0.06436346475134846
27984,0.02839326589284799
27985,0.1590660277266249
27986,0.008025011875189631
27987,0.04671152103046437
27988,0.02409028179250675
27989,0.016430076310332567
27990,0.04286461756469833
27991,0.013648697200198383
27992,0.03647691850172986
27993,0.055666354898530765
27994,0.02385417996719702
27995,0.02999028077536878
27996,0.03173730489589303
27997,0.050476745924186495
27998,0.020513839062110285
27999,0.014438061793095747
28000,0.031041153437519755
28001,0.014048139852891226
28002,0.06773211098565442
28003,0.022240113269035775
28004,0.027163755202666236
28005,0.0233474192035081
28006,0.06790408881060468
28007,0.01245181335693536
28008,0.14150773289852445
28009,0.1507622247168875
28010,0.011195325817829303
28011,0.08194626525131059
28012,0.020713046563489997
28013,0.026570440261960114
28014,0.10750794406324196
28015,0.11119342949449532
28016,0.08451684178921923
28017,0.03629833569690112
28018,0.028245569248021893
28019,0.2588314619643468
28020,0.02574438900552265
28021,0.010869714891833313
28022,0.02603773164975432
28023,0.03826565024463443
28024,0.027187946940306615
28025,0.08332610693645259
28026,0.03639759137893307
28027,0.09669361008490113
28028,0.016225361058880818
28029,0.026376898117124695
28030,0.06069131559498799
28031,0.021896793918206536
28032,0.01428692788172018
28033,0.07270309028871613
28034,0.012499860141587342
28035,0.04183862073681798
28036,0.048606628958292965
28037,0.04947361667561494
28038,0.030865339294147722
28039,0.046685524278960173
28040,0.2523934825626389
28041,0.017099855365735106
28042,0.020648984774993898
28043,0.07999495156273512
28044,0.796649662416228
28045,0.06271292357466883
28046,0.05580332932471428
28047,0.06780614434091009
28048,0.015063486476176027
28049,0.045324979271546016
28050,0.11836948457498278
28051,0.02515440824304921
28052,0.04148108324379547
28053,0.05329813411806689
28054,0.052330097061051295
28055,0.05983974790595781
28056,0.013732289316714011
28057,0.047629517866183274
28058,0.025309336035229033
28059,0.15562980554349837
28060,0.05512586877161067
28061,0.0795439351406237
28062,0.03991025934501816
28063,0.10959886783732281
28064,0.010374686514741629
28065,0.028496262807616135
28066,0.022665479270803434
28067,0.07324246594947148
28068,0.08393597035683147
28069,0.03528249532427122
28070,0.986735984171405
28071,0.05047322343392128
28072,0.01364871751159639
28073,0.023244772240187478
28074,0.03879397957697293
28075,0.02913336624676557
28076,0.06127741063590879
28077,0.09717430858024093
28078,0.12117962940296223
28079,0.02263953510425126
28080,0.013779833173716654
28081,0.03612148087399502
28082,0.010092644222819329
28083,0.09486400543880431
28084,0.016384552188221206
28085,0.027347595656255885
28086,0.01910848277278892
28087,0.013940325726082734
28088,0.027304263701080515
28089,0.037943970734175464
28090,0.06602399124599599
28091,0.13131853698251755
28092,0.07769180989975545
28093,0.015120055757672437
28094,0.040689572723694736
28095,0.07292414266869633
28096,0.10153654991074458
28097,0.03656682037880182
28098,0.02736723524795442
28099,0.11162004354724071
28100,0.04917910386419337
28101,0.19120388522204676
28102,0.2738905036616933
28103,0.036300531471801206
28104,0.0638335990010857
28105,0.02676400601832466
28106,0.05516266089582913
28107,0.08724119180263089
28108,0.03739173025296953
28109,0.020041634382946632
28110,0.1019441253662233
28111,0.03936231514937116
28112,0.033716151567931826
28113,0.03561839344814536
28114,0.2869018309589066
28115,0.08647920355924205
28116,0.06749928418729971
28117,0.015446425542840633
28118,0.09263766713227439
28119,0.037549467206636794
28120,0.07827941890543369
28121,0.09261547658803292
28122,0.03660575222373106
28123,0.010755422525640523
28124,0.282563945386648
28125,0.018877491175520848
28126,0.019776903703892523
28127,0.02731643177356781
28128,0.08422737822997546
28129,0.04733334490101586
28130,0.3303373455350248
28131,0.028758953849174713
28132,0.2600967261256061
28133,0.032634828992144274
28134,0.07256863937723387
28135,0.06518380666314043
28136,0.030839907167356767
28137,0.0329010343048443
28138,0.026830614195688746
28139,0.08589722219114602
28140,0.020316824543023075
28141,0.026566225931916026
28142,0.0543116871501219
28143,0.028625279964303574
28144,0.04327074351022768
28145,0.02588187947285528
28146,0.10723448050164408
28147,0.3500135660019216
28148,0.08697594691769535
28149,0.01804369343668082
28150,0.054586418560598426
28151,0.17632403516866174
28152,0.10719745791576092
28153,0.04703838993307244
28154,0.018122030173090643
28155,0.03358498024681406
28156,0.05242094630577059
28157,0.10888978924502063
28158,0.039507962891731745
28159,0.014173737815315383
28160,0.009499014730838924
28161,0.02587972145851595
28162,0.02510368050069983
28163,0.09064844544413742
28164,0.08410287368549453
28165,0.12817166171028305
28166,0.0323248111747934
28167,0.031152668499705695
28168,0.10370519136581621
28169,0.02784819962987786
28170,0.019756849737739154
28171,0.021916459731230485
28172,0.09914798242799036
28173,0.03819068175871682
28174,0.15997666227410562
28175,0.1161911701587737
28176,0.02336227941827251
28177,0.10501440842938571
28178,0.016984806491506542
28179,0.16622598150182583
28180,0.0234928633487707
28181,0.12611121379374843
28182,0.0388454995641846
28183,0.1839629719170775
28184,0.4284722449294149
28185,0.031114857306715323
28186,0.2370349511464719
28187,0.039242452980252446
28188,0.027101560406735413
28189,0.014771414900393347
28190,0.018463079414528884
28191,0.07795194571106746
28192,0.019378930216601517
28193,0.03796138715858099
28194,0.025794677982196385
28195,0.04498107620201787
28196,0.03695752765165706
28197,0.23423242220703427
28198,0.17847322740089056
28199,0.10920040351353882
28200,0.019429620892875265
28201,0.014946844823387609
28202,0.020938288852483677
28203,0.019271110961693386
28204,0.037633596808415104
28205,0.13235182362336312
28206,0.057489539870999945
28207,0.038220924612556446
28208,0.09511892080696158
28209,0.11882039522472601
28210,0.027983490396831734
28211,0.020545974138556185
28212,0.08956099802731526
28213,0.24983441483183672
28214,0.01618443086512602
28215,0.4220413610322112
28216,0.020084941703772435
28217,0.05256433914069196
28218,0.0576757299713715
28219,0.058862253859124115
28220,0.0480616801169421
28221,0.014285329405361773
28222,0.03347104301132446
28223,0.10237574601477678
28224,0.035135402286691264
28225,0.20165891421717075
28226,0.032186387650432434
28227,0.13690901679678003
28228,0.01808832806215082
28229,0.046223994682377645
28230,0.025476976686119316
28231,0.10149811548191011
28232,0.02583675870410694
28233,0.029004270727262686
28234,0.20667498528195172
28235,0.1006413106478901
28236,0.047720989997221595
28237,0.023087210337967293
28238,0.047237322692577396
28239,0.019091154978478603
28240,0.019702299527048973
28241,0.03364517592195805
28242,0.030706057934816903
28243,0.02099710920394845
28244,0.09810039730665987
28245,0.015498948766934497
28246,0.06124033397938265
28247,0.019828816771074072
28248,0.15625818440204647
28249,0.020951483302757812
28250,0.20473922319300406
28251,0.10059218120023872
28252,0.029325695775975626
28253,0.07479107596325041
28254,0.05944526244968085
28255,0.06537019467121186
28256,0.021593978843166356
28257,0.025032467603322648
28258,0.04164837037357967
28259,0.08601519020276746
28260,0.02686012512367184
28261,0.04737589405525183
28262,0.08849330885277548
28263,0.020572798669485585
28264,0.06154036375387878
28265,0.020966204310272338
28266,0.029830116778745166
28267,0.23832360096076863
28268,0.03377460690420065
28269,0.02503490783780339
28270,0.013175340000022417
28271,0.1081086910468752
28272,0.023705964305711754
28273,0.08310763369026727
28274,0.07587554081545034
28275,0.05321372863320337
28276,0.0444905054709979
28277,0.01742265007745781
28278,0.035954435160311424
28279,0.04603824582056925
28280,0.026994155754312837
28281,0.045056365124188834
28282,0.0383890920634927
28283,0.16486588997122942
28284,0.017901294584052506
28285,0.04688351947600231
28286,0.02136091636218733
28287,0.10081730973540316
28288,0.08013890196342294
28289,0.021644941596307032
28290,0.08940175218651156
28291,0.02516345957526127
28292,0.12294461084992896
28293,0.15307017997219127
28294,0.058291454222087896
28295,0.11971302118828483
28296,0.2083176814145442
28297,0.03583758582262865
28298,0.015158305949526902
28299,0.08317527983629908
28300,0.013780842302716517
28301,0.13355955361115543
28302,0.03133114813046589
28303,0.06507947153213846
28304,0.02334260322417165
28305,0.06179363003464308
28306,0.103246309764796
28307,0.0714421373741071
28308,0.03827359293144457
28309,0.02715884168509005
28310,0.04399585195482139
28311,0.024554441391103722
28312,0.016287668031832556
28313,0.05635357559625348
28314,0.03716790177481808
28315,0.03439872438916256
28316,0.1149198151996514
28317,0.1378776601763795
28318,0.21262465009066828
28319,0.7209429722605321
28320,0.037103418407859634
28321,0.06695396393827893
28322,0.022271963424141884
28323,0.20748289211578508
28324,0.04110136113278036
28325,0.07370858072758514
28326,0.01303112018356067
28327,0.016119129110848607
28328,0.01604824081913236
28329,0.02170221379775759
28330,0.08048735350805328
28331,0.04239831371227304
28332,0.015942800595201055
28333,0.14391765863644485
28334,0.14509264477086067
28335,0.06307884758858642
28336,0.023386786012479795
28337,0.013028705793300323
28338,0.12588065560909378
28339,0.0284035150322647
28340,0.04229395504642602
28341,0.07400634339854122
28342,0.04432292023713587
28343,0.1998701361912207
28344,0.06683121367385726
28345,0.046923688502692296
28346,0.03995573301772071
28347,0.031666670778448515
28348,0.013814030157320318
28349,0.058670386856017484
28350,0.009975565627850421
28351,0.034512017364565425
28352,0.0438437966194728
28353,0.0867552122790013
28354,0.04284097429811611
28355,0.058507484470380046
28356,0.2034826671447892
28357,0.06839087739879672
28358,0.028028953506764306
28359,0.045779657612835076
28360,0.08561879388963009
28361,0.02045895404084873
28362,0.26017412366858894
28363,0.016477291256940876
28364,0.06603560050671116
28365,0.9907792418025447
28366,0.05084083891201663
28367,0.06808001991511854
28368,0.0417114646279443
28369,0.0185428060224754
28370,0.03594906060823498
28371,0.03034047950850985
28372,0.02386753685349602
28373,0.06765410884354978
28374,0.02241290042066068
28375,0.09809043587063535
28376,0.02087339685070113
28377,0.2173111764077473
28378,0.04692426511176127
28379,0.02506970025785344
28380,0.010494272220223606
28381,0.02334811521637565
28382,0.0482210852967465
28383,0.05527039926097627
28384,0.016861543177645516
28385,0.029644599584228222
28386,0.13221212796605858
28387,0.09448461925494858
28388,0.08092773018482856
28389,0.012308164353662318
28390,0.03230829033560489
28391,0.01574960010609974
28392,0.06251813891481471
28393,0.01724626397437053
28394,0.020490246382376467
28395,0.014148654206956787
28396,0.09620672816101211
28397,0.03959105129091258
28398,0.03682570154008893
28399,0.09676984187915907
28400,0.052764104589885966
28401,0.07287888069751773
28402,0.21455375730099896
28403,0.04936385370638441
28404,0.21398528548132573
28405,0.04120101189298026
28406,0.056273851872877464
28407,0.04050618904296056
28408,0.08877080168264417
28409,0.04126220588372409
28410,0.038828503037872865
28411,0.05872141043179363
28412,0.023063695983425236
28413,0.017305244541056683
28414,0.033445602628961464
28415,0.03943673724563806
28416,0.04708054372301836
28417,0.01351846766237531
28418,0.032142585580334185
28419,0.050849068699281574
28420,0.5066486597958203
28421,0.08251698089716866
28422,0.01384635733556984
28423,0.025300249854633913
28424,0.11176218678017316
28425,0.04850183028561733
28426,0.06639056644308311
28427,0.059646724136544683
28428,0.022031600815155053
28429,0.04937911660444689
28430,0.07038995291043199
28431,0.07870894611139626
28432,0.044022951420551744
28433,0.06905012620465666
28434,0.035362572120545145
28435,0.07059834664614621
28436,0.015737350001161606
28437,0.016118056305650455
28438,0.2365897948129807
28439,0.032469567430054413
28440,0.030427980386785854
28441,0.06590062918732885
28442,0.06088597107508337
28443,0.135909248650301
28444,0.03106293762775056
28445,0.014475974288474585
28446,0.041105740346111336
28447,0.05399706691567408
28448,0.19832879886091775
28449,0.02459801547142669
28450,0.05325395912444365
28451,0.024582375513078313
28452,0.0933675056841916
28453,0.029555880232210917
28454,0.05441026621282871
28455,0.060847428446413
28456,0.0364260523202678
28457,0.05866130950675833
28458,0.052689148230036446
28459,0.026406685893512888
28460,0.03219779577409169
28461,0.04053967453986024
28462,0.11375992664547346
28463,0.166353488905522
28464,0.007435636802050708
28465,0.1130769043798436
28466,0.018128292296839425
28467,0.10473611307498495
28468,0.04867787289424726
28469,0.0318735872986262
28470,0.03361552546588574
28471,0.04886817907119629
28472,0.18963525220194696
28473,0.060171281148593936
28474,0.06697504931605147
28475,0.037666257762479505
28476,0.07878014365303071
28477,0.025659466956629816
28478,0.04827951669164307
28479,0.014368716939980281
28480,0.03934696809517846
28481,0.02912482714262087
28482,0.06327146470008466
28483,0.034186868586197884
28484,0.0687329228490011
28485,0.025341219812727286
28486,0.026762574686704538
28487,0.011081597300289946
28488,0.013081191076684873
28489,0.1388936062405698
28490,0.16671915488077962
28491,0.22881618412515986
28492,0.027598671485782857
28493,0.055221010871255645
28494,0.11647395236792071
28495,0.09334528551251449
28496,0.05505051176487019
28497,0.058989291062955425
28498,0.05548199523027188
28499,0.05113417023245871
28500,0.07905687042076484
28501,0.1716534515967596
28502,0.0931342761945127
28503,0.10840451168992479
28504,0.10478994426621163
28505,0.022292156234464205
28506,0.07953754638650254
28507,0.01579534937427048
28508,0.05996210106577718
28509,0.06707641174600089
28510,0.11653904111404936
28511,0.18779397935968362
28512,0.3073460846654952
28513,0.04468472484340847
28514,0.02307611983628726
28515,0.06758192830742517
28516,0.04401778374908129
28517,0.018604137199217125
28518,0.05603947024513087
28519,0.05902136722563614
28520,0.11928903344723651
28521,0.15363118357453537
28522,0.024232810938660962
28523,0.038509302577990255
28524,0.045240122131965446
28525,0.02541288202924948
28526,0.03528946639921356
28527,0.06347674200735759
28528,0.02705130455350119
28529,0.05369775995362046
28530,0.044417179106039095
28531,0.03767367817446541
28532,0.03458183362167184
28533,0.02060596012814261
28534,0.051365603752383096
28535,0.01496579150090616
28536,0.030890472475443964
28537,0.0835188589467463
28538,0.06743799419374974
28539,0.009519086106958504
28540,0.11490945265480543
28541,0.17455130514098
28542,0.14682131038284157
28543,0.06484474366988027
28544,0.027393571904266157
28545,0.05330269361983527
28546,0.06914173277945919
28547,0.006314086824314677
28548,0.020124958479007457
28549,0.0689789514680215
28550,0.0378787397185673
28551,0.16032126027303845
28552,0.025232172755506963
28553,0.01839905073702484
28554,0.07113189569596581
28555,0.09076017348534612
28556,0.20161791012055713
28557,0.034338436431297206
28558,0.03896546034296884
28559,0.07385732542270126
28560,0.08520511166483816
28561,0.0798934775354043
28562,0.030647373660555442
28563,0.0337087055943236
28564,0.012833293394635964
28565,0.03995847141096709
28566,0.04044577794992822
28567,0.14176498046869676
28568,0.0313023285753301
28569,0.03307230073215532
28570,0.02228888095222799
28571,0.023761037233160677
28572,0.15844713843740818
28573,0.2117707199411136
28574,0.04244304609661563
28575,0.06042897407024493
28576,0.02933038935935885
28577,0.045639770795734454
28578,0.058235192544520115
28579,0.05277068932364319
28580,0.011897841801433526
28581,0.1062988258575589
28582,0.031239999248662376
28583,0.018727701700517314
28584,0.050124584175506144
28585,0.05265649932316104
28586,0.05443784860526728
28587,0.10099948569662284
28588,0.022967854336418028
28589,0.025156256941348033
28590,0.0254398815723393
28591,0.024641923103367
28592,0.09841203144173867
28593,0.034780428401746374
28594,0.018204815829033626
28595,0.06487987565316061
28596,0.04969178822586016
28597,0.057644208846465414
28598,0.04550726322401312
28599,0.02473149082415231
28600,0.01867583154367096
28601,0.01785038017736555
28602,0.08438795495540465
28603,0.026285142468363103
28604,0.01604268897870719
28605,0.027100385099720653
28606,0.10440009940179046
28607,0.03580332330419242
28608,0.03626861473950133
28609,0.04064243978491188
28610,0.017809147435887837
28611,0.04006011729238341
28612,0.12770672347841455
28613,0.27929620159798363
28614,0.032539612240900385
28615,0.10394366954946838
28616,0.02277201360055986
28617,0.02555323624263222
28618,0.04342383132468299
28619,0.023696666454736198
28620,0.14761720865913985
28621,0.019975921989602324
28622,0.03734955588217498
28623,0.036073034294860515
28624,0.10183533602642986
28625,0.030024472992179453
28626,0.028816243330845828
28627,0.04619171933659344
28628,0.02519461181986725
28629,0.02707523606363226
28630,0.0452938950241437
28631,0.036957486611009976
28632,0.7702392207103844
28633,0.09319087844524923
28634,0.03324412782612356
28635,0.0373238230371333
28636,0.020015151465957347
28637,0.24894600107914422
28638,0.009185810732842444
28639,0.050155814750221815
28640,0.05848250160581023
28641,0.14943854756479358
28642,0.015587067246198356
28643,0.013285753132572183
28644,0.2532409639954465
28645,0.011978209217218448
28646,0.02001240000475843
28647,0.052607277532761995
28648,0.044818495989888074
28649,0.23848365577990266
28650,0.1326019872510717
28651,0.03901741064089078
28652,0.07238802256952513
28653,0.027685034661887646
28654,0.018183909258427264
28655,0.027982427867257333
28656,0.03850049018297948
28657,0.15705512938801783
28658,0.0339298449961882
28659,0.03325787562372823
28660,0.03626912916469932
28661,0.04343996094610897
28662,0.01453590830626693
28663,0.09301247706511472
28664,0.0912609844023806
28665,0.03250600908458656
28666,0.0990745886498263
28667,0.028598574901252817
28668,0.014543294547622071
28669,0.37875009766431195
28670,0.06554148724399288
28671,0.03713885128892255
28672,0.07522581168792568
28673,0.038271900017809175
28674,0.08375021779475685
28675,0.026719240790535084
28676,0.01428609590531972
28677,0.029436612909026837
28678,0.0500304414602942
28679,0.0529349194879658
28680,0.009651396526001828
28681,0.05591450099976772
28682,0.05656949358180553
28683,0.060250960876988426
28684,0.0786315727428852
28685,0.0774144954627407
28686,0.03629433335488584
28687,0.014753139532302012
28688,0.07635922139953683
28689,0.01853882835117383
28690,0.09825598713589384
28691,0.16540570545683544
28692,0.03601140286915011
28693,0.05875742462415483
28694,0.06960291613990766
28695,0.029534626205978656
28696,0.011990128308788147
28697,0.008286918068197896
28698,0.34437728778700616
28699,0.02951303252965783
28700,0.16985522935269687
28701,0.03429955391365581
28702,0.11913483887919428
28703,0.01758421438651903
28704,0.016780105963667954
28705,0.17515057906713846
28706,0.06920750023703579
28707,0.07021113838018415
28708,0.11289198531350844
28709,0.1298732053796996
28710,0.0558781096527906
28711,0.12991068389325477
28712,0.027324502201512987
28713,0.01728287067911719
28714,0.09619961059006935
28715,0.33165902768257743
28716,0.02752209279455327
28717,0.015293570410438115
28718,0.0721380422040902
28719,0.012741602884328424
28720,0.01550931024325971
28721,0.0825454557907292
28722,0.011418086764910802
28723,0.0805271148906046
28724,0.14859655326133026
28725,0.02781010518319364
28726,0.1658198124318575
28727,0.01849282932910358
28728,0.044584099520530635
28729,0.04741983667617122
28730,0.02780214888490972
28731,0.05429066167610987
28732,0.05624588938535127
28733,0.03784587598935456
28734,0.10238960968213567
28735,0.08582604695387706
28736,0.050081538397981934
28737,0.025729332365571733
28738,0.2299066484442187
28739,0.030486274621252057
28740,0.1417968479380819
28741,0.27723857788659606
28742,0.07762434163270565
28743,0.05936726051777341
28744,0.021935214951258927
28745,0.07977687566207298
28746,0.10343149828834636
28747,0.039445191081080896
28748,0.04385490135733248
28749,0.02563699853283627
28750,0.064300713181277
28751,0.0503987092465087
28752,0.13124591688169668
28753,0.020013009090747838
28754,0.014214004309789141
28755,0.014729158937876623
28756,0.050456289557957806
28757,0.02016708625895758
28758,0.042975329013449165
28759,0.04002988158065102
28760,0.02698065087507172
28761,0.08967023329529583
28762,0.012470646823500457
28763,0.4269907459177817
28764,0.06074159255761681
28765,0.15504020045009487
28766,0.03469941667455974
28767,0.027216543353898125
28768,0.043194114597474964
28769,0.05399420216699831
28770,0.023029688503309626
28771,0.11761350337931606
28772,0.025223075993226464
28773,0.07373741356496714
28774,0.03003360664135336
28775,0.05333640076209464
28776,0.12955196157545507
28777,0.08098140226688791
28778,0.09042837155715809
28779,0.05818093203270378
28780,0.011396672155450746
28781,0.18346028997764385
28782,0.010291400097347376
28783,0.012439071820648842
28784,0.025255161684031333
28785,0.027894354859972336
28786,0.012413344948626545
28787,0.1758738353431046
28788,0.05653821627407238
28789,0.02832892544911608
28790,0.10687234006275002
28791,0.030670667469560417
28792,0.011444705936062083
28793,0.12120811444461543
28794,0.02979361022711634
28795,0.022902013812905703
28796,0.02220231959472177
28797,0.04539915436074452
28798,0.17098213393092457
28799,0.07751065022887338
28800,0.19891264911497925
28801,0.055901932383334685
28802,0.04157262062041259
28803,0.05525929323272567
28804,0.08526117824802323
28805,0.08890618571753581
28806,0.04624275313588879
28807,0.10106329812332446
28808,0.03933757266359229
28809,0.06441048475164676
28810,0.37357625265738065
28811,0.02446775900350956
28812,0.01658530165654739
28813,0.20509529944401048
28814,0.017761785263376084
28815,0.03528394188583879
28816,0.02652443190931196
28817,0.11069959075593663
28818,0.08150292264757175
28819,0.047812290838437715
28820,0.033720629625242936
28821,0.020770210275607773
28822,0.03257220506437527
28823,0.01434383806813215
28824,0.02641141751283806
28825,0.04184287173701731
28826,0.08170718829870738
28827,0.033182495685282504
28828,0.06995818519246927
28829,0.3869415606572445
28830,0.008734312775231852
28831,0.12084527922744567
28832,0.030640311790706455
28833,0.033650054237734955
28834,0.09344460840360963
28835,0.07595469142333407
28836,0.79220885521845
28837,0.11386114128320199
28838,0.028742886338604775
28839,0.057160406536698835
28840,0.100144505229411
28841,0.11406364157324951
28842,0.017023813259443816
28843,0.058327088823804656
28844,0.054145756990699054
28845,0.05924066079851445
28846,0.057178973030464986
28847,0.06937460701018971
28848,0.1069616977460205
28849,0.02260142179564431
28850,0.037978295539623064
28851,0.043775835969470905
28852,0.016712289444889082
28853,0.06164862957545196
28854,0.011411361197700377
28855,0.019374324033663612
28856,0.042732775160914824
28857,0.14475616530766156
28858,0.022998242393387467
28859,0.3872082293374014
28860,0.056925513243541254
28861,0.04190976415446681
28862,0.042344659964748683
28863,0.07273688659643185
28864,0.1113422011256632
28865,0.02690758807353781
28866,0.1834221413450944
28867,0.05986733653879653
28868,0.04420981896642693
28869,0.09201126253024472
28870,0.05848930109428361
28871,0.028650921231401727
28872,0.055972000854323245
28873,0.04289317003862037
28874,0.02759931016419241
28875,0.02396660997692214
28876,0.054922820500492145
28877,0.038876555640507474
28878,0.13084704442190914
28879,0.02208001054535176
28880,0.021200008097724626
28881,0.19467754898833484
28882,0.018713541443702252
28883,0.024707381251842818
28884,0.19066142602193417
28885,0.025339091992602567
28886,0.04935552246651449
28887,0.3592913657278055
28888,0.010035603467034589
28889,0.024983231711390184
28890,0.28915836458078564
28891,0.05544763263565017
28892,0.021913201544864418
28893,0.06892234910840174
28894,0.05134183560523032
28895,0.022531269662217444
28896,0.02411080942098046
28897,0.05203429630727355
28898,0.020534393255861018
28899,0.0227463422849337
28900,0.05506937582126451
28901,0.028396027419936926
28902,0.04289375565421749
28903,0.2314065643616355
28904,0.11814179433645039
28905,0.047955926370401525
28906,0.016825011691113594
28907,0.057754978764632016
28908,0.02441040409176282
28909,0.05260454425132126
28910,0.15306220292774714
28911,0.03046265463126005
28912,0.11303012821859143
28913,0.0330848543599402
28914,0.06342183783395544
28915,0.009309482193670992
28916,0.09093734896906876
28917,0.02236782887997459
28918,0.08942130386469538
28919,0.03250643398362919
28920,0.04516835183063194
28921,0.34139636763078574
28922,0.032367972632067865
28923,0.027193279539779597
28924,0.07216756925740545
28925,0.022423823058348027
28926,0.07552600286207703
28927,0.060607732473769244
28928,0.03401448110911809
28929,0.26751796406451234
28930,0.07766850107429217
28931,0.1250570857303582
28932,0.07312944414701128
28933,0.04426488165177715
28934,0.04871566487452513
28935,0.1209851143522738
28936,0.0339561590619856
28937,0.030459334429807375
28938,0.0919948127936037
28939,0.032361292247779484
28940,0.03418627026621223
28941,0.08641364580154944
28942,0.04317365501006914
28943,0.1015233259760137
28944,0.030906766789274565
28945,0.021218096207183356
28946,0.03098427451010094
28947,0.045655071900359306
28948,0.05718268173546047
28949,0.021589592989750148
28950,0.0714336055578781
28951,0.02505425420656897
28952,0.07878327444455964
28953,0.028804101594837216
28954,0.032509406681575995
28955,0.4112113051904054
28956,0.07164870638660273
28957,0.017715465114059345
28958,0.01914201025562634
28959,0.09807551753996523
28960,0.205428019813556
28961,0.021709253282837092
28962,0.02002894878837883
28963,0.050008105143615235
28964,0.025721804469878217
28965,0.030928226936523612
28966,0.05948114000929879
28967,0.04374648218210984
28968,0.032440480414261286
28969,0.023121075533323224
28970,0.04832297881954948
28971,0.06315430122882922
28972,0.028886778832955543
28973,0.045927608006582354
28974,0.09385341322709477
28975,0.017359515612479916
28976,0.04055034892245608
28977,0.020794014675718536
28978,0.06139679598790619
28979,0.1786843875356466
28980,0.061861250246128374
28981,0.5239593202853796
28982,0.013970923130795395
28983,0.013905342113481376
28984,0.02644147837298054
28985,0.16254525757179017
28986,0.023250223322518023
28987,0.061493910625812394
28988,0.022165172485205983
28989,0.1756719084542972
28990,0.015384237460785086
28991,0.029154795630916185
28992,0.08803012896180001
28993,0.04493051768758302
28994,0.09091548868296276
28995,0.011146766724585314
28996,0.04613712359671926
28997,0.029115611911097447
28998,0.03590902285352707
28999,0.0533550015827893
29000,0.03021352325017286
29001,0.047727232752869844
29002,0.06109033042917952
29003,0.05171975754454641
29004,0.019691392893980288
29005,0.030953901045585125
29006,0.030797710376766867
29007,0.026197712665485855
29008,0.047449217882251093
29009,0.07216600601396438
29010,0.11199614961606173
29011,0.09931269794714907
29012,0.037468731697991246
29013,0.025494724643803552
29014,0.04332744921276466
29015,0.03681911079519534
29016,0.0297436219661826
29017,0.026374324882300227
29018,0.4387367314172336
29019,0.012977595226046473
29020,0.10642906626981455
29021,0.06473128132958429
29022,0.06213469346247687
29023,0.029048228075408623
29024,0.08224542830470621
29025,0.24182821467040277
29026,0.0170839664643484
29027,0.031102654479313555
29028,0.0493604476847419
29029,0.03852284148089885
29030,0.09089136209234978
29031,0.19406837695004706
29032,0.020933318535876516
29033,0.06812990902140582
29034,0.20579550604580893
29035,0.03628364630620085
29036,0.02256309786717677
29037,0.021257532949472736
29038,0.02896244967905536
29039,0.01714957029398912
29040,0.015288374773665365
29041,0.028649685437653425
29042,0.12099209800411846
29043,0.0321970700304048
29044,0.06063649322486522
29045,0.0390484076239046
29046,0.03436694034859958
29047,0.009020740655207169
29048,0.013464610746122473
29049,0.03838431446505667
29050,0.045379732164636845
29051,0.017780581146758907
29052,0.033815159223342606
29053,0.08822471805418805
29054,0.14013965407150794
29055,0.04479028951627765
29056,0.09805197573080268
29057,0.017675662030883225
29058,0.12095659019449848
29059,0.06189308468121964
29060,0.01165522402665994
29061,0.08006301713112046
29062,0.030916046911305187
29063,0.09156979450373759
29064,0.019323112084957607
29065,0.07290703253310618
29066,0.06484113093489939
29067,0.04908583758095266
29068,0.04702462156917167
29069,0.06801617119869843
29070,0.019971790728198595
29071,0.03582818034994796
29072,0.2058071928052732
29073,0.10210477213637147
29074,0.03863775808360088
29075,0.03628317003067545
29076,0.028823805770161037
29077,0.017599701492153987
29078,0.018566489497062338
29079,0.037657444081032096
29080,0.2046556225693355
29081,0.05631010765625101
29082,0.05509151227274153
29083,0.04915980356837539
29084,0.10849112008317369
29085,0.02037130559871879
29086,0.03373257263826887
29087,0.15638515553251248
29088,0.05436387903745132
29089,0.041824999609768626
29090,0.0950106104727679
29091,0.04441277253508254
29092,0.04861282321013684
29093,0.08797007816674779
29094,0.0792465611976281
29095,0.08561808495602818
29096,0.045646225268614435
29097,0.01730319704438764
29098,0.06392379146874298
29099,0.06419165992313224
29100,0.0897419455593434
29101,0.02424203707378699
29102,0.057467533410654914
29103,0.058632469280348244
29104,0.040830766281593295
29105,0.5725214905220988
29106,0.018256798890700476
29107,0.4838187736284794
29108,0.040903378282635974
29109,0.0405617834039252
29110,0.21707999359653007
29111,0.06943555906554034
29112,0.05247329815147072
29113,0.15444146993081723
29114,0.16789940627059724
29115,0.04918934714088944
29116,0.021304575974306815
29117,0.3615146908449024
29118,0.051018036359303506
29119,0.06995212926523525
29120,0.087221491944001
29121,0.03260683273105953
29122,0.02690320503827018
29123,0.03460732147835556
29124,0.07663794319557736
29125,0.01591760330613936
29126,0.027480618829919964
29127,0.03607034848965686
29128,0.07950114870206289
29129,0.16138016014845655
29130,0.08206560634269613
29131,0.03664278053721607
29132,0.058816057787231105
29133,0.07684099653566856
29134,0.07528089504803818
29135,0.06934981673949026
29136,0.4964572481522772
29137,0.036221378150781386
29138,0.027576520188332176
29139,0.07140052549434435
29140,0.04364198662730872
29141,0.02937789024882932
29142,0.0745255107363963
29143,0.11705939020623388
29144,0.06040037849281121
29145,0.032085261203059476
29146,0.015347361046238694
29147,0.04464868082307091
29148,0.09032011530051512
29149,0.23542212217257305
29150,0.2021018225992445
29151,0.17973419931515322
29152,0.08810133297443927
29153,0.02166611549071256
29154,0.09001326810299479
29155,0.023543756493379267
29156,0.013204375967789913
29157,0.06674237049923953
29158,0.031683344582445226
29159,0.05494117762425811
29160,0.032511379930738174
29161,0.018535970615809336
29162,0.013414025217338761
29163,0.021988514881446295
29164,0.02782723724489648
29165,0.09635889039217362
29166,0.020945890485195157
29167,0.019993366523779615
29168,0.021081487340713228
29169,0.06261808847337519
29170,0.06048974804705688
29171,0.1334579214154668
29172,0.04786622489700499
29173,0.04982159764128066
29174,0.08854970300002549
29175,0.06637045593477231
29176,0.04931311409069199
29177,0.031603228887810045
29178,0.07712128209071262
29179,0.21977006177528896
29180,0.03663088827713696
29181,0.1617931406585446
29182,0.05254922546055848
29183,0.16623974326047739
29184,0.03964627545214813
29185,0.06825749060937239
29186,0.03296745550034369
29187,0.02446632445104794
29188,0.08973744389029839
29189,0.01194928327978728
29190,0.019008495929154868
29191,0.028186968713756
29192,0.09488936297738118
29193,0.010611102121863435
29194,0.022593019873020086
29195,0.08057621748215674
29196,0.03235471416797439
29197,0.11497718915294468
29198,0.028098927507612035
29199,0.07568032588272297
29200,0.026059228378300884
29201,0.03101255459861174
29202,0.07848270743106979
29203,0.07174031334172973
29204,0.0636567564130512
29205,0.03758853147560112
29206,0.015955791091107497
29207,0.13627846602839214
29208,0.04537900819814379
29209,0.09832477890931077
29210,0.04240256134613779
29211,0.02206125473969248
29212,0.1841123193303414
29213,0.13977995239805308
29214,0.015676673487458614
29215,0.04000675410520721
29216,0.0448672457562245
29217,0.028045918780005372
29218,0.026845783244238135
29219,0.019523753726515262
29220,0.04419175120861733
29221,0.0863954102182527
29222,0.11249615278590411
29223,0.036546461048210015
29224,0.11524078426520734
29225,0.04553784071146634
29226,0.04035775827588762
29227,0.00801950718237229
29228,0.011273261670880132
29229,0.10352798120186621
29230,0.06454562369406804
29231,0.012267439486308138
29232,0.011562947055016693
29233,0.019500619621044015
29234,0.025096442724750624
29235,0.061373185544605885
29236,0.051082633502267175
29237,0.04805858674404501
29238,0.0514449600999667
29239,0.024156533508052476
29240,0.01963891528671083
29241,0.027699583257541707
29242,0.009549789020758929
29243,0.04926764730782725
29244,0.05350016904761156
29245,0.044408867173985046
29246,0.03363813732410807
29247,0.06343180154842673
29248,0.03933650113602356
29249,0.03626864863081475
29250,0.32626086739147575
29251,0.03274598248455007
29252,0.03804366132956232
29253,0.13607075395471457
29254,0.04723535445969726
29255,0.21613176447429647
29256,0.01639240397789338
29257,0.06522625529231871
29258,0.07318752128738198
29259,0.12895146358322324
29260,0.03303771477205551
29261,0.20108963045792447
29262,0.0884737015246034
29263,0.018714842170734138
29264,0.021526244791626223
29265,0.024856529308395492
29266,0.17315011963295268
29267,0.016096601092914754
29268,0.0191464461159844
29269,0.022031395964005156
29270,0.20161321036470475
29271,0.03704231096237011
29272,0.03494151396635953
29273,0.08303470174926927
29274,0.0690763951035525
29275,0.08044225976647439
29276,0.17753221028375252
29277,0.11785704806835977
29278,0.029889837853002324
29279,0.1348978215573346
29280,0.028387097762505305
29281,0.033013782343678764
29282,0.027292546714664925
29283,0.03011461278733777
29284,0.02444959186264188
29285,0.015717051263503114
29286,0.13223778662065738
29287,0.00962331832537315
29288,0.0805665291678342
29289,0.05348284857868342
29290,0.11179711625827575
29291,0.24992984284858114
29292,0.05498332075711184
29293,0.050532699534112116
29294,0.03333047421457571
29295,0.047293304016478785
29296,0.14128422017414605
29297,0.028059957924492222
29298,0.02825088325791691
29299,0.03761501228021256
29300,0.05021311816540544
29301,0.03087036324598637
29302,0.05667471017190447
29303,0.03427544326934043
29304,0.058834824088867
29305,0.07195149060660973
29306,0.026598885794898976
29307,0.04032016138436028
29308,0.02465772697981044
29309,0.09910652426370394
29310,0.03405930236566768
29311,0.19128864304498266
29312,0.026914326184968695
29313,0.019970754835833562
29314,0.02152805258736585
29315,0.03750411576444668
29316,0.06572238373115845
29317,0.023075625906430107
29318,0.034181366804301574
29319,0.04434320161165019
29320,0.0563206276085293
29321,0.32506894716150725
29322,0.03723880932322881
29323,0.04457222371795642
29324,0.20761849671883909
29325,0.0367481739287686
29326,0.010466131466089887
29327,0.08299271903343688
29328,0.1089428914414802
29329,0.09417850647579494
29330,0.08665297327747722
29331,0.020882809148251223
29332,0.12493596524170762
29333,0.026343341143738284
29334,0.19932354864413895
29335,0.03434384489495995
29336,0.019540512586137412
29337,0.1328181311913231
29338,0.11882936941801095
29339,0.30133350222618327
29340,0.059252273694438994
29341,0.3045881823148323
29342,0.030249550447773492
29343,0.02603290529128844
29344,0.06934462659016391
29345,0.09639935025447988
29346,0.05835198676189901
29347,0.0355537814702757
29348,0.1277451928011407
29349,0.06045755578587135
29350,0.02020219860710589
29351,0.02675003898510076
29352,0.06336337987449081
29353,0.18563765472669946
29354,0.08479293986300801
29355,0.06076082889042576
29356,0.05686171327084299
29357,0.03718828892251551
29358,0.11564346522481915
29359,0.029338290433682444
29360,0.07597127526399716
29361,0.04385689841959538
29362,0.025291354561957698
29363,0.07810912814726535
29364,0.01756142987483323
29365,0.0329871831807545
29366,0.1756409134981071
29367,0.0556353825139577
29368,0.02280657059341424
29369,0.04070662662577404
29370,0.014028391470482963
29371,0.038097406742949244
29372,0.05755175608912092
29373,0.04142733610711667
29374,0.07644541443982476
29375,0.030319244046842775
29376,0.16533330197163681
29377,0.04429128309237025
29378,0.014388536313323161
29379,0.03482323167857325
29380,0.026819642005479392
29381,0.10866959441486065
29382,0.07469951613270197
29383,0.03333636678183651
29384,0.06691799846093045
29385,0.19509815515357593
29386,0.03452374451380581
29387,0.017392422333223127
29388,0.009073482691429983
29389,0.0381281061648457
29390,0.01984498082840187
29391,0.01691269795455229
29392,0.03018626135401035
29393,0.024832226714778145
29394,0.10509397088419672
29395,0.03541389210238539
29396,0.20799800129530988
29397,0.25481726347261097
29398,0.019305738932053812
29399,0.018366078420855227
29400,0.018198538113764345
29401,0.031706290824521824
29402,0.02941315825160304
29403,0.019755848102176087
29404,0.034003569888951105
29405,0.03931634710080554
29406,0.010016307420528281
29407,0.0226527236213376
29408,0.25766975070118087
29409,0.013171915238470203
29410,0.15683702899636476
29411,0.016482437379852683
29412,0.03835956728200564
29413,0.027013996063741323
29414,0.48466933597990536
29415,0.16035061961720876
29416,0.04553629884995615
29417,0.11770017978462435
29418,0.019220687164153177
29419,0.01954802978326243
29420,0.01999382413426551
29421,0.01479033062011732
29422,0.03434786436324469
29423,0.037290807010031166
29424,0.04307626616822077
29425,0.025418273089323574
29426,0.20208977627276242
29427,0.08637147340194246
29428,0.026267480016124157
29429,0.012372985778693082
29430,0.018851039512280916
29431,0.011316114560577618
29432,0.08702242453581288
29433,0.1358019084213144
29434,0.04042580541648408
29435,0.01610160642461985
29436,0.0359291920142459
29437,0.03289172779827125
29438,0.09384455942026455
29439,0.04115594889416067
29440,0.1205094046046275
29441,0.1284826819608106
29442,0.0349981857424673
29443,0.04157180519783352
29444,0.08751739876910795
29445,0.0518982587551378
29446,0.4448445020909677
29447,0.08328535243263377
29448,0.019310219229155674
29449,0.07567610650596646
29450,0.032523817872122815
29451,0.07756665443316645
29452,0.17447022326067851
29453,0.046090625017815814
29454,0.027632604825545044
29455,0.0699234822399555
29456,0.029638217854756954
29457,0.025490634256182077
29458,0.29623333174973254
29459,0.13257602148775138
29460,0.04961653329048343
29461,0.028607626818844226
29462,0.014783206603700657
29463,0.04376194692851345
29464,0.014811484762177383
29465,0.0826379875027513
29466,0.019067619460720456
29467,0.06732139818093574
29468,0.06987243053667454
29469,0.11798781115967667
29470,0.12292268393631356
29471,0.02341689897929699
29472,0.03758858684022552
29473,0.011520141026487124
29474,0.04030159392708272
29475,0.1128037085242431
29476,0.1857926507372081
29477,0.04981167888897463
29478,0.02754963744477526
29479,0.04512612060928989
29480,0.016283892000927485
29481,0.019503741544002084
29482,0.028619616616259832
29483,0.1154622350535345
29484,0.12175881656757231
29485,0.1692930160979174
29486,0.024616048535242102
29487,0.07368303829402417
29488,0.007124302070426471
29489,0.09891493404037419
29490,0.06579278398792184
29491,0.06798219951300782
29492,0.11458141782886455
29493,0.0184313714204244
29494,0.08072823449808994
29495,0.05452215321361505
29496,0.017182217814934155
29497,0.015167166463340919
29498,0.12239711618170859
29499,0.05015722800786108
29500,0.03825544765611439
29501,0.2111155945095376
29502,0.18966005375279552
29503,0.03886261081338582
29504,0.019601789377952403
29505,0.016705476737530176
29506,0.025359081186050958
29507,0.12983709060952547
29508,0.11149506076515546
29509,0.04632035756142294
29510,0.014297452285723166
29511,0.060090796113341366
29512,0.023819750255633834
29513,0.029021371744204515
29514,0.01266917633330288
29515,0.061905286837133415
29516,0.20887006373116263
29517,0.1638863441627465
29518,0.07486597106986569
29519,0.057236280306258644
29520,0.010595258960959744
29521,0.07239378280540353
29522,0.03615465771287914
29523,0.03662625201882154
29524,0.0197390170938613
29525,0.028474694635428614
29526,0.08962623069661972
29527,0.024611893800309776
29528,0.020436673829186906
29529,0.027721192898898933
29530,0.06476003341082383
29531,0.021111346117439853
29532,0.04655121462184677
29533,0.035054778527797224
29534,0.10047636700324547
29535,0.0491596783254304
29536,0.02608224340023905
29537,0.02222242342641901
29538,0.026205462002945108
29539,0.04862181470480621
29540,0.050997645880422035
29541,0.015025057759684997
29542,0.15843600060897423
29543,0.03911382809155605
29544,0.033727497779649306
29545,0.023000691800551722
29546,0.022817640779077365
29547,0.36657295068316575
29548,0.23916358364691015
29549,0.02728279428719091
29550,0.0273791169707024
29551,0.2032490438990722
29552,0.1044437627702067
29553,0.0816578792128606
29554,0.018540081928935713
29555,0.017831567929107194
29556,0.015338310598392711
29557,0.04590775780810341
29558,0.2187807522406629
29559,0.027022792017743793
29560,0.03895476091592257
29561,0.040919017245088646
29562,0.47277617908156744
29563,0.03980056402539802
29564,0.024364859809715495
29565,0.05221745384340804
29566,0.04580838904739792
29567,0.09327013973204522
29568,0.10108420412737433
29569,0.026469779657895296
29570,0.23763090768292477
29571,0.12979138031500217
29572,0.038934109037668044
29573,0.04042029389152672
29574,0.07187069009604435
29575,0.17091207387093638
29576,0.026299861422182238
29577,0.02602434595552422
29578,0.06346492685643676
29579,0.028465335056960306
29580,0.01568613616152073
29581,0.02996238189773821
29582,0.029971680202172904
29583,0.09386580823148162
29584,0.016892214670192654
29585,0.0293212794046097
29586,0.02642487985633059
29587,0.0474365970438615
29588,0.04822084488097381
29589,0.0773177153690667
29590,0.03980158541975663
29591,0.04875815063163149
29592,0.09782476795054967
29593,0.03434844679579744
29594,0.060009910191329674
29595,0.027663645006815396
29596,0.014508005365952169
29597,0.0847564265236011
29598,0.01429834473478852
29599,0.0223270823713189
29600,0.07984962611488197
29601,0.0722300131643178
29602,0.12636518899614507
29603,0.024491946993159083
29604,0.06488039567751566
29605,0.04235403079570347
29606,0.08627548366814548
29607,0.053388352563296014
29608,0.017777255569156325
29609,0.08565306941919937
29610,0.01942153793331704
29611,0.08781376393197282
29612,0.05293356561085329
29613,0.026899988655198846
29614,0.021905802105242414
29615,0.03960965964621111
29616,0.022327257355855626
29617,0.10121027510957827
29618,0.04059183356697606
29619,0.04691811477999931
29620,0.022320359824955557
29621,0.024201668218484844
29622,0.024662907276416013
29623,0.14604600769380274
29624,0.04683901793593699
29625,0.053412439637433216
29626,0.032977765349175
29627,0.09370262369569426
29628,0.03696846494012508
29629,0.12677092211927476
29630,0.007617335128727481
29631,0.028255923869932677
29632,0.16339841893759477
29633,0.04860177061472884
29634,0.0517808647101167
29635,0.08352324352163601
29636,0.20139855121076525
29637,0.09213290764736698
29638,0.31721954256905643
29639,0.04979686036024378
29640,0.0401703108746963
29641,0.08699476001773117
29642,0.03191720041727765
29643,0.04975147898570923
29644,0.027658305340433557
29645,0.027638589465461456
29646,0.11966491194386299
29647,0.29968121899496586
29648,0.11872779765319678
29649,0.13870599994245028
29650,0.033010110888198566
29651,0.021856283544571448
29652,0.031140749732676977
29653,0.03691492222660633
29654,0.04269390847856051
29655,0.035410806467071454
29656,0.03083548171522257
29657,0.01331838762122048
29658,0.15225790479898102
29659,0.08942742334119992
29660,0.022682520491633343
29661,0.09033167039969868
29662,0.010274210890942858
29663,0.033627864907526436
29664,0.189261046294532
29665,0.021542932800262343
29666,0.017726159445955084
29667,0.11447821355569757
29668,0.05942198562168558
29669,0.06961903666225716
29670,0.04066018998218891
29671,0.02019514283214537
29672,0.01576382572652142
29673,0.018284846485697493
29674,0.06914962922248637
29675,0.03166851195443011
29676,0.05797149536467354
29677,0.014901452195579219
29678,0.03160277724723354
29679,0.3128809035599122
29680,0.10633670262149039
29681,0.06325611326295047
29682,0.04602447899124805
29683,0.03794912074446869
29684,0.019773800777321316
29685,0.057973304626210434
29686,0.0683267218776382
29687,0.03796629132576762
29688,0.030013975593313095
29689,0.07455497974588435
29690,0.06090481949196216
29691,0.3132828273391884
29692,0.0905588964163039
29693,0.03491687166536231
29694,0.051261845139306414
29695,0.029031327996372588
29696,0.030959335147616562
29697,0.018319817946403253
29698,0.020492018117391562
29699,0.046773812272942
29700,0.03564857339743391
29701,0.03031793038194503
29702,0.16036961358097512
29703,0.018721201733527218
29704,0.14464893344843396
29705,0.09177254925656082
29706,0.025686003876686504
29707,0.06829301868688131
29708,0.020694987773359243
29709,0.03354462814929721
29710,0.07030191570461372
29711,0.10137932291864986
29712,0.03930933311783747
29713,0.028080309212761737
29714,0.05346369708568893
29715,0.05046666609597177
29716,0.1743421693299934
29717,0.02824609810636152
29718,0.023067196374594475
29719,0.09625691241495689
29720,0.023392384332754354
29721,0.06285419860951591
29722,0.08246971673955203
29723,0.023291475693601366
29724,0.26830358758447054
29725,0.026269312254675308
29726,0.048122630544174864
29727,0.14395976439526462
29728,0.17672788664910866
29729,0.04571979476339343
29730,0.02946243321621355
29731,0.2663706957154137
29732,0.1371375505267097
29733,0.0374312212890947
29734,0.039998731376710735
29735,0.028871288224597398
29736,0.044622869724407016
29737,0.05471791976086647
29738,0.03868220998679906
29739,0.17729213980044056
29740,0.0527695258036022
29741,0.033067974968654726
29742,0.017322823218380592
29743,0.13214199465370782
29744,0.0814722917952307
29745,0.02976963583405083
29746,0.012157634689164606
29747,0.10169199774985596
29748,0.07348471497330812
29749,0.05064206855786489
29750,0.2088165121137963
29751,0.11254222044814619
29752,0.02564630829423361
29753,0.10458218890310216
29754,0.023412845521009487
29755,0.020264006378129293
29756,0.035935673297100006
29757,0.04245496084514454
29758,0.046760476419297106
29759,0.08722689050813412
29760,0.03298368189660696
29761,0.06246070023274191
29762,0.048833260450926994
29763,0.020237836993125403
29764,0.05675826953317509
29765,0.03555150092936367
29766,0.027812450205708474
29767,0.01683639982900985
29768,0.10009953457924714
29769,0.02763447450979243
29770,0.04425333726548515
29771,0.12925723192064
29772,0.026447043431833857
29773,0.07125417466726577
29774,0.18094902561510023
29775,0.018056570688495855
29776,0.022064494748436338
29777,0.022310052733419933
29778,0.012903579157119534
29779,0.028688875956040527
29780,0.0193820964446781
29781,0.03191529567061465
29782,0.01992754789095933
29783,0.15167171620158384
29784,0.06501707441453855
29785,0.0613986476883189
29786,0.021286324235963557
29787,0.021941822560016845
29788,0.1353519945504411
29789,0.05782041601659622
29790,0.014785865883561875
29791,0.11736102426415235
29792,0.13493400471160133
29793,0.08602911044602635
29794,0.09940174522180784
29795,0.10847448695478891
29796,0.11503912685430637
29797,0.022669758887855728
29798,0.036366115707286775
29799,0.018745481722112114
29800,0.045874834690313705
29801,0.0661601513954348
29802,0.0807627031788533
29803,0.06000020392686376
29804,0.05141274160974553
29805,0.10121128157942141
29806,0.023221367358273338
29807,0.04342318392511812
29808,0.09453673840849185
29809,0.6544614066086669
29810,0.02157323357548299
29811,0.010625638308887134
29812,0.016690564995830017
29813,0.07795113246271168
29814,0.03478412763722876
29815,0.03452319367630229
29816,0.14810057751458922
29817,0.05417974722848951
29818,0.01690808181916215
29819,0.036785907498026654
29820,0.045863677328249745
29821,0.07941752875671394
29822,0.016111263641054065
29823,0.01423198105755986
29824,0.2680359931507319
29825,0.02229800552840961
29826,0.038017890608589115
29827,0.056027802474679686
29828,0.031538375832383295
29829,0.047463893138648086
29830,0.07026067432240687
29831,0.013556475073074014
29832,0.024751658955301747
29833,0.012796667213593958
29834,0.01675888826361559
29835,0.09606644036238654
29836,0.23911107569252907
29837,0.07261917231023547
29838,0.08644533115111684
29839,0.01716450436613469
29840,0.042002976691442435
29841,0.03204506135749419
29842,0.22718650869498178
29843,0.04352817382237373
29844,0.07916608617311419
29845,0.08315741946296325
29846,0.1485565115429902
29847,0.03997579657592142
29848,0.08237247043042945
29849,0.027418130156392325
29850,0.02987589124705843
29851,0.02743317861326602
29852,0.09942966189680483
29853,0.03527410125398433
29854,0.016811333427306483
29855,0.026072685483096963
29856,0.1359728347239625
29857,0.025092767467065548
29858,0.13108039234194968
29859,0.5012472130931147
29860,0.0868450250438127
29861,0.052645583377260455
29862,0.022643718527556717
29863,0.02998687105387983
29864,0.02449334634692315
29865,0.18385359869937
29866,0.020044213935941402
29867,0.04224304125359508
29868,0.028666986169564708
29869,0.16194514288685605
29870,0.026555032878024076
29871,0.10562376992604364
29872,0.02433227257428061
29873,0.11656920287228524
29874,0.03950678533030918
29875,0.04325662082024298
29876,0.08757973556050828
29877,0.09620024907721633
29878,0.21546473321989182
29879,0.07880954589522203
29880,0.1358726722416181
29881,0.05094364187029159
29882,0.192873687483416
29883,0.021449122509166932
29884,0.06822796172498416
29885,0.11119976763661293
29886,0.038815504287806536
29887,0.1049307203444649
29888,0.04693992905951981
29889,0.06509043800481576
29890,0.015364782653913348
29891,0.14221897925935612
29892,0.01983853385755003
29893,0.012794927207211185
29894,0.036370394906134314
29895,0.024754103308814404
29896,0.03503208025175389
29897,0.026773254074230046
29898,0.060919559346513705
29899,0.09713301980379303
29900,0.07129805730871991
29901,0.2861334029426454
29902,0.06885447905650387
29903,0.012607628325633214
29904,0.07387532746870362
29905,0.11635840074477154
29906,0.03514477794750172
29907,0.06748875453212308
29908,0.044682574457948376
29909,0.11558350385376864
29910,0.010232929694808763
29911,0.04025869130418133
29912,0.026381580496752505
29913,0.07898590525473888
29914,0.14414804087825894
29915,0.007807788384633762
29916,0.01887997379264629
29917,0.012319618068307241
29918,0.013322368546938183
29919,0.027102561019179752
29920,0.029498370577370647
29921,0.042592009701180475
29922,0.0864563212520224
29923,0.04332354411648447
29924,0.009853571371726344
29925,0.019006961374984352
29926,0.06362387280085909
29927,0.012492429145491195
29928,0.015293814897397565
29929,0.15126107285385607
29930,0.015039844042101838
29931,0.031064410838411723
29932,0.10380485651531415
29933,0.055865583628188456
29934,0.031320854223581725
29935,0.06558350593292457
29936,0.05131067098287927
29937,0.022087102111973064
29938,0.3685300947000991
29939,0.224929200427966
29940,0.07927076580026549
29941,0.06573414360393395
29942,0.018154349279589577
29943,0.08945977840779354
29944,0.014174716488662992
29945,0.014715876806903946
29946,0.04597754032805302
29947,0.012249999788378266
29948,0.029222869183930595
29949,0.0703714235482428
29950,0.04963413935115553
29951,0.06004827913225783
29952,0.030908044853971438
29953,0.051729599213942795
29954,0.05938794305737999
29955,0.02824285427196531
29956,0.05696718763534031
29957,0.033346100613929626
29958,0.059886908105461996
29959,0.06404361362084482
29960,0.049671879145283364
29961,0.018570285726536826
29962,0.02073419784340005
29963,0.05628993630425482
29964,0.018794736462542542
29965,0.023069207691443813
29966,0.018394824917803077
29967,0.03915471749149453
29968,0.04401394496486405
29969,0.024927716213512432
29970,0.023293483884658454
29971,0.16858598190311752
29972,0.01806176193533215
29973,0.2204585948001303
29974,0.08064672735168768
29975,0.027691437076467332
29976,0.46984066061898516
29977,0.036247997895427354
29978,0.027257677132868065
29979,0.07044198413712256
29980,0.040095737818008806
29981,0.059229285021102654
29982,0.030103118418476994
29983,0.043501128955666185
29984,0.11495568478417814
29985,0.06615522927511133
29986,0.4567606701164003
29987,0.05962268757413478
29988,0.010620875573527443
29989,0.07712573016375689
29990,0.024067286264276774
29991,0.03697827296848532
29992,0.0757970897142538
29993,0.021649853571390203
29994,0.05021730967124166
29995,0.09403047450622881
29996,0.03987581442140401
29997,0.01724195207751604
29998,0.05244483671800311
29999,0.045926173917757454
30000,0.12995227184585503
30001,0.013145225899184872
30002,0.03562004237522816
30003,0.025142313191827578
30004,0.19553958926528286
30005,0.041620111681899524
30006,0.07385652030276643
30007,0.0833939468224535
30008,0.015065834250924115
30009,0.048171834788561144
30010,0.1825670056293682
30011,0.018476546759594006
30012,0.13577451959755477
30013,0.2554250786506987
30014,0.09715531393254791
30015,0.07529267100562084
30016,0.010748587469396512
30017,0.17086994271107267
30018,0.0346493637100717
30019,0.015480608932306636
30020,0.03178676812618947
30021,0.08465425170453612
30022,0.028865854376042135
30023,0.043299800700603214
30024,0.18893938730416424
30025,0.06766320268750503
30026,0.0412778594038137
30027,0.040763202706977766
30028,0.09386010544203194
30029,0.188913385323717
30030,0.025650699706754352
30031,0.03037157165080799
30032,0.26004418363629805
30033,0.016839942571687957
30034,0.013213787440649234
30035,0.015293742485635482
30036,0.046431810857138794
30037,0.11538108109413732
30038,0.014429233717042887
30039,0.04266800045783355
30040,0.03601693156147729
30041,0.07869639990879963
30042,0.03328304479997478
30043,0.07458637318992428
30044,0.020160479612759068
30045,0.5593299541032741
30046,0.2243724401324615
30047,0.08047635792261242
30048,0.051585113116555656
30049,0.012217511378149712
30050,0.01390048539609001
30051,0.0970206579987115
30052,0.10711916936051806
30053,0.0896057640660939
30054,0.042193873968373125
30055,0.013136627900433287
30056,0.07055891348857576
30057,0.12344638367678767
30058,0.03912051333684244
30059,0.029829490931788143
30060,0.021372367299613084
30061,0.09876855439055343
30062,0.04835263423174292
30063,0.03528955122417766
30064,0.021067959924411156
30065,0.026040676333186324
30066,0.03427548332126748
30067,0.055933080408928075
30068,0.17343239955646755
30069,0.02295973001189862
30070,0.04127693730778356
30071,0.0311264934694886
30072,0.05419648739525661
30073,0.4171796392434307
30074,0.010815438731711107
30075,0.025916804201113343
30076,0.017704086656028677
30077,0.024466072968222174
30078,0.05925153288955579
30079,0.03425935268472089
30080,0.028285310133148302
30081,0.14219266210007603
30082,0.014932015807220662
30083,0.03721667351691167
30084,0.03712010821468747
30085,0.05118513287218458
30086,0.06729645349245175
30087,0.07785285175571144
30088,0.04047624382580768
30089,0.04498258876938819
30090,0.1386691463193583
30091,0.4807121768900108
30092,0.07445857663112579
30093,0.025329483587877122
30094,0.12989136119322867
30095,0.28993247728990434
30096,0.05727658853248051
30097,0.06776349978805932
30098,0.013915711281390124
30099,0.07540782967435494
30100,0.418718877809569
30101,0.012651025852314474
30102,0.0432986621337814
30103,0.11970346849295768
30104,0.09929946508552792
30105,0.033925433437773225
30106,0.04640113567190877
30107,0.22718333175742556
30108,0.02277150208870317
30109,0.6503000436617659
30110,0.037668620137111974
30111,0.02524112145866169
30112,0.008591019418676418
30113,0.09590543685569648
30114,0.03895520659308561
30115,0.0206298703345848
30116,0.03309499421883933
30117,0.020786998171880573
30118,0.3588055336107289
30119,0.016867111846975633
30120,0.13710581268277014
30121,0.010422012639111626
30122,0.045444905378086944
30123,0.0632950980515417
30124,0.1712350488261656
30125,0.04348752312680372
30126,0.06259698494315513
30127,0.032896203004948714
30128,0.008950664490122391
30129,0.0686123069646433
30130,0.019353523806960808
30131,0.02471330592014926
30132,0.01583275888037585
30133,0.029046548013705518
30134,0.19801138326195047
30135,0.10477190664538011
30136,0.033131863113105224
30137,0.02252880895548419
30138,0.25228738735659934
30139,0.06926445705770296
30140,0.03117520917376543
30141,0.05444550405412013
30142,0.03152364802390975
30143,0.01720216523200627
30144,0.07256887963848156
30145,0.022191906916196387
30146,0.07248048212349263
30147,0.050945620775461525
30148,0.2931224952582583
30149,0.04367444985817912
30150,0.025171114719647947
30151,0.03042533419814588
30152,0.015636823849299205
30153,0.040911778728329184
30154,0.013567721496323033
30155,0.026912998162612896
30156,0.024160919127718443
30157,0.032560364337408665
30158,0.01931277154148846
30159,0.034031742090651136
30160,0.05531625105968311
30161,0.059313490006641156
30162,0.06653799205672441
30163,0.07471283751404804
30164,0.02581232323599061
30165,0.05150836348536633
30166,0.0334286033055933
30167,0.22566932414583485
30168,0.014726213877469224
30169,0.03854575577854527
30170,0.038810677509482014
30171,0.016358614875752717
30172,0.13507665579760325
30173,0.08807538668710144
30174,0.029472341132866443
30175,0.012183881507682612
30176,0.24115265847608375
30177,0.04307192930393428
30178,0.2575530885683194
30179,0.1015703738152485
30180,0.03183657958046573
30181,0.016892827865430976
30182,0.07574651308655352
30183,0.06603947992275665
30184,0.045476505905552855
30185,0.0795380143548973
30186,0.026135253441760306
30187,0.1801087209500355
30188,0.025232250232684873
30189,0.10667181791111616
30190,0.008970717746448377
30191,0.026704020577769823
30192,0.03256947012389065
30193,0.016213836837572018
30194,0.08028462874571067
30195,0.031056601748357095
30196,0.04997036224256393
30197,0.08248929457786322
30198,0.05957104036051269
30199,0.11206603908220056
30200,0.054907026378850136
30201,0.02074759158107028
30202,0.08717745678302675
30203,0.034701455126138515
30204,0.029745847700705277
30205,0.11478336469749693
30206,0.06658925162458665
30207,0.014672318271901751
30208,0.0436948735085
30209,0.14340184543147128
30210,0.07658665585547395
30211,0.02587849265054589
30212,0.12180768617713375
30213,0.027129255785810942
30214,0.05661700922425228
30215,0.06353163859982695
30216,0.08962606076541675
30217,0.04796020094264527
30218,0.07883254802263888
30219,0.02846550886332698
30220,0.017327483556168435
30221,0.09733280755682737
30222,0.025762989511067612
30223,0.028967535943874186
30224,0.0416848058064191
30225,0.07871667870259436
30226,0.03206580550570809
30227,0.1075837792990686
30228,0.024659204332536586
30229,0.022332043463820755
30230,0.04943180428415449
30231,0.05176066789117228
30232,0.17038635392645587
30233,0.04726677107998452
30234,0.032508198827835434
30235,0.021193440666066404
30236,0.08103374517481261
30237,0.09439457431967604
30238,0.013820284198755405
30239,0.010893116135837955
30240,0.1316967008350621
30241,0.13578264626346875
30242,0.025802090222378102
30243,0.07040656749193414
30244,0.17400050084658628
30245,0.015112157274579315
30246,0.0378796231829331
30247,0.06813135771558332
30248,0.03846458743361668
30249,0.017899914715225868
30250,0.06736382464957093
30251,0.02332728709469655
30252,0.04236580648273004
30253,0.07553166747564859
30254,0.02510475738447131
30255,0.06058512732807541
30256,0.04210996510229642
30257,0.053856074854832216
30258,0.07456649732385068
30259,0.03749508732963894
30260,0.03018013876218491
30261,0.05591842558118032
30262,0.02408275260815844
30263,0.009005920691137667
30264,0.04971310318550491
30265,0.018445681063952783
30266,0.0356897871676003
30267,0.04651098350405809
30268,0.06668291212713578
30269,0.07256849490944722
30270,0.08272054339657106
30271,0.05264896801932825
30272,0.08389169241806868
30273,0.014889083526596762
30274,0.029680965814055764
30275,0.1837976143425148
30276,0.01845324149357626
30277,0.04821786275478653
30278,0.02952727450495691
30279,0.027020203528135323
30280,0.1048628761627104
30281,0.23755514420786206
30282,0.07005966078634074
30283,0.09787810794143974
30284,0.0437449979582885
30285,0.02019087468548088
30286,0.04591351705072429
30287,0.04949994998528877
30288,0.017940807084787985
30289,0.011766927940539466
30290,0.10315078659093119
30291,0.04495527016501805
30292,0.028577160509045973
30293,0.05454878488925255
30294,0.04083231451717663
30295,0.01568159836924387
30296,0.04663654715709361
30297,0.1557620736421332
30298,0.06773132920981445
30299,0.011255280961810917
30300,0.02322859273930352
30301,0.018511284261981675
30302,0.025337023010426472
30303,0.011365029200372483
30304,0.019308948625709133
30305,0.016779462530815005
30306,0.010948722892712487
30307,0.30099271205498856
30308,0.01350982342484715
30309,0.09152743004581816
30310,0.05119175439210996
30311,0.013392189156076578
30312,0.035028117313134446
30313,0.2578094966970166
30314,0.01750205845540668
30315,0.03681280618366385
30316,0.017717407748717086
30317,0.0615000083406953
30318,0.01671226377348787
30319,0.08421679783072687
30320,0.06268124664180899
30321,0.12408879331291714
30322,0.03636515941426556
30323,0.03460096667981583
30324,0.0586277293986434
30325,0.011143125397422474
30326,0.0700894930432014
30327,0.01915572066242597
30328,0.052370338056853996
30329,0.23019588981753014
30330,0.02497405306151714
30331,0.009046383712778393
30332,0.021570732291623273
30333,0.1300666587464296
30334,0.08405447076638575
30335,0.07066182265028814
30336,0.04021791586457539
30337,0.173057712214398
30338,0.03084314573218354
30339,0.18657666012621318
30340,0.24217363870432784
30341,0.025104469467446884
30342,0.0456331388656933
30343,0.08035169994843729
30344,0.023124721404796704
30345,0.07240356690287364
30346,0.00910299294415304
30347,0.04022273500309133
30348,0.038926355204070354
30349,0.04298854781778491
30350,0.05680006481782641
30351,0.02529982772925173
30352,0.06221758400062903
30353,0.06119770030592965
30354,0.01470433824304658
30355,0.05985069076067507
30356,0.017417353402145442
30357,0.1409703575101307
30358,0.027231400228193474
30359,0.06552321726719708
30360,0.030039081394039126
30361,0.047280563942498695
30362,0.03334040214669827
30363,0.03021643176727571
30364,0.07017015253889189
30365,0.06893788264545697
30366,0.08367143369833982
30367,0.024757811330099386
30368,0.15509487184777218
30369,0.05469776687558754
30370,0.029285935252485826
30371,0.0627173829833481
30372,0.07138447701381417
30373,0.013894317632300313
30374,0.06863104311551543
30375,0.013525342355434612
30376,0.04016083800037595
30377,0.026717794811396404
30378,0.07773813921150455
30379,0.043858048595964066
30380,0.06192668220624474
30381,0.07233634676033066
30382,0.1907297985174858
30383,0.07386548026547679
30384,0.0458049917628509
30385,0.21110459366318834
30386,0.16260495932026275
30387,0.13961989345167988
30388,0.01541821258523271
30389,0.06083395734657201
30390,0.013581989820548614
30391,0.28535523297983467
30392,0.027017096291403073
30393,0.023246495867945517
30394,0.02603710678242692
30395,0.1286076113007196
30396,0.01925343561018822
30397,0.09022652411258518
30398,0.08548715370390444
30399,0.060907301298440894
30400,0.09056986766128242
30401,0.12225801657172267
30402,0.05611370114420232
30403,0.013892646116200977
30404,0.05596259940663713
30405,0.0618936838127357
30406,0.15663787621443273
30407,0.08596569834093548
30408,0.11605379131732231
30409,0.033049766173645516
30410,0.037084585022039485
30411,0.023313935727021298
30412,0.06163761362561129
30413,0.07843009567399786
30414,0.02298050203157377
30415,0.0686282045025974
30416,0.1044964872431871
30417,0.02469696012877634
30418,0.029431482255485336
30419,0.04112011748232888
30420,0.05836933251046521
30421,0.06518014365911096
30422,0.06385288691503647
30423,0.025242290278226442
30424,0.022155485429678153
30425,0.0355009068573051
30426,0.08485674309847924
30427,0.037940650810912774
30428,0.03730588429185918
30429,0.01699930862263159
30430,0.019458928552858815
30431,0.028180090612982638
30432,0.05580413213071206
30433,0.029941121960602262
30434,0.06211006832840861
30435,0.024314529434260376
30436,0.021770583356825655
30437,0.0248439045341485
30438,0.2889730278760648
30439,0.03328641778994508
30440,0.12399463401008529
30441,0.18722774529792177
30442,0.03485413441882659
30443,0.07094797247949428
30444,0.10613374860209546
30445,0.029082566946733685
30446,0.1468168205216765
30447,0.13746381963495036
30448,0.022855104201892316
30449,0.04089234396879994
30450,0.12068417348588456
30451,0.023407159349077236
30452,0.04384677225911097
30453,0.09084637397473821
30454,0.10517933786490587
30455,0.02988333577306987
30456,0.06523863604524846
30457,0.04383569853226116
30458,0.058745852339236834
30459,0.08143722538135688
30460,0.04265068294190339
30461,0.013019026645512702
30462,0.15827598449877048
30463,0.05048700253466327
30464,0.03283892497782879
30465,0.014694666502703133
30466,0.02170916213206028
30467,0.04334346235857432
30468,0.020419311927974953
30469,0.023656411926609975
30470,0.12361306563097291
30471,0.0445535376233793
30472,0.04410798078077228
30473,0.03528520709707897
30474,0.014349811168778656
30475,0.016915323924891725
30476,0.02107918193912056
30477,0.0088249949428201
30478,0.024166250414066025
30479,0.019975637256287017
30480,0.023230907479564918
30481,0.043987628178572435
30482,0.011853587174424092
30483,0.026665559390687057
30484,0.02686470087238579
30485,0.21221246391028767
30486,0.11457888106872498
30487,0.05621746110078549
30488,0.047316878347193066
30489,0.05331305113725848
30490,0.025549485325338513
30491,0.013838115981453847
30492,0.014330842535232554
30493,0.05370494378827524
30494,0.07534437734095108
30495,0.03793632909845296
30496,0.05892125816404864
30497,0.04221877712365923
30498,0.01995681287004195
30499,0.02794680399573476
30500,0.057192680930706334
30501,0.08522352922373823
30502,0.03162630622457267
30503,0.04214040042331412
30504,0.0937201689631455
30505,0.10081180561676997
30506,0.14595111255227075
30507,0.016371420032574992
30508,0.043585112942348514
30509,0.06878058860082452
30510,0.07300053889266507
30511,0.07495239181352195
30512,0.33068160539085634
30513,0.04083623195910289
30514,0.07797532277261535
30515,0.030832853358952125
30516,0.04475529841069096
30517,0.13091321793275246
30518,0.03805285934343373
30519,0.009465145975342926
30520,0.04062986244070227
30521,0.02054848674104568
30522,0.05851704020872353
30523,0.010969243052687245
30524,0.03875459148045463
30525,0.1853728523299089
30526,0.11897597382517582
30527,0.01974779017730395
30528,0.03699678879385767
30529,0.10764387378914284
30530,0.05791944181916733
30531,0.042529622702385896
30532,0.1225041779298077
30533,0.02903815895143744
30534,0.09581784540056099
30535,0.022701364937978863
30536,0.06755028475289737
30537,0.11525431063600383
30538,0.02435008810173348
30539,0.18339297066573673
30540,0.019404022150152803
30541,0.06029534006826678
30542,0.043161124664758896
30543,0.08900644440006049
30544,0.10094010781403032
30545,0.3221988141220275
30546,0.08433899270856005
30547,0.06357923658713854
30548,0.01670436024164281
30549,0.018848737907414852
30550,0.11153970617681293
30551,0.07903249826199671
30552,0.02288135961352858
30553,0.012366059362149065
30554,0.024187217287344073
30555,0.3692516903786224
30556,0.045611766592907214
30557,0.02657386962388574
30558,0.027235987007534844
30559,0.06298673198329485
30560,0.014488970290550905
30561,0.04373157003813372
30562,0.026533336273873612
30563,0.17328402109092372
30564,0.0337724601023616
30565,0.012413641347905126
30566,0.09300664788189147
30567,0.009069265380456633
30568,0.0356642144023196
30569,0.029486743931701826
30570,0.02129268485422521
30571,0.15128192068545546
30572,0.11278139652825529
30573,0.06382716350545985
30574,0.07880676689896723
30575,0.11754539376278733
30576,0.014836532747270781
30577,0.16801095780965558
30578,0.030352445070988276
30579,0.025133984604986174
30580,0.03192267015259264
30581,0.2055028715032799
30582,0.01672031287870436
30583,0.07361792081620942
30584,0.015496288586835797
30585,0.05459955910612761
30586,0.018897111734089072
30587,0.015557753369823115
30588,0.24011502766318932
30589,0.15192079579108414
30590,0.23987974664634584
30591,0.027080004857530426
30592,0.04354527907583302
30593,0.02446028807485947
30594,0.03911586672346551
30595,0.031577839916271784
30596,0.09116540129772191
30597,0.03407442833584762
30598,0.032366086750664096
30599,0.048768740186528006
30600,0.015276640030856718
30601,0.026975264878565296
30602,0.15726889914906705
30603,0.024400562269106543
30604,0.049191947230565795
30605,0.06273187553006664
30606,0.06164777228834171
30607,0.04238445220399488
30608,0.021763837242510898
30609,0.15686186903418176
30610,0.049773468806607477
30611,0.030230744276215308
30612,0.016261886920317596
30613,0.029758191610712165
30614,0.07688797381406405
30615,0.0330732742227212
30616,0.0820353144148934
30617,0.021649146164519475
30618,0.11749512394599737
30619,0.05763539470826465
30620,0.013981642319928142
30621,0.06535676459428508
30622,0.25485882949391603
30623,0.01713943584730409
30624,0.047599171692253736
30625,0.011548259112235683
30626,0.03692512340643972
30627,0.1769573684100865
30628,0.10621131785081278
30629,0.03324650816196882
30630,0.1548101176226186
30631,0.0683917339001335
30632,0.014506054484047981
30633,0.0563752454836763
30634,0.03014608352092687
30635,0.0666830414145079
30636,0.03775125291698815
30637,0.04838279194299264
30638,0.04268723093711194
30639,0.027770800906475396
30640,0.03482754650968123
30641,0.053985157332463354
30642,0.049524488018646604
30643,0.023528816479490372
30644,0.23657888513368142
30645,0.11939874051505775
30646,0.03211130770880228
30647,0.050547724137939426
30648,0.10042195846608853
30649,0.02774531801651459
30650,0.01726237546239319
30651,0.04113766077210306
30652,0.07511243813731595
30653,0.026339629875079158
30654,0.038797245933019024
30655,0.08577921887068829
30656,0.04734223561577582
30657,0.020685331799428032
30658,0.06853283567567708
30659,0.04323128185018022
30660,0.054572415785603186
30661,0.0621012064530069
30662,0.08634651958125533
30663,0.01744744176965204
30664,0.04258655967988814
30665,0.09177400539425473
30666,0.02596898886344699
30667,0.6345836234797542
30668,0.11186679261979368
30669,0.038128851273484976
30670,0.02802240563025826
30671,0.018207160595415207
30672,0.011733991424694024
30673,0.051168948550231616
30674,0.038766226359940974
30675,0.05425165234303048
30676,0.06150261959133006
30677,0.023736044340168055
30678,0.031411059926892415
30679,0.029250824576796994
30680,0.07095822401060507
30681,0.017274117388328056
30682,0.006688529082593823
30683,0.03709687834860724
30684,0.039365291215894854
30685,0.03059334032255999
30686,0.0414523159220334
30687,0.0492718407086343
30688,0.1774346415004825
30689,0.07924677473289818
30690,0.05057104166483487
30691,0.16119943505285547
30692,0.08498799967757145
30693,0.02146525058696372
30694,0.04624241874617857
30695,0.07151200552971476
30696,0.08100362780355712
30697,0.021175555995485696
30698,0.06398079344174072
30699,0.07023035751180702
30700,0.014370802907091536
30701,0.0396052228404339
30702,0.0459137613739157
30703,0.03598488103995516
30704,0.07452594100126185
30705,0.0842303693749833
30706,0.047531984371374014
30707,0.2613309866479207
30708,0.043973745406467944
30709,0.025295356825882607
30710,0.02451380695009163
30711,0.05304248129988312
30712,0.008217613118388464
30713,0.028579216779071763
30714,0.05261380431440938
30715,0.028784698231045534
30716,0.05558583148338259
30717,0.12336881447654174
30718,0.4703199615812841
30719,0.09277119002972632
30720,0.03458530624986705
30721,0.01980940194463286
30722,0.0361818051477344
30723,0.0251519142702542
30724,0.03488516318200881
30725,0.04372490251149104
30726,0.01348792030491519
30727,0.11832548644618493
30728,0.16386232061110934
30729,0.015949268787307447
30730,0.04488747754652996
30731,0.028396195135165798
30732,0.06475721535205514
30733,0.01893605977270638
30734,0.10034124543446017
30735,0.051352604240271105
30736,0.04889931135158258
30737,0.11427148263751023
30738,0.05596655677644058
30739,0.042969779817828964
30740,0.21372605534626732
30741,0.012785606402352963
30742,0.014719860339585923
30743,0.13761832049960687
30744,0.06148536457292797
30745,0.14496154878053522
30746,0.021502431045087925
30747,0.03937372378791382
30748,0.07935896422836783
30749,0.036391547332934523
30750,0.05764853474177943
30751,0.012029000102538039
30752,0.04022833703883626
30753,0.02727710184394411
30754,0.06477959114461972
30755,0.016980760044787
30756,0.03672791290457763
30757,0.09751734689927513
30758,0.5327039556286617
30759,0.03430151371323226
30760,0.009693137086693714
30761,0.10301010904147802
30762,0.027579476931222112
30763,0.055678879600064055
30764,0.030880686116597347
30765,0.09627102398228914
30766,0.055612777486305755
30767,0.05309123389991981
30768,0.05114137186286065
30769,0.06006723478016601
30770,0.037032261585821034
30771,0.03733860090048215
30772,0.022606569451664275
30773,0.010466069092442125
30774,0.1208803446991271
30775,0.01847030503248181
30776,0.1353893444752309
30777,0.02666382903318895
30778,0.02990243872328643
30779,0.02669060979828167
30780,0.07266431777166563
30781,0.013681495020409256
30782,0.03916637856941825
30783,0.0129090470191634
30784,0.217332033585229
30785,0.036557459987808516
30786,0.04526289598259744
30787,0.062280800646264095
30788,0.03239114643958074
30789,0.01707359633203242
30790,0.034882069298481505
30791,0.01967567444896893
30792,0.05447575676143194
30793,0.02547134942168526
30794,0.04865741348520795
30795,0.012209821377965991
30796,0.05296381328095182
30797,0.029267706993161
30798,0.08152775461510546
30799,0.030966393158852374
30800,0.04294151046617881
30801,0.01622222335114164
30802,0.011314563497914308
30803,0.02203999573194368
30804,0.09858414190957795
30805,0.04246043993301974
30806,0.021522480939112288
30807,0.06999603286078518
30808,0.012720870620950935
30809,0.4489596487991874
30810,0.03180469532369498
30811,0.09539317798839692
30812,0.03345026777242699
30813,0.08151234909352754
30814,0.10712767458550565
30815,0.04502901919890541
30816,0.03262678797530463
30817,0.12288686191630399
30818,0.017940115337338698
30819,0.17147433701912013
30820,0.02162342610002219
30821,0.08541898012725424
30822,0.05004301039515809
30823,0.0861684855144446
30824,0.05370253072227122
30825,0.7786379809805953
30826,0.040881499224900295
30827,0.02731795223942883
30828,0.02356135541958414
30829,0.06481076551512174
30830,0.022737777260418757
30831,0.03698036240300984
30832,0.224260579987754
30833,0.014421049874355087
30834,0.056771857456341376
30835,0.048592679147583764
30836,0.16232013055990752
30837,0.033828753671090464
30838,0.06857836724848673
30839,0.11291271493399499
30840,0.05215075004386485
30841,0.03845539304426021
30842,0.18626693039319553
30843,0.019186760877284048
30844,0.030925564034001353
30845,0.03788059354815662
30846,0.03638764467403878
30847,0.08821662158440587
30848,0.03324046838778889
30849,0.025087043144499853
30850,0.010529478542538424
30851,0.0653762076554309
30852,0.014901756497805462
30853,0.02533245763242347
30854,0.20631890269336092
30855,0.11075541933459346
30856,0.017879277959673298
30857,0.019385971374426773
30858,0.01243951359377889
30859,0.033554468839062344
30860,0.027590615914000256
30861,0.035239032218865395
30862,0.06328100932304198
30863,0.016975511835631632
30864,0.058243645635937556
30865,0.02881120578724874
30866,0.044564563794044575
30867,0.03725665773736769
30868,0.026494729072399272
30869,0.013382336389235146
30870,0.021891885307844833
30871,0.050162518075996296
30872,0.032264169655052306
30873,0.011173387030992216
30874,0.0440533893563414
30875,0.017514696127130244
30876,0.025801905581221248
30877,0.05972847550667868
30878,0.03808927854474985
30879,0.02433025002317634
30880,0.05395081008834432
30881,0.02056632673526232
30882,0.02559768340380375
30883,0.07847373566870305
30884,0.08036112221244002
30885,0.03282090523648733
30886,0.02098443245335188
30887,0.04869205963616145
30888,0.0438328643959202
30889,0.06777823308524755
30890,0.10334580404123064
30891,0.025520638803510198
30892,0.09747606524228845
30893,0.25722861326844376
30894,0.02449598066036887
30895,0.019520277382992314
30896,0.03297044392905323
30897,0.007057022886484561
30898,0.10311086344583227
30899,0.09455695019376986
30900,0.0480830614660495
30901,0.0479937668079299
30902,0.1357209859558949
30903,0.019175903350990633
30904,0.0399507166618095
30905,0.1540364077594165
30906,0.019787753677058713
30907,0.13719335528195897
30908,0.02198518382620003
30909,0.06330587348591084
30910,0.039470006649667586
30911,0.08614267459477884
30912,0.230512080948574
30913,0.029892415076421756
30914,0.11933580901463328
30915,0.027167582612217384
30916,0.03244083619192806
30917,0.07321028047920253
30918,0.06573592334730971
30919,0.058224100589079515
30920,0.08300276987508486
30921,0.06908990726252846
30922,0.017694825909100934
30923,0.058864581628127584
30924,0.0691348276979181
30925,0.03298627794558248
30926,0.0349319082605113
30927,0.011692055060531684
30928,0.020629924816420973
30929,0.10748671371830266
30930,0.08790825901790583
30931,0.1325722935403441
30932,0.01753934580762943
30933,0.08003350844228369
30934,0.02275221654825425
30935,0.039289008584103335
30936,0.047719511885977436
30937,0.015592212357804695
30938,0.0165231290653236
30939,0.013268410888327363
30940,0.1321889685464505
30941,0.03338453526268695
30942,0.035352128003408645
30943,0.038068454866256006
30944,0.041504970729222566
30945,0.04148197228222864
30946,0.03350225771799545
30947,0.15094382781166485
30948,0.045031187279158995
30949,0.11457379701579455
30950,0.04189043491077986
30951,0.08706136210721939
30952,0.06216739725456026
30953,0.7844045495142579
30954,0.05763106338461019
30955,0.03356687968311306
30956,0.15407598486516133
30957,0.02356954755475761
30958,0.06653434902191374
30959,0.017713048495176107
30960,0.017456088482984116
30961,0.025613252126038183
30962,0.1013235918777016
30963,0.02117252074761545
30964,0.03765206093273658
30965,0.01177415099895773
30966,0.32670336519247717
30967,0.09357417880106383
30968,0.2388380785240408
30969,0.032620926121193744
30970,0.017675276139773162
30971,0.03963102831931885
30972,0.23282262226489486
30973,0.019460471707106186
30974,0.038853636253799215
30975,0.009854193430574632
30976,0.20109744681051286
30977,0.04276866934174158
30978,0.03643680328936619
30979,0.036410277214732334
30980,0.10808133470463534
30981,0.12411522308068881
30982,0.1299638606794492
30983,0.06986799057673575
30984,0.031108812143854858
30985,0.01570819011792582
30986,0.02560719368996555
30987,0.04388124735503629
30988,0.01899109496232306
30989,0.034826925014817434
30990,0.020749750432527806
30991,0.033130958397483645
30992,0.028142852304131737
30993,0.02221754752266671
30994,0.047355785134911184
30995,0.043393134826098335
30996,0.012718538321666507
30997,0.06346662944026203
30998,0.040942208244757236
30999,0.06263554661454905
31000,0.09072928332758948
31001,0.07847646482304498
31002,0.026802140656345452
31003,0.0781097254962706
31004,0.01512915529621253
31005,0.056051262143684194
31006,0.07074883519055515
31007,0.19868238026133736
31008,0.013411953113320623
31009,0.048627148301750786
31010,0.128701592406667
31011,0.017255323449262994
31012,0.024029518509863308
31013,0.03350356080813616
31014,0.21509448509407886
31015,0.07404901389440006
31016,0.023135187710328232
31017,0.17499957629331314
31018,0.036426771010535285
31019,0.05205133051376588
31020,0.008075827007847933
31021,0.08268698440345781
31022,0.1800810614769106
31023,0.019340071080506886
31024,0.031765944603348736
31025,0.0572302242691275
31026,0.009963346451445358
31027,0.050062435385691356
31028,0.045202847675803834
31029,0.09175062322939859
31030,0.10184608777549156
31031,0.12545089474018614
31032,0.024793946161065797
31033,0.03509607789890064
31034,0.043500557937409215
31035,0.009385101289546297
31036,0.06624600467709042
31037,0.01902865505899589
31038,0.06859131303897575
31039,0.029981970767190568
31040,0.03366630221599723
31041,0.023638715536896657
31042,0.12177922831554003
31043,0.2855564081278036
31044,0.012204827100688827
31045,0.011285431345671266
31046,0.015743645135806054
31047,0.02434173974532619
31048,0.02413755774241546
31049,0.019825908448721646
31050,0.07768253294003905
31051,0.09136439815925097
31052,0.010644920363336306
31053,0.17091746242306946
31054,0.01916388505248181
31055,0.07910260693043478
31056,0.07167878776754691
31057,0.01862320106818016
31058,0.03709118558190566
31059,0.01560393034131161
31060,0.011525524200664241
31061,0.11868479435991672
31062,0.02265320785327414
31063,0.06260542879144852
31064,0.027089747859034823
31065,0.028771676857256265
31066,0.027732829792294446
31067,0.10094019744285765
31068,0.04327082138249938
31069,0.04933147124033234
31070,0.03404934068043845
31071,0.01921207604078835
31072,0.00845000357691508
31073,0.0650979987142128
31074,0.01603140392580229
31075,0.1308799692599015
31076,0.04760416998968965
31077,0.01485028167986677
31078,0.16430547078494923
31079,0.0342989014307679
31080,0.041769723164181524
31081,0.03610394321688962
31082,0.03522933568418325
31083,0.09875776758799559
31084,0.012019115890981834
31085,0.06585105998764233
31086,0.04353687540194151
31087,0.3190271684029889
31088,0.13740320519570365
31089,0.10877647957367814
31090,0.06030339904212583
31091,0.022997789539712134
31092,0.02080642824226376
31093,0.25921836638352486
31094,0.18634991350271476
31095,0.032818445967182655
31096,0.022263012287591238
31097,0.03503339971282958
31098,0.015563449041071445
31099,0.06933032898551993
31100,0.01510521642668594
31101,0.28508838256391467
31102,0.05005942692327767
31103,0.08413672265187097
31104,0.03258896718772546
31105,0.02789802414566748
31106,0.037606617525315446
31107,0.01223738741010801
31108,0.09853319990928452
31109,0.03597001889786483
31110,0.0411133822760498
31111,0.04726455264105622
31112,0.022341850520154326
31113,0.021626649649818253
31114,0.2544043838633665
31115,0.053503229459417996
31116,0.08545929098432593
31117,0.19094950030456542
31118,0.07520251561453986
31119,0.03247838506131853
31120,0.17230370372375559
31121,0.014589968923663314
31122,0.025276000328228777
31123,0.05618163479254731
31124,0.07543832949470142
31125,0.055823565685096804
31126,0.09994948499409656
31127,0.12499448017121043
31128,0.1293029140173444
31129,0.013779938056177972
31130,0.027033737725747728
31131,0.03508848691227222
31132,0.03154283653440598
31133,0.02652163360113429
31134,0.16254532240657882
31135,0.0889954513324085
31136,0.1037536652410544
31137,0.48393094163934325
31138,0.025871083105479056
31139,0.044946179549580925
31140,0.03784126530846973
31141,0.05675564698122674
31142,0.05133377637718811
31143,0.06516507059811871
31144,0.0519061681831736
31145,0.03344321411360942
31146,0.08341490331938559
31147,0.05333067945701656
31148,0.0628655305953334
31149,0.04560978240882617
31150,0.013922532632464766
31151,0.0275679191402263
31152,0.04771555843771555
31153,0.03124670026057897
31154,0.014563235444067825
31155,0.3009256718255501
31156,0.0934723785459956
31157,0.07066725358816882
31158,0.14616754234132148
31159,0.03498147884363924
31160,0.03102399484775981
31161,0.06153518933373754
31162,0.016491790370344754
31163,0.011193695866727886
31164,0.04461976157788738
31165,0.018053976926976457
31166,0.05539624232455223
31167,0.06588522718774803
31168,0.04308584817078268
31169,0.2252156080683168
31170,0.1676001170980788
31171,0.028789238511904416
31172,0.113397742140182
31173,0.04360664018537874
31174,0.04824919535154457
31175,0.022932602982632423
31176,0.01676665140425011
31177,0.04048340235387995
31178,0.09814805250670282
31179,0.026613631419925843
31180,0.010336448293216637
31181,0.12080935508905166
31182,0.054354545507469126
31183,0.16910244283336873
31184,0.04827341837730782
31185,0.06848763032770598
31186,0.00879894255297752
31187,0.05859001105272238
31188,0.07439694588719159
31189,0.09463653934981786
31190,0.030478895003828853
31191,0.08016619867625518
31192,0.08662887731006602
31193,0.023364973085139847
31194,0.017073883946304214
31195,0.026136854235467123
31196,0.1297051745659099
31197,0.05597721687175941
31198,0.043724462030655276
31199,0.06987684033819286
31200,0.06132377195290563
31201,0.03518622624191459
31202,0.03669661163678331
31203,0.6385932350861351
31204,0.03416608668746074
31205,0.0697098129216555
31206,0.04486010008464297
31207,0.10773303929657257
31208,0.010441128803679468
31209,0.036924147871389715
31210,0.11732440965882877
31211,0.03797845705092109
31212,0.09208404615350925
31213,0.05383867103519058
31214,0.019375688419530693
31215,0.03739016100556346
31216,0.07379980612626517
31217,0.03278182686611787
31218,0.046655455459271
31219,0.2533306774898866
31220,0.055978053830655704
31221,0.24052004362731066
31222,0.043693721060413596
31223,0.08914735396196559
31224,0.025264877191609372
31225,0.01386565972503144
31226,0.15455448962832422
31227,0.01724567648446717
31228,0.03985883633598705
31229,0.08114485887626485
31230,0.07582770529544891
31231,0.02758664836490489
31232,0.0882146042645871
31233,0.08140653426968184
31234,0.045096986757763066
31235,0.023915621164233913
31236,0.09715593860572105
31237,0.15718015218436288
31238,0.026084872699372028
31239,0.05309190106096378
31240,0.04006723422023846
31241,0.19822509329100335
31242,0.012017087164158792
31243,0.015053806059420761
31244,0.03561955995317001
31245,0.19897649399912293
31246,0.039090193443594365
31247,0.04001910679521186
31248,0.03731873012709373
31249,0.13270929661120734
31250,0.03305012835816773
31251,0.09357441479695014
31252,0.11035375317914578
31253,0.03458632577441014
31254,0.06230341095283535
31255,0.04635450720090541
31256,0.03741314006682211
31257,0.0681054067135658
31258,0.11577532876590738
31259,0.1479213939698829
31260,0.028566498781748086
31261,0.05912611570316581
31262,0.03525207636386697
31263,0.019583842937274533
31264,0.055859920889422085
31265,0.009446876934558129
31266,0.15695947843755362
31267,0.0686604503242743
31268,0.12202066464750881
31269,0.06838890705153591
31270,0.09411529250950039
31271,0.07264887660203825
31272,0.05562055178132779
31273,0.03935972713516089
31274,0.0341796795683208
31275,0.08401594308206672
31276,0.12694449258969429
31277,0.11475153363323369
31278,0.09944308219659177
31279,0.06369573385463662
31280,0.07495077246523067
31281,0.13342345653908694
31282,0.07112570628263387
31283,0.009851322535505344
31284,0.02074753559990952
31285,0.047337708146892817
31286,0.07784459564536586
31287,0.03270253643748294
31288,0.019235295366928574
31289,0.023281411698673732
31290,0.2043400225220352
31291,0.03006730943136829
31292,0.12607150171121018
31293,0.03544242534923384
31294,0.01190698519762078
31295,0.07438568315686638
31296,0.05775088076380197
31297,0.017129457002078137
31298,0.021953377182687715
31299,0.11523779646495286
31300,0.018191652636703366
31301,0.03923736011774852
31302,0.038884163496636065
31303,0.17455163383405106
31304,0.038593657330977964
31305,0.017508934896494237
31306,0.1784779401733085
31307,0.0240853808081743
31308,0.4441864795019559
31309,0.032926832170418176
31310,0.10366451051866886
31311,0.05364903954643863
31312,0.0597306936292586
31313,0.012408892180038409
31314,0.11241932241841127
31315,0.05848140437791388
31316,0.12195526145530462
31317,0.01789591854569084
31318,0.027356134475812238
31319,0.031986190483742176
31320,0.016869255075534103
31321,0.03379592181492315
31322,0.046784337841037346
31323,0.13340324959874422
31324,0.23823409526935005
31325,0.13519101325629965
31326,0.007680942906400611
31327,0.03206553509185561
31328,0.02883578415251736
31329,0.01798024905993953
31330,0.02814691044935992
31331,0.02638155250053498
31332,0.13342436323888773
31333,0.04505760208943395
31334,0.042200496957800156
31335,0.0583434344470701
31336,0.04059207906649632
31337,0.021106999555679358
31338,0.07395879962766112
31339,0.22228313956787568
31340,0.14932411569036821
31341,0.17612946585274275
31342,0.15818511050053088
31343,0.01961317413947297
31344,0.03246129566565374
31345,0.02439805985774919
31346,0.04336823707446788
31347,0.058489933988115396
31348,0.042471587272253
31349,0.07033799933357472
31350,0.07557271333520633
31351,0.08291022404549055
31352,0.033198071014994536
31353,0.03490350936447162
31354,0.061702463742253064
31355,0.017110967874273006
31356,0.06097655812912975
31357,0.05445685081745833
31358,0.015684353928674823
31359,0.047559238989379374
31360,0.03215653992067792
31361,0.09951547728551724
31362,0.05664242618496483
31363,0.07743029870392494
31364,0.06894479124005509
31365,0.03645898243102033
31366,0.05959822712789325
31367,0.05221373228947207
31368,0.05786099770760943
31369,0.1501415005966241
31370,0.07204082827837405
31371,0.039074797762373874
31372,0.21495721859159964
31373,0.008789646066132329
31374,0.1845480266557324
31375,0.02503355873256379
31376,0.04115867252865056
31377,0.015992724439074565
31378,0.03538062651770413
31379,0.039011647364560226
31380,0.016826394574035418
31381,0.034280692271832613
31382,0.1238436309451331
31383,0.07020829049900539
31384,0.07107519421894934
31385,0.010334110623564334
31386,0.02315396648094913
31387,0.035651714964000596
31388,0.05608148111992746
31389,0.06385675970434543
31390,0.23548741490727831
31391,0.025680080702645065
31392,0.026853308169287805
31393,0.06462500958715042
31394,0.03081012959532775
31395,0.02748706147581124
31396,0.3354650085039515
31397,0.025792057996663863
31398,0.05939931963862097
31399,0.04658784978444825
31400,0.0363153159179125
31401,0.05618968205294966
31402,0.17031743022933665
31403,0.16909598090985126
31404,0.031317909095211684
31405,0.026549541828493967
31406,0.012596087008256734
31407,0.06814428928896046
31408,0.02811170476832078
31409,0.08979183097691483
31410,0.026056466087752528
31411,0.32593569902840436
31412,0.05283621517270698
31413,0.011159411621761938
31414,0.06755095095881286
31415,0.08740639692538221
31416,0.19477107783047004
31417,0.038296504893458226
31418,0.04615600070340983
31419,0.07740570304805085
31420,0.07596642800279528
31421,0.02837365038607799
31422,0.3383423906680453
31423,0.010856105283520533
31424,0.0715578026316799
31425,0.03275824090149176
31426,0.06095078092945556
31427,0.018261550217096426
31428,0.12223133652969205
31429,0.04816809049822217
31430,0.014504162958279386
31431,0.1465022393174526
31432,0.0496531212649194
31433,0.06317305128385924
31434,0.041887250082631944
31435,0.08026202732713314
31436,0.03440699373715096
31437,0.022215047978326914
31438,0.022973405942370385
31439,0.08287059657567487
31440,0.029595771141329663
31441,0.06482056590803761
31442,0.1382651996235279
31443,0.022206594163178186
31444,0.08227637536236967
31445,0.06941867324023844
31446,0.1043022594281604
31447,0.12523774674168653
31448,0.031562287725268014
31449,0.09953490122406217
31450,0.06177765296732355
31451,0.13963438252785923
31452,0.019809678121743973
31453,0.23078078532709384
31454,0.12447462018418548
31455,0.10975157180240017
31456,0.028227134685321526
31457,0.03561935292366877
31458,0.30696123647908574
31459,0.04464817351071228
31460,0.046229604159701926
31461,0.09178869557398017
31462,0.14377352987186892
31463,0.046613195463267046
31464,0.07536083562281269
31465,0.04610473545926641
31466,0.13599501148655943
31467,0.044906199605119886
31468,0.009583029186909483
31469,0.03610970608682596
31470,0.013594716555953904
31471,0.08054714913308218
31472,0.03142676027812457
31473,0.06714615534728549
31474,0.03591085988583634
31475,0.04050325616986432
31476,0.08340484484007146
31477,0.018853939316555168
31478,0.014116558315761831
31479,0.10000961868855866
31480,0.015452444940823639
31481,0.056183444091739414
31482,0.020658997432566474
31483,0.09212231165331747
31484,0.0444370100096136
31485,0.18704510009361242
31486,0.06265125014112573
31487,0.1772351549414448
31488,0.022961377041638448
31489,0.05973118160837332
31490,0.04501477715225902
31491,0.07767766133587842
31492,0.025397954636666366
31493,0.038739907178449856
31494,0.06875441858694228
31495,0.036396717938980666
31496,0.086870119225303
31497,0.05906398767789239
31498,0.04993064940745987
31499,0.2949165754798013
31500,0.10650855851242044
31501,0.35878856139039494
31502,0.055407311497878434
31503,0.07886132106192906
31504,0.5032596811552035
31505,0.0644907841155064
31506,0.18237573063749452
31507,0.03497418208454674
31508,0.08033940676457707
31509,0.058001663061371174
31510,0.06792791061634908
31511,0.022550616444395374
31512,0.137860999607589
31513,0.0771091842014989
31514,0.02841865873613543
31515,0.014974261821162706
31516,0.01900872895551884
31517,0.06994958937293833
31518,0.10035939115465209
31519,0.06027218871390114
31520,0.09408099282160355
31521,0.08629629387184015
31522,0.11188562315277238
31523,0.016673708909734818
31524,0.07680482856532617
31525,0.02991806548571994
31526,0.19567600972766372
31527,0.045219368958785255
31528,0.11266241825916051
31529,0.05279139328610951
31530,0.04482905019662704
31531,0.13589919571618164
31532,0.019478089838386184
31533,0.02744280054938982
31534,0.06443724967420025
31535,0.08510411035156469
31536,0.05589228157898396
31537,0.025260698208856985
31538,0.2292847411048142
31539,0.027754291000507407
31540,0.06620358623722339
31541,0.188565899377845
31542,0.04927453920632166
31543,0.05069754385900022
31544,0.048553575208850785
31545,0.03176605724208211
31546,0.0747846774533191
31547,0.011693474954272485
31548,0.06520861885540499
31549,0.023287221648602547
31550,0.0672088711992658
31551,0.7097624191119853
31552,0.040967088092581094
31553,0.06288011985129031
31554,0.04335618894067824
31555,0.008183717603706052
31556,0.010750017741490274
31557,0.042250078042116564
31558,0.019662850088190166
31559,0.03944089568075277
31560,0.010614769743779324
31561,0.03229468808656251
31562,0.07508263218444546
31563,0.02513839622808835
31564,0.02094050648882584
31565,0.05982822011161358
31566,0.11304277002778074
31567,0.03987291882128924
31568,0.023376782093655686
31569,0.07112229223890221
31570,0.04517025472798332
31571,0.013139831340841662
31572,0.018463084215973095
31573,0.13660784196287
31574,0.2511095933345132
31575,0.18655595023034385
31576,0.015396756726644107
31577,0.09016818261806159
31578,0.06253215727215652
31579,0.03024391806361222
31580,0.09309460664416257
31581,0.1070930794427976
31582,0.03123297844713454
31583,0.039008280224845364
31584,0.1424868437423531
31585,0.07871903429414602
31586,0.020860621923622112
31587,0.025655636285487338
31588,0.025802268302718687
31589,0.07699206349206068
31590,0.03094100428851261
31591,0.04829314954868162
31592,0.3437743405781316
31593,0.01798543196064665
31594,0.01796372386297688
31595,0.023574534669281416
31596,0.05948047714386849
31597,0.014111114722993428
31598,0.04092898705631271
31599,0.031655432067828594
31600,0.0439188631449754
31601,0.04464603002896349
31602,0.050616549191639326
31603,0.036432160550120524
31604,0.013519151037110674
31605,0.02232354504676533
31606,0.04286777207885657
31607,0.04687734534692173
31608,0.07602443103526668
31609,0.08918567274468805
31610,0.09750634535549049
31611,0.051853507211767916
31612,0.036149958947901774
31613,0.151283675641529
31614,0.011495985777892476
31615,0.08623235214510103
31616,0.09439305324387612
31617,0.0387839384070261
31618,0.06690082811550807
31619,0.12156037427140384
31620,0.03119350250188124
31621,0.06491657689123109
31622,0.05797097871565972
31623,0.043859394633408946
31624,0.027553829182162305
31625,0.014973499101004204
31626,0.03616390929494849
31627,0.04308459911956486
31628,0.1087286748624277
31629,0.06368431859043368
31630,0.028039916606494818
31631,0.1782820402817843
31632,0.015778597550275383
31633,0.0432931991169869
31634,0.029716504630267787
31635,0.021480446346072535
31636,0.03226054804030755
31637,0.02169692652918634
31638,0.019853203961424117
31639,0.02593776578235254
31640,0.04430477222126541
31641,0.01426129357842406
31642,0.07747672128525775
31643,0.01883243723260277
31644,0.025500976702394165
31645,0.10312189275479963
31646,0.030981724631831922
31647,0.0329184620232826
31648,0.013348985987981777
31649,0.05125685586814285
31650,0.01440248200763418
31651,0.014394752472677267
31652,0.014425394011785003
31653,0.015287258832300553
31654,0.06826873944747001
31655,0.05997287444449814
31656,0.11093149400248194
31657,0.05241257824805527
31658,0.18347628170735258
31659,0.06096468311829722
31660,0.06512126533610318
31661,0.04577773202619861
31662,0.01456030194502381
31663,0.23290785870514563
31664,0.2896227738553666
31665,0.016117607265099344
31666,0.0337623849949812
31667,0.018552121558600223
31668,0.034128192980657245
31669,0.009675524578001056
31670,0.029198108912897872
31671,0.025276374543055972
31672,0.017873382556769606
31673,0.02261432657921545
31674,0.01846792082827532
31675,0.031537390602372886
31676,0.0723079676061543
31677,0.05280480329829795
31678,0.03243059023546002
31679,0.03902313939450203
31680,0.041189357813095545
31681,0.0356515156090856
31682,0.020105151299245987
31683,0.043727476116216316
31684,0.02033888310883744
31685,0.2568734569748556
31686,0.19953271554452645
31687,0.01649425963814858
31688,0.18484986400235548
31689,0.052169497575335386
31690,0.04563585908156428
31691,0.012445485613186393
31692,0.01738041889315497
31693,0.08102286702867331
31694,0.13645741519301807
31695,0.10979243345025277
31696,0.10528523961098522
31697,0.06482408346935593
31698,0.12087418743026224
31699,0.020005725752842048
31700,0.2051076954814285
31701,0.019566245760162533
31702,0.02507390883775877
31703,0.0637662620615795
31704,0.03789084437941502
31705,0.045618343568064754
31706,0.056308542620538055
31707,0.1251056142563306
31708,0.01639073667795765
31709,0.027593862460345106
31710,0.034616545516492875
31711,0.015241634701688805
31712,0.05737843993388303
31713,0.03876063620254701
31714,0.027668866500967504
31715,0.054590677475012186
31716,0.01392608606636049
31717,0.043114667721655495
31718,0.04436396578502643
31719,0.04952987187237228
31720,0.034473409022016226
31721,0.05333554134803166
31722,0.1298600658592254
31723,0.02581703929931952
31724,0.04512388327110994
31725,0.15932619991809754
31726,0.019492441939276413
31727,0.05554544728272673
31728,0.15992486145298512
31729,0.12049063724769936
31730,0.08063126380108693
31731,0.08340916301778886
31732,0.017829051972444478
31733,0.03435193043107559
31734,0.0602273501235072
31735,0.02265004911732836
31736,0.06079178635998238
31737,0.0630151398732472
31738,0.022184962409141244
31739,0.020149460913582672
31740,0.1039300272490116
31741,0.02645199848339834
31742,0.07565592732178054
31743,0.03543246033825434
31744,0.10049423328058003
31745,0.018966283239071017
31746,0.01597707351039317
31747,0.014594472820474044
31748,0.04258308563252783
31749,0.04999615099376911
31750,0.0163438910720896
31751,0.045154522025083216
31752,0.024656775665109088
31753,0.01285924264955087
31754,0.051600164576511655
31755,0.04876330011591136
31756,0.032427341576500734
31757,0.01705278546886236
31758,0.05043220234126242
31759,0.027922947956197527
31760,0.3249322726689726
31761,0.01871320087836694
31762,0.05257480702253528
31763,0.12672457083524621
31764,0.07605130464041701
31765,0.031382386394912434
31766,0.05532079954641156
31767,0.10471759761001569
31768,0.11654325202322047
31769,0.08760384035185996
31770,0.07018030228121991
31771,0.3390274566019329
31772,0.05195300258711947
31773,0.07325999511327567
31774,0.12033144594285598
31775,0.09570177450170443
31776,0.030143948142430783
31777,0.03996360511534619
31778,0.2388642708907496
31779,0.034942539776024725
31780,0.02286637500456176
31781,0.011100979932413836
31782,0.07028818586416274
31783,0.0527752573727278
31784,0.04085864010282508
31785,0.008930658420176159
31786,0.021240621530631356
31787,0.05300078570884782
31788,0.04009488952881221
31789,0.03245833855126499
31790,0.037834970002157464
31791,0.02090900972510337
31792,0.14370786656175266
31793,0.10275294082571715
31794,0.07675805721141381
31795,0.20229021080699244
31796,0.060195449245442935
31797,0.026705508976257696
31798,0.02259573917609017
31799,0.03933851947490183
31800,0.047120208878122086
31801,0.04550807295654
31802,0.012810310259940984
31803,0.032568723279624165
31804,0.023907776072239297
31805,0.02856605154620166
31806,0.08766670069180879
31807,0.05762470439709071
31808,0.012774086544522006
31809,0.18817464158105965
31810,0.21174211052716677
31811,0.026833224136168624
31812,0.06366377204464577
31813,0.1196698840096265
31814,0.018296840639013653
31815,0.02305513285642335
31816,0.028782110963599908
31817,0.14882777833808036
31818,0.07086267760644081
31819,0.014016482666018003
31820,0.2829233759783455
31821,0.33298813708370023
31822,0.09194623989938916
31823,0.0432346022154733
31824,0.05458653976564553
31825,0.02985391224897046
31826,0.06021511720657782
31827,0.017794299506406815
31828,0.14335081602765595
31829,0.07151399140541954
31830,0.011601395474640827
31831,0.0736570660707436
31832,0.025548786892841166
31833,0.14167522862414939
31834,0.11001539675157282
31835,0.1033541222192234
31836,0.058996567801767444
31837,0.11571939825791397
31838,0.059961987200276845
31839,0.17326529155237735
31840,0.06158017554882899
31841,0.05473191066258292
31842,0.03999733442347093
31843,0.03190347011316439
31844,0.04287121991723064
31845,0.011683369747643422
31846,0.07767457607260689
31847,0.06528111354727781
31848,0.10534866507747828
31849,0.02663561720970669
31850,0.017078877381521987
31851,0.02242505823001243
31852,0.05028783640421695
31853,0.15606431923689248
31854,0.3630941690431294
31855,0.007340048416437943
31856,0.04116873765810628
31857,0.17497926112578482
31858,0.0655170698609008
31859,0.02695381455372012
31860,0.01383542612967792
31861,0.023928683525814957
31862,0.0831363576952755
31863,0.06418842179461053
31864,0.0359338710248614
31865,0.3578904693324464
31866,0.013376946907838687
31867,0.06904720607871075
31868,0.030100361811962576
31869,0.017631116571812187
31870,0.04372750720872019
31871,0.04509904145822276
31872,0.042762933241462235
31873,0.011120557452822023
31874,0.04942697423456609
31875,0.052099096809666595
31876,0.011615455828992718
31877,0.09726214736994829
31878,0.045136225540156893
31879,0.03684336770798549
31880,0.035653146510399455
31881,0.032470447547380654
31882,0.022672848226309553
31883,0.03799791078791328
31884,0.14931120464466824
31885,0.05916932787785041
31886,0.015539432965148033
31887,0.07453254564147196
31888,0.012282705002000356
31889,0.021076552527574205
31890,0.011862584256680724
31891,0.033890191108453455
31892,0.10927565485962493
31893,0.04593274645722782
31894,0.044539959646306464
31895,0.01221776202443653
31896,0.1646125746507048
31897,0.054757606906529546
31898,0.03172127317435198
31899,0.07619067222037978
31900,0.012954720098715296
31901,0.053193666748496855
31902,0.050778285010829594
31903,0.0649304585388208
31904,0.05502467264662338
31905,0.019859042738771652
31906,0.07853378636219857
31907,0.019825417295592618
31908,0.07337176109154185
31909,0.03386579528669517
31910,0.06502623770708008
31911,0.0948242751070172
31912,0.017800304153564678
31913,0.09574894527965924
31914,0.03161581527011104
31915,0.04008529290541738
31916,0.15366615807416098
31917,0.052124411760626335
31918,0.054718943069467854
31919,0.19876530698338982
31920,0.029995895160335594
31921,0.012702887771222582
31922,0.163753696753273
31923,0.11593721337370319
31924,0.061210321429752995
31925,0.076939514907313
31926,0.037543230485399
31927,0.05002924244900013
31928,0.052277557403352284
31929,0.028078615826627476
31930,0.04410347979775417
31931,0.049916396519188014
31932,0.05083455548898185
31933,0.014518841251269942
31934,0.015102309555779918
31935,0.017254554995634913
31936,0.01713011896197783
31937,0.05874800922865414
31938,0.020105793603996197
31939,0.02517306235951207
31940,0.03912092839397097
31941,0.4458660598098564
31942,0.05414780085259843
31943,0.24978882748906123
31944,0.10940872525567444
31945,0.03434326608911016
31946,0.06190694294326606
31947,0.05133581322550251
31948,0.02721956159199668
31949,0.013531368083866327
31950,0.03669866278524729
31951,0.09839021962506826
31952,0.13143030137206577
31953,0.3301015789975774
31954,0.04149850152890895
31955,0.04412485509718268
31956,0.035681184865040114
31957,0.12595207815350667
31958,0.2522403989020977
31959,0.06248300664642056
31960,0.07503021275856442
31961,0.05724862000877054
31962,0.12327448877053022
31963,0.06742416477931615
31964,0.01933331657220665
31965,0.3036045129663835
31966,0.0493408163490836
31967,0.017325828295338675
31968,0.022503264556250867
31969,0.05605685667603143
31970,0.01972662717763386
31971,0.055845286707530965
31972,0.039941527328307025
31973,0.03741474603288489
31974,0.012539697248040937
31975,0.10204329274397189
31976,0.036861013256304344
31977,0.14473563409760606
31978,0.05072216279142235
31979,0.12138646872298918
31980,0.08450041074184418
31981,0.013105656433594183
31982,0.03884966867829115
31983,0.08757563511698507
31984,0.012864345326229916
31985,0.14803386009541
31986,0.02692757747770719
31987,0.03219817521845459
31988,0.09265739296501344
31989,0.15153110568840755
31990,0.014325995197462301
31991,0.06408892777383392
31992,0.018464627994326414
31993,0.04777591628721817
31994,0.01849557258825983
31995,0.02993357019187136
31996,0.11742886914834447
31997,0.1391569915839707
31998,0.023854272801935146
31999,0.02825898923095877
32000,0.04549455847417408
32001,0.011648585558770214
32002,0.083946518213339
32003,0.17276701573353379
32004,0.13123475176282023
32005,0.07104386912453672
32006,0.029239077373811297
32007,0.026941790134235154
32008,0.07028372020360361
32009,0.01479817139682725
32010,0.027996617566581103
32011,0.02371550353018414
32012,0.018058435180661667
32013,0.028997827809182128
32014,0.03089021594222335
32015,0.053834628664878835
32016,0.04511526604988191
32017,0.01958174870690073
32018,0.09091338009882294
32019,0.13003923609838366
32020,0.05371371824422003
32021,0.0134166846338781
32022,0.028254940406174406
32023,0.04933773614594401
32024,0.07442800178970205
32025,0.29624305896189373
32026,0.047516133492873744
32027,0.16390878361120345
32028,0.016295877364202776
32029,0.1923870837656086
32030,0.20410208341425937
32031,0.16797180857955774
32032,0.04324169200033086
32033,0.020191668207481257
32034,0.040929469730083434
32035,0.0844369307127624
32036,0.3857451230324414
32037,0.235172252663885
32038,0.0110491840995457
32039,0.020537899298712713
32040,0.12173307473151487
32041,0.034064290229093144
32042,0.11040012074475214
32043,0.024956973757372252
32044,0.034235732911603534
32045,0.06430058343938419
32046,0.13309253970070928
32047,0.03118189667124617
32048,0.07103986836552162
32049,0.030941893212209307
32050,0.008925114847649452
32051,0.019354928418551087
32052,0.09724909017160824
32053,0.1086161990129714
32054,0.02146891110868008
32055,0.039165685135587776
32056,0.016825453684760076
32057,0.405027935662907
32058,0.009266257520601827
32059,0.07612257279867941
32060,0.12793319734264957
32061,0.043515880407220174
32062,0.05345439593796481
32063,0.04764633710122011
32064,0.037266479279515936
32065,0.053279704878044384
32066,0.02860993808396858
32067,0.026036303069151837
32068,0.02656744781061297
32069,0.024624590194388132
32070,0.02976974050175853
32071,0.040618537055214246
32072,0.01904342529829208
32073,0.037193935893056126
32074,0.023908370791973665
32075,0.1495720876469087
32076,0.01586198982388356
32077,0.040200526399110446
32078,0.010309538737427003
32079,0.026261098105826414
32080,0.017592152512854745
32081,0.020201420285236773
32082,0.057451254034457236
32083,0.015669369407818646
32084,0.04280354529967763
32085,0.04677791080574738
32086,0.06030332638888615
32087,0.020164309560135985
32088,0.025185944759385244
32089,0.09667478805050389
32090,0.13955873913560746
32091,0.03308339197505429
32092,0.1016059522804253
32093,0.031772986590197706
32094,0.04734280093387746
32095,0.04128211088506096
32096,0.035152647420492386
32097,0.048713887515970875
32098,0.011553923301186972
32099,0.050339376140224566
32100,0.05380703557227351
32101,0.05104907956729089
32102,0.17019049058143676
32103,0.015459071332192618
32104,0.015148177852655972
32105,0.024943593280771816
32106,0.0341761818461594
32107,0.04888994409250713
32108,0.021173967240533356
32109,0.0291209563619974
32110,0.014732941149917477
32111,0.02417088491417138
32112,0.06222052248565792
32113,0.04336732709701114
32114,0.2514726284971141
32115,0.07559934458043818
32116,0.061207639505682004
32117,0.05772402457129661
32118,0.015259170781223567
32119,0.09261202517433215
32120,0.02536666499557509
32121,0.03783531549777031
32122,0.036021065036198424
32123,0.15661859552727653
32124,0.04210494330572952
32125,0.02061391310417283
32126,0.10032644054285815
32127,0.03222157545070606
32128,0.06531318460554103
32129,0.045312336231072246
32130,0.03331749144833458
32131,0.02554179856308651
32132,0.07808958539839927
32133,0.039675570355726414
32134,0.09880574027941771
32135,0.11797183236004165
32136,0.037272088099714065
32137,0.04968657215534473
32138,0.09014263732926552
32139,0.0876012174190109
32140,0.029880199615074467
32141,0.04972796755091834
32142,0.027411733533115015
32143,0.028620410082313738
32144,0.027531737385454797
32145,0.10775582612659274
32146,0.187686004671435
32147,0.03637202363236254
32148,0.012107658114374788
32149,0.22078275511280215
32150,0.055738233396574174
32151,0.01897375516085451
32152,0.04075796906408148
32153,0.0632897924486241
32154,0.11838581478347869
32155,0.08399083803277124
32156,0.06727811863139688
32157,0.012228490100138798
32158,0.16852599671025453
32159,0.04254834562532507
32160,0.13022987113914775
32161,0.05064858998558401
32162,0.01370813997985383
32163,0.06333035346536946
32164,0.05351037910853675
32165,0.13890769686891344
32166,0.11237723025117898
32167,0.04923437852428706
32168,0.017341106629266727
32169,0.03176349429720782
32170,0.09771663948198392
32171,0.1096949799487857
32172,0.0525993149558312
32173,0.1048224631300271
32174,0.08981360756455689
32175,0.07320698617837959
32176,0.01912473953062053
32177,0.046320778356637664
32178,0.10760294417080916
32179,0.02792864026415051
32180,0.02446212449264906
32181,0.15927609688446867
32182,0.05210711303122854
32183,0.06254761405749121
32184,0.0454724151785144
32185,0.04765545254335711
32186,0.10583263610745243
32187,0.06704822386907752
32188,0.016242251651453737
32189,0.138981881919941
32190,0.06291888482726987
32191,0.03645208649212348
32192,0.03955522859297717
32193,0.22735361652869168
32194,0.020635742922564326
32195,0.04188387059203804
32196,0.05580192812083058
32197,0.1295534473417637
32198,0.02858290257334152
32199,0.2181313315234789
32200,0.015394410693635084
32201,0.0674793658520367
32202,0.03238786769983267
32203,0.016558914080670867
32204,0.07130568395663714
32205,0.07469838408585007
32206,0.050991266023978965
32207,0.03311079907341681
32208,0.045130404712684744
32209,0.024781148589895816
32210,0.07446545746168659
32211,0.1477688628658667
32212,0.04254006352232767
32213,0.11124757216761341
32214,0.059430903960864534
32215,0.018871880106114368
32216,0.12462687516587252
32217,0.043668643532358005
32218,0.017949940468888658
32219,0.045147743378425774
32220,0.2670702157889526
32221,0.06392275838527489
32222,0.03021619400730621
32223,0.014805468695384722
32224,0.02991803374172
32225,0.01808702709657916
32226,0.10258513855206759
32227,0.02959160791979935
32228,0.15322017371529606
32229,0.048376590181246105
32230,0.1387670628645897
32231,0.06447731352144372
32232,0.030895007916574478
32233,0.02424481605800677
32234,0.018454681559233833
32235,0.036500362570305395
32236,0.052820700195734205
32237,0.07386901631686243
32238,0.07573542014111646
32239,0.01996905196928195
32240,0.12034444018775903
32241,0.059886005303314865
32242,0.02229986279457608
32243,0.030948214832198465
32244,0.045992509824571974
32245,0.12491639089646504
32246,0.018124435568470716
32247,0.048073582112686856
32248,0.05366589958165524
32249,0.18647885430030298
32250,0.1223928280832683
32251,0.029794114124513937
32252,0.03709962467482945
32253,0.01214806486422076
32254,0.0382983671473594
32255,0.028764865764720877
32256,0.07464783218980652
32257,0.18813624879141874
32258,0.028956673912786116
32259,0.030909306688333707
32260,0.01188599488036401
32261,0.08819655349096542
32262,0.036715477665105835
32263,0.0576130436969888
32264,0.03183356375149869
32265,0.011521396719368493
32266,0.05395060665652685
32267,0.07829083434444914
32268,0.10842228640560689
32269,0.057158283420413875
32270,0.032832915746673144
32271,0.14181290857850992
32272,0.10307525983183238
32273,0.06556512043127447
32274,0.06276569869148575
32275,0.04038182809458728
32276,0.06049048237235215
32277,0.010475130469412387
32278,0.0870471340806654
32279,0.013917451505746744
32280,0.08243174895524913
32281,0.04363666830461244
32282,0.02683053141772641
32283,0.05235196665169248
32284,0.029644044228118976
32285,0.016372393136906953
32286,0.032617099426219216
32287,0.047785503761561196
32288,0.009248019514330817
32289,0.03238579467268609
32290,0.13509568321726378
32291,0.04719238477820401
32292,0.027548333350022575
32293,0.050358422623067216
32294,0.03353083501545845
32295,0.01367481148992371
32296,0.13598948347726647
32297,0.11652111852587485
32298,0.023516864030021126
32299,0.023100332098000265
32300,0.034702465763463086
32301,0.01829107996163419
32302,0.05693598278113195
32303,0.09486436065159398
32304,0.010359449696616745
32305,0.03819382070120592
32306,0.06239255997507088
32307,0.03380972591398812
32308,0.08891967812177456
32309,0.07416825774551507
32310,0.7595596262738691
32311,0.013955400838523183
32312,0.1236431251252397
32313,0.022372967817390996
32314,0.0732845633328865
32315,0.014827054502586002
32316,0.02626763842873022
32317,0.017461036791742646
32318,0.2218382641693221
32319,0.09561162934553762
32320,0.05110738549250033
32321,0.05376112648800928
32322,0.16426393016085938
32323,0.05575290553371713
32324,0.019732171589155637
32325,0.05700006119993096
32326,0.020420808734278803
32327,0.018070754234663748
32328,0.20525792255106845
32329,0.05750512175259233
32330,0.01654580446374342
32331,0.1371065343317926
32332,0.05317767898320054
32333,0.039359594275967164
32334,0.020059145400154996
32335,0.06860425323831006
32336,0.02031018929170665
32337,0.034976783931898986
32338,0.0850186837245143
32339,0.026303888582046187
32340,0.025152761374223925
32341,0.021305148943457537
32342,0.014302200841990065
32343,0.09362666570408856
32344,0.03752035435797078
32345,0.04514700749202493
32346,0.0672212289927482
32347,0.3163417885441807
32348,0.07680318259984355
32349,0.3011856364579255
32350,0.22123774204999083
32351,0.13898550849586305
32352,0.2708751086843157
32353,0.3251124803188979
32354,0.16483067346632835
32355,0.044054083537599834
32356,0.11850204854372265
32357,0.021465980266452425
32358,0.019646764296991276
32359,0.056560805427814456
32360,0.17195740639909501
32361,0.027877603058332222
32362,0.05740606192648793
32363,0.013268961914328081
32364,0.01716176932019025
32365,0.0815508826224791
32366,0.04239109417606722
32367,0.01861621320964202
32368,0.12325870600357032
32369,0.12302983787816298
32370,0.05478558506585906
32371,0.035704489601199124
32372,0.09764266481796384
32373,0.034550792867800925
32374,0.019528816519975734
32375,0.07057557121353682
32376,0.016195489631098695
32377,0.02015592681786355
32378,0.18189000003990918
32379,0.03515969774202582
32380,0.06448237437386872
32381,0.019249235391027252
32382,0.03217075661504398
32383,0.045488500307941056
32384,0.023305186052696433
32385,0.02853621136848051
32386,0.011529120544688095
32387,0.05331854057285268
32388,0.10752467720894342
32389,0.03993673950976476
32390,0.042623395127691165
32391,0.022700771572534497
32392,0.022616434030865204
32393,0.06100812373662466
32394,0.0685714062831516
32395,0.055794031312564746
32396,0.15382392855392762
32397,0.036886281976571185
32398,0.2586117363983876
32399,0.034235574967736965
32400,0.22353149700253072
32401,0.02743111541162352
32402,0.00938658532142941
32403,0.057614024644377246
32404,0.024818790108096424
32405,0.04403058728532151
32406,0.11530723662036119
32407,0.21820338915206666
32408,0.02000868362777558
32409,0.09578419561670339
32410,0.039056280251584426
32411,0.11068218783768885
32412,0.05560452704426331
32413,0.351202774886379
32414,0.07676098024663808
32415,0.24985376655927785
32416,0.04031607067222117
32417,0.11298694752613113
32418,0.05790696900636501
32419,0.017616990457266654
32420,0.07773264949064793
32421,0.26703932883214365
32422,0.040132010204428636
32423,0.0331731783423611
32424,0.0866005135083369
32425,0.0641105685984009
32426,0.034109321515134156
32427,0.1244396833942139
32428,0.07401582166772666
32429,0.03559328409106758
32430,0.03949725473680837
32431,0.03712015351628789
32432,0.013974578790626262
32433,0.04020520821104574
32434,0.02602163909412603
32435,0.029330247661683326
32436,0.13015232520155123
32437,0.0704817863265392
32438,0.1447111987565063
32439,0.11945386869171983
32440,0.02055989137741917
32441,0.02742773907939218
32442,0.05784650606147272
32443,0.06294811233910727
32444,0.051704011392769644
32445,0.04012404341722806
32446,0.016490445745811138
32447,0.01402762180377787
32448,0.030174749561729868
32449,0.17811403442662857
32450,0.033689899602236756
32451,0.031225226795335913
32452,0.014755489915648113
32453,0.0477807371772161
32454,0.04268233022076433
32455,0.045475813413311444
32456,0.039972837736506645
32457,0.014768188466566462
32458,0.031178424807747185
32459,0.06787827733792384
32460,0.12344337967008809
32461,0.030394621332881074
32462,0.07046454660469559
32463,0.03706628656698629
32464,0.44058190594509566
32465,0.014846141102776753
32466,0.023447915087276106
32467,0.25661987912511663
32468,0.013339615726090312
32469,0.029023913495849322
32470,0.033411885429001906
32471,0.04401572413872574
32472,0.01935605009251969
32473,0.031694126106099806
32474,0.06161368147346605
32475,0.015050511588101004
32476,0.017195927243853965
32477,0.012265768036449482
32478,0.0956953848587738
32479,0.07403847129652472
32480,0.018080054190783314
32481,0.09831820626636913
32482,0.060591157027949885
32483,0.03274346398866391
32484,0.12995113681388504
32485,0.04370052586346569
32486,0.035924789159404655
32487,0.012939499205439492
32488,0.06080782848526933
32489,0.0749122214827102
32490,0.03786604948047531
32491,0.06903441379788974
32492,0.06053526051263837
32493,0.05570117012729344
32494,0.20179006645199724
32495,0.09279901351575097
32496,0.05586100760513996
32497,0.013633530521420183
32498,0.04657465503275538
32499,0.24475929119312845
32500,0.018641542784376176
32501,0.03248896490446998
32502,0.04677420457026636
32503,0.03006832445865017
32504,0.023046544089936366
32505,0.05217764781730888
32506,0.08673192575147798
32507,0.0305813811325861
32508,0.10379024778152166
32509,0.07904343195027377
32510,0.06625615698149838
32511,0.05310443098900237
32512,0.030130366378605916
32513,0.15153291795480184
32514,0.047843034354706326
32515,0.031684393964972024
32516,0.06528717568563763
32517,0.17118470665592617
32518,0.019293072626168844
32519,0.012405733330616613
32520,0.03197722067699517
32521,0.036678550865457314
32522,0.0670736133158337
32523,0.02947055832963675
32524,0.05365515153360208
32525,0.09536693579704186
32526,0.043752719503402954
32527,0.07720355938998429
32528,0.032575978107034984
32529,0.28929521916063766
32530,0.16151568912059258
32531,0.34386719133754295
32532,0.027521724713930176
32533,0.05355904958746181
32534,0.04691206297264966
32535,0.027513691159949435
32536,0.0660096654526131
32537,0.03485621465047784
32538,0.025462346957086622
32539,0.03912060371452436
32540,0.03392579434629881
32541,0.04254404037764466
32542,0.09904300491193936
32543,0.0121841259321593
32544,0.03249623207710891
32545,0.028774694073352036
32546,0.0513626212400166
32547,0.11006210596927132
32548,0.019048687021010095
32549,0.025116476541225587
32550,0.04677557950116128
32551,0.1123933994025256
32552,0.12326540018009298
32553,0.0496071234199859
32554,0.04996507256909045
32555,0.020596409145343792
32556,0.1348822274069133
32557,0.11785634787475185
32558,0.027969635369363942
32559,0.013782960086020375
32560,0.029022409081694664
32561,0.06299673475550659
32562,0.07068955801610735
32563,0.016227184037560727
32564,0.08712964254048428
32565,0.17419559168777932
32566,0.023994692562468386
32567,0.04620775248498642
32568,0.07505484853832378
32569,0.07364502791780617
32570,0.009973925054066283
32571,0.13054383272372277
32572,0.09680242537251166
32573,0.012573654717984698
32574,0.043069004477399614
32575,0.03172153163557677
32576,0.034129324746766346
32577,0.16654418506653876
32578,0.15605383986081448
32579,0.029902621376967732
32580,0.05660348260413106
32581,0.027577228690213083
32582,0.05045457705300839
32583,0.025517352602013807
32584,0.021447680478488423
32585,0.20919250059434194
32586,0.06944377775870963
32587,0.026581359112621612
32588,0.03386406189385183
32589,0.04810603301914419
32590,0.5428339029695334
32591,0.15895859159876738
32592,0.22920425039445003
32593,0.01676651374136262
32594,0.08022331343336651
32595,0.027231494193459313
32596,0.3179224409310279
32597,0.012589024149086131
32598,0.033942526702221525
32599,0.06265757637925477
32600,0.06519931962095929
32601,0.03645885577664511
32602,0.03349813421224031
32603,0.027758272991651192
32604,0.061658495674306306
32605,0.12061912891462859
32606,0.03242565566629773
32607,0.02178129841361027
32608,0.019172873490624763
32609,0.01387906193439511
32610,0.011690558929836206
32611,0.013165981081838224
32612,0.033988930502568515
32613,0.062402088330434174
32614,0.028436820716573885
32615,0.02788344345670718
32616,0.20645774102473455
32617,0.011718500940454367
32618,0.039951153120490385
32619,0.10145708155571109
32620,0.037094750601365675
32621,0.09766322289266234
32622,0.06319432847579452
32623,0.03965322939182088
32624,0.024659383217383233
32625,0.061986365270639276
32626,0.05339232360716989
32627,0.03084004276665483
32628,0.14775511731802884
32629,0.1263016687758607
32630,0.1084418669601756
32631,0.021102916339675974
32632,0.053471086715407734
32633,0.012988289540404149
32634,0.022385756571059817
32635,0.012793235650610552
32636,0.27638659423152656
32637,0.11051711009208064
32638,0.02605328937039718
32639,0.109540754952008
32640,0.09397289598789176
32641,0.17811848331415456
32642,0.01623278147492531
32643,0.160883949185641
32644,0.10705906862352144
32645,0.03101413075812849
32646,0.027645024309762872
32647,0.25741758291099104
32648,0.042119560215718777
32649,0.02320241651159719
32650,0.025205560410843687
32651,0.03531818817345323
32652,0.12329092514585002
32653,0.04955627673817468
32654,0.03613835314444957
32655,0.027883458622053575
32656,0.03023109095693905
32657,0.03738308379981444
32658,0.0200553879215527
32659,0.043436132726648924
32660,0.053254023539988676
32661,0.05504349625572497
32662,0.03624274554331597
32663,0.03674230189581031
32664,0.06038187108498265
32665,0.14220547198767017
32666,0.012369059752585256
32667,0.23166762848431038
32668,0.02749579118056574
32669,0.07336070761892327
32670,0.14168691869126193
32671,0.03260278939417061
32672,0.1502183534930177
32673,0.041932730694257
32674,0.12452058954175255
32675,0.012662466646880803
32676,0.039817915904001536
32677,0.030370591584945053
32678,0.035159600157335325
32679,0.048763755474610614
32680,0.07366979335453268
32681,0.09410695782896082
32682,0.06723145432660488
32683,0.03204879032894796
32684,0.04144979744934581
32685,0.04471790870574514
32686,0.1787423681643895
32687,0.025395637915586328
32688,0.020688250007979962
32689,0.09799994589303385
32690,0.1296097190167523
32691,0.012873193678169454
32692,0.09647042166531508
32693,0.03733479504278392
32694,0.36084585001631014
32695,0.0107022298381504
32696,0.08214097493872223
32697,0.027710925369870524
32698,0.03703858695227921
32699,0.04386647518957609
32700,0.07514668887397083
32701,0.045611726753643715
32702,0.013191054670793428
32703,0.038717238693869345
32704,0.0325096183673437
32705,0.04268933828256288
32706,0.04233461738539556
32707,0.051809705324885325
32708,0.024938056418196863
32709,0.01621492465376225
32710,0.044877458159860655
32711,0.11162076012669202
32712,0.08329673718338869
32713,0.02222736452828859
32714,0.043813887207826155
32715,0.043160228347572396
32716,0.010712529946927153
32717,0.03348942738450883
32718,0.06534593507463163
32719,0.1235691046430165
32720,0.0859784567527977
32721,0.06935332216727777
32722,0.06327077851634567
32723,0.05722691604327471
32724,0.038800466051876
32725,0.02275017318670234
32726,0.04550374852080462
32727,0.05421259775984287
32728,0.04772981053084273
32729,0.036493848899835944
32730,0.1033817733975359
32731,0.07279059805986626
32732,0.06103161737331221
32733,0.148400124210103
32734,0.10962482976659052
32735,0.05658715891021303
32736,0.09415415156019327
32737,0.04828069991985613
32738,0.022528406503371203
32739,0.023248422434194956
32740,0.0886304585052735
32741,0.04077092928583103
32742,0.025487084799157973
32743,0.07881039066439764
32744,0.07542528475058642
32745,0.18219000293340445
32746,0.13892141401117764
32747,0.0775667946597559
32748,0.08155515802903227
32749,0.04914654532288325
32750,0.07354014778544443
32751,0.013272871515872583
32752,0.2293069787717068
32753,0.06820016936267725
32754,0.11050013728877037
32755,0.0470180205378662
32756,0.006967699124353115
32757,0.023092487999605216
32758,0.11641435155001884
32759,0.01619988487690887
32760,0.09775992302190267
32761,0.031835818643646235
32762,0.02430838002760746
32763,0.08885142253246273
32764,0.04321807432735637
32765,0.01325949132751507
32766,0.03711272712154214
32767,0.015108562372602247
32768,0.014771806518785988
32769,0.13233941490841206
32770,0.043613837364919306
32771,0.04643498665906555
32772,0.03272524152091429
32773,0.029273279528841924
32774,0.08176392222363538
32775,0.19955676267635608
32776,0.011123226499965663
32777,0.02641368188152951
32778,0.012127262572917925
32779,0.04179586867827635
32780,0.14395179085580373
32781,0.025858753884003875
32782,0.017083799844988867
32783,0.1727695097096425
32784,0.10470922822522487
32785,0.1025847528422665
32786,0.030994472932035205
32787,0.026943536798207574
32788,0.02970160768800433
32789,0.0668129547276434
32790,0.019709095563288603
32791,0.08431887141709447
32792,0.038108614409270394
32793,0.05683350857850151
32794,0.008330660756370704
32795,0.05582319776264154
32796,0.05958687050099923
32797,0.017971231712557184
32798,0.026539311683973124
32799,0.0790052401126829
32800,0.02921732562027704
32801,0.03664890186455482
32802,0.01143286067622246
32803,0.022250755048471793
32804,0.05058030890312474
32805,0.009143928947027376
32806,0.015429670352443742
32807,0.025324066928478765
32808,0.04766656170673662
32809,0.05310586549815834
32810,0.05333066999317307
32811,0.009718367557962277
32812,0.11682962728873972
32813,0.056884517491203906
32814,0.032252875370409814
32815,0.11383830993164976
32816,0.03502753813696203
32817,0.14923084062351524
32818,0.035661662201921435
32819,0.023296924784710685
32820,0.060474646378957685
32821,0.06286437309600262
32822,0.08289931036627103
32823,0.08291209996531626
32824,0.0452389246037858
32825,0.02591354658128467
32826,0.03481252174432926
32827,0.03752355137263409
32828,0.03551244119945891
32829,0.014891980127556055
32830,0.024625216368807504
32831,0.012096567980006911
32832,0.021328840701699076
32833,0.03283750817496748
32834,0.31386044584033895
32835,0.061572489503860926
32836,0.025951919890001056
32837,0.038480155509216296
32838,0.16560185487955315
32839,0.04043695420391206
32840,0.03088808761355052
32841,0.07380182184006008
32842,0.06654151166320008
32843,0.1081800465227476
32844,0.014111193977296526
32845,0.029880600639317367
32846,0.012140813137973496
32847,0.029559028092820825
32848,0.02636465232251531
32849,0.07562869666770315
32850,0.22519304668528328
32851,0.07804782814523492
32852,0.06183673974806293
32853,0.009460711416082169
32854,0.07896055345563435
32855,0.0538736693659668
32856,0.1539114747900192
32857,0.030178706158935413
32858,0.07997139754091237
32859,0.06473818678118981
32860,0.057504860963560396
32861,0.13602284706163623
32862,0.08709696560827487
32863,0.029746101528120517
32864,0.13241207223037202
32865,0.09664386482481198
32866,0.02644240050395415
32867,0.02655118896629365
32868,0.011729109589074062
32869,0.2884592574667009
32870,0.016405743970604156
32871,0.04036129879496053
32872,0.0616697928055069
32873,0.0336556214039301
32874,0.13038343251354173
32875,0.04039482567486499
32876,0.07450971338045637
32877,0.026886599530920884
32878,0.12013197535191458
32879,0.022096242168858506
32880,0.027443017117835443
32881,0.04235614523427817
32882,0.12646988291916414
32883,0.3721874635238445
32884,0.017016586280125597
32885,0.022548196050259706
32886,0.04047792698334693
32887,0.10448107401855734
32888,0.047235524007159954
32889,0.022367410119609025
32890,0.022949753769057314
32891,0.03610347181456943
32892,0.011928694698260254
32893,0.014689571524156122
32894,0.09901853324881224
32895,0.04700857645000485
32896,0.09971514984229735
32897,0.06371603667235048
32898,0.019003302472282768
32899,0.04087916767025271
32900,0.10355528240650934
32901,0.024038984321990788
32902,0.06694736407169632
32903,0.07149618850888188
32904,0.10829706516371071
32905,0.02848246099954851
32906,0.021897715059318097
32907,0.028500735800786426
32908,0.02980880212538156
32909,0.03680463620456603
32910,0.06965185790439755
32911,0.02122625879359887
32912,0.04176075664281906
32913,0.06622523438470462
32914,0.09477474862007768
32915,0.010614615567394988
32916,0.03217630250626585
32917,0.06092948137879528
32918,0.029176182376310374
32919,0.023866270107277272
32920,0.08266203900558161
32921,0.016403206224181552
32922,0.11004388939707738
32923,0.09112740463597449
32924,0.03002295614745895
32925,0.09321559678399502
32926,0.1360525122224036
32927,0.06654574935345986
32928,0.06423262197691167
32929,0.018401541393652732
32930,0.08421451959621218
32931,0.21043357030721196
32932,0.10422012673631292
32933,0.057786475754668803
32934,0.04185756103349356
32935,0.1299841437628481
32936,0.03647792162874766
32937,0.039245087155503094
32938,0.04654233002829288
32939,0.07005548353231247
32940,0.01716330582817189
32941,0.13964864969534418
32942,0.05601434461580885
32943,0.07259825247504764
32944,0.025782845965868714
32945,0.14515103866913556
32946,0.15499718279670227
32947,0.17332988407035854
32948,0.03457685189065944
32949,0.13072069720199436
32950,0.019212095777382764
32951,0.10360162196325254
32952,0.027282457417104822
32953,0.06594828785144509
32954,0.10659909342552246
32955,0.12801993976644385
32956,0.03374750853092268
32957,0.04902073311581671
32958,0.02406691110873432
32959,0.099125022193683
32960,0.02171839019586228
32961,0.22746222594693755
32962,0.03520939760434312
32963,0.03486382013080037
32964,0.10049764100741884
32965,0.05475455758662015
32966,0.022563247233349498
32967,0.11609916669299009
32968,0.09009651205717432
32969,0.03100673320368317
32970,0.12262867298144355
32971,0.01414187419769575
32972,0.0274631554297837
32973,0.12803006656774435
32974,0.03453425999864277
32975,0.015021281622088552
32976,0.03781331865232278
32977,0.04649592864297308
32978,0.02083719241479911
32979,0.09257808926660868
32980,0.05946111702010323
32981,0.018589057400971033
32982,0.33658515771673586
32983,0.04534927001306394
32984,0.1483119962679941
32985,0.07257946834414777
32986,0.06867820731603237
32987,0.024814456593271736
32988,0.034723245731044065
32989,0.020083014359444012
32990,0.019627879766269684
32991,0.10226382125205533
32992,0.04338288884862482
32993,0.047208070761916736
32994,0.037608313638284346
32995,0.022488606243891207
32996,0.016968371873774948
32997,0.013132737659969506
32998,0.025352501573883614
32999,0.17944510852670859
33000,0.23077719199300223
33001,0.019442506251762737
33002,0.03450304415958811
33003,0.011400092770083343
33004,0.13283899783943082
33005,0.020182853544150486
33006,0.0435824376998586
33007,0.10316914412091407
33008,0.05469689374843102
33009,0.015451950813013118
33010,0.03251870369168539
33011,0.08785803038007775
33012,0.05687338985507717
33013,0.022108554445967408
33014,0.016679801404870864
33015,0.09405996452936766
33016,0.09285288391340937
33017,0.036702397917942116
33018,0.19380932842767154
33019,0.013238753656353658
33020,0.05824673027788138
33021,0.142914431336851
33022,0.059333052830223235
33023,0.040400962728011
33024,0.03361645688025522
33025,0.02848422038775361
33026,0.08156024075619353
33027,0.023139588493504747
33028,0.045547309736606846
33029,0.0384403713738561
33030,0.028736917562012246
33031,0.029667440552919755
33032,0.052627660459794647
33033,0.023630476969749015
33034,0.1324221851447367
33035,0.022234964702628333
33036,0.03858955993363812
33037,0.027431362181228446
33038,0.061001650740475415
33039,0.056910346575644456
33040,0.012026936640792713
33041,0.02230326648589826
33042,0.20551717214097642
33043,0.02342812412130641
33044,0.1718943383165517
33045,0.024576272216354313
33046,0.07614952248311942
33047,0.2556016644992168
33048,0.06767581973610336
33049,0.07257705645313413
33050,0.07182931524265548
33051,0.092378535792602
33052,0.1598077237335971
33053,0.13497494633249815
33054,0.008819484579492382
33055,0.06582305175640836
33056,0.025903681024040566
33057,0.007797971353437284
33058,0.04447206228448492
33059,0.1053080089459253
33060,0.02808469226522132
33061,0.07461113108498277
33062,0.02381214600399539
33063,0.034323195037557416
33064,0.09069727925020246
33065,0.08340859380895262
33066,0.01836083502159556
33067,0.061043067044922336
33068,0.02022687082347153
33069,0.053968165469570964
33070,0.08845121424224245
33071,0.022437141588168886
33072,0.010076262895471887
33073,0.22476402105549012
33074,0.0763695604242849
33075,0.011452717924169752
33076,0.020614726308322513
33077,0.013462124628539053
33078,0.016359503572996682
33079,0.047495137603389755
33080,0.07821377882903624
33081,0.08282110841709765
33082,0.04635682333136879
33083,0.07530687021908276
33084,0.05392561036619795
33085,0.02496666696183594
33086,0.01693394923458989
33087,0.01886241164971339
33088,0.024638578285803753
33089,0.017456424607697394
33090,0.024211258055620966
33091,0.029826228194927522
33092,0.06907091708148383
33093,0.05171263298367951
33094,0.021911824344382567
33095,0.06107288703473897
33096,0.015640714452438993
33097,0.019507725980673764
33098,0.03359965735401664
33099,0.02252019032002316
33100,0.052340669104520954
33101,0.02190693675366303
33102,0.055257666102996934
33103,0.010467160549559425
33104,0.041368077604428594
33105,0.050306180563725295
33106,0.07496973005898419
33107,0.18749617771632515
33108,0.009034311191999943
33109,0.019791091340446796
33110,0.05827378922823999
33111,0.044481901080212535
33112,0.0373772796802026
33113,0.04539380262204787
33114,0.016310435612212442
33115,0.023813367369937728
33116,0.060060645637112275
33117,0.010286071970821386
33118,0.06213761283152556
33119,0.023223712255618464
33120,0.026328271287566454
33121,0.028203867256775213
33122,0.021717167971636482
33123,0.3428417208927185
33124,0.04295906000960702
33125,0.07574064286348514
33126,0.18781502061163974
33127,0.020692421327605542
33128,0.04827641070849502
33129,0.03908822572915405
33130,0.019761192132719187
33131,0.029173250588548406
33132,0.021882124701060816
33133,0.01021889323604271
33134,0.056593954335818736
33135,0.031976523462446255
33136,0.04348133488866927
33137,0.06525429927113634
33138,0.03390327729159694
33139,0.0346265127381387
33140,0.039910522108440004
33141,0.08571959266218618
33142,0.10824582736872801
33143,0.03256010147817123
33144,0.0630678752100238
33145,0.07232167340984258
33146,0.06333921085024032
33147,0.008465434151160526
33148,0.06459313476406428
33149,0.024144405982067713
33150,0.03134537151919833
33151,0.02165968505775893
33152,0.03554099160895194
33153,0.0625309745836709
33154,0.08429839787374353
33155,0.07979158522415172
33156,0.033917748271079864
33157,0.029032265179809936
33158,0.027108004750603626
33159,0.11676272700930228
33160,0.010770319397388841
33161,0.11414638420835073
33162,0.014405420794684577
33163,0.0276619910878124
33164,0.03463336953035056
33165,0.008379603507889567
33166,0.029507072970632008
33167,0.014652121665014763
33168,0.03506781231804108
33169,0.07727790959827022
33170,0.02651073782765511
33171,0.05798278135653945
33172,0.02790093014912556
33173,0.061215899607833454
33174,0.033719401041844066
33175,0.05999222105279753
33176,0.0388292714981718
33177,0.06485423490184229
33178,0.022104238403476622
33179,0.02722981659784531
33180,0.020808597141221876
33181,0.08574886692012884
33182,0.14083495609459817
33183,0.10514707688065918
33184,0.10360635834246042
33185,0.08310314621989741
33186,0.11365832723051811
33187,0.03289423617975202
33188,0.07379325492194418
33189,0.07026909316206419
33190,0.029904841601414496
33191,0.0963288491617837
33192,0.034628805760644844
33193,0.03525420519646906
33194,0.07666139115497057
33195,0.028588851544513478
33196,0.01865249371517099
33197,0.03011999650756572
33198,0.054489840224184585
33199,0.08264927369869839
33200,0.09832938590687029
33201,0.05563993580219498
33202,0.023284641838872994
33203,0.056108824399069675
33204,0.026795728028438118
33205,0.018279639727089094
33206,0.2569186593417685
33207,0.035749338585491106
33208,0.8394361526503523
33209,0.07042834774082239
33210,0.030700365696592975
33211,0.02542951823315647
33212,0.01671084771473895
33213,0.058396454632959435
33214,0.04569927040663619
33215,0.17376050820459818
33216,0.0653339481965563
33217,0.03444832356969383
33218,0.02356128403073888
33219,0.021321837382721528
33220,0.029515231347380398
33221,0.02726195699514215
33222,0.03968017966439814
33223,0.17001992479951966
33224,0.07108917201149091
33225,0.089771449097262
33226,0.026478665220097605
33227,0.10264909648505942
33228,0.07637041806991823
33229,0.031593575483789556
33230,0.025663929255224375
33231,0.106571920574221
33232,0.0668701227862751
33233,0.05436085294402701
33234,0.041411131862002806
33235,0.028976371112667505
33236,0.08073363007291369
33237,0.25797637039676996
33238,0.04130808398326876
33239,0.14256291869146184
33240,0.11024759026854254
33241,0.11135876468739689
33242,0.27943598375471046
33243,0.08174919718643461
33244,0.05606393587708824
33245,0.1635712426334547
33246,0.02106208138892437
33247,0.03932671094198161
33248,0.02568951735101948
33249,0.041638738654573515
33250,0.1102930635374126
33251,0.02237233882692897
33252,0.026353851697321427
33253,0.0440895535107462
33254,0.06563285697537198
33255,0.2580100848798055
33256,0.027283834900445135
33257,0.019202806670979546
33258,0.025193694477501437
33259,0.11507416143027545
33260,0.03895728500670922
33261,0.013346024147058419
33262,0.08092209587114167
33263,0.028941765415007155
33264,0.008641375175483308
33265,0.022944883555431922
33266,0.027752358573405682
33267,0.04792633263029608
33268,0.18853024397813894
33269,0.06439932903599532
33270,0.020411759644388072
33271,0.13674814872160712
33272,0.05643734838417887
33273,0.028425788593043396
33274,0.017520174569381618
33275,0.1448613747922877
33276,0.031581833698679236
33277,0.07383519932632247
33278,0.04990355071696739
33279,0.03222078685457411
33280,0.0886830871961908
33281,0.029304504788928768
33282,0.016592854055540722
33283,0.09088978707047828
33284,0.01975670758427281
33285,0.015395547163191723
33286,0.017573103449173535
33287,0.052033540493793246
33288,0.050302003298959896
33289,0.044861036037300225
33290,0.0803794686809875
33291,0.059457781486733516
33292,0.04814887531697062
33293,0.036701049916255106
33294,0.0993024008411609
33295,0.04537978908422924
33296,0.01812492551357189
33297,0.046467351472211295
33298,0.11132828981742018
33299,0.012714068605954146
33300,0.06768498337507485
33301,0.03171863361365331
33302,0.06838015632196898
33303,0.14581241044026258
33304,0.04996888982685165
33305,0.0724350751206721
33306,0.047941270169024816
33307,0.026888997539408835
33308,0.08872295437733392
33309,0.10646588837689452
33310,0.04947530288423341
33311,0.07301939055893594
33312,0.07249639170098944
33313,0.038436739659385585
33314,0.0386911924365005
33315,0.062483726538867065
33316,0.06411647103889682
33317,0.012473622251156134
33318,0.029320019527095308
33319,0.22913243393835214
33320,0.21666608054335457
33321,0.030397312771995193
33322,0.035256496108921995
33323,0.020172897294217694
33324,0.032482301538333265
33325,0.05513248662195282
33326,0.03352736575229167
33327,0.07034860846369272
33328,0.035006580204748686
33329,0.04200772813462142
33330,0.028942093550214196
33331,0.33466528268591633
33332,0.014222872753502362
33333,0.08856295655783095
33334,0.08913703667302851
33335,0.04073680536552525
33336,0.02959138023365572
33337,0.21012577359851797
33338,0.34402375572263555
33339,0.025467198526592627
33340,0.3582342755157535
33341,0.17893706040391116
33342,0.06267240860964145
33343,0.055438572822144316
33344,0.053720892853063425
33345,0.13552488817358768
33346,0.06549205476054978
33347,0.03295291646803322
33348,0.09293431746390143
33349,0.012338539116869414
33350,0.04860734805605882
33351,0.01669302521921546
33352,0.02063251588861423
33353,0.047880276782217415
33354,0.06776332781603547
33355,0.04710717536943247
33356,0.035272331289347675
33357,0.032799966670469784
33358,0.05628884517709361
33359,0.3300893377426689
33360,0.04854023036839338
33361,0.01887742855352332
33362,0.029834922690238297
33363,0.05009000059165861
33364,0.03230544368703282
33365,0.015666358634718373
33366,0.08022291184255505
33367,0.06477926704292816
33368,0.03958420266526104
33369,0.3596872961271433
33370,0.04347462707254561
33371,0.02450631517086318
33372,0.05155835774257103
33373,0.048535988891801274
33374,0.058730826333768194
33375,0.03175980649098553
33376,0.014563457092978743
33377,0.3542284940864859
33378,0.012728648525900178
33379,0.06130487799194685
33380,0.24848966778558912
33381,0.12681901716894553
33382,0.09369059386851683
33383,0.06167161929032196
33384,0.08097803114247734
33385,0.05094499033890739
33386,0.13831476940268564
33387,0.03991509829152241
33388,0.03469683826659587
33389,0.05981845051255791
33390,0.030875272543148684
33391,0.020621336204314788
33392,0.09571083304779655
33393,0.10884875353251319
33394,0.03811844858404269
33395,0.08352560211437085
33396,0.05442790076681286
33397,0.03208902624660799
33398,0.04362442283581845
33399,0.056393563201766
33400,0.045199386518903
33401,0.04965528625028272
33402,0.0211967217744647
33403,0.029343433600286347
33404,0.06172116989448083
33405,0.06279858800892754
33406,0.015538534875417901
33407,0.017298732516022573
33408,0.05808126777436213
33409,0.07071994349862931
33410,0.12233694594531755
33411,0.00918834124347986
33412,0.029021889038631836
33413,0.2776486729604283
33414,0.014861335314137998
33415,0.01767138640526587
33416,0.0097294682168299
33417,0.09947052841313653
33418,0.04207253282832131
33419,0.0220605211840606
33420,0.07010601229687607
33421,0.11595345346010788
33422,0.014910199583558256
33423,0.030954818262708465
33424,0.026046005171570845
33425,0.06575050595372837
33426,0.02704500606817602
33427,0.15654784768444985
33428,0.22251206924626138
33429,0.038749173781229676
33430,0.138944375088751
33431,0.05472208423044286
33432,0.011098001884688322
33433,0.04981257179702081
33434,0.02671622555677354
33435,0.24229405730010903
33436,0.02755135425289075
33437,0.023391845138388274
33438,0.01434320955823195
33439,0.06408899791049971
33440,0.040560992778722965
33441,0.05536687673992064
33442,0.046762299681407604
33443,0.01104223748495016
33444,0.027072339886880126
33445,0.04377298759284187
33446,0.1820421316004556
33447,0.02633137127081417
33448,0.047493217363282506
33449,0.02040653658784879
33450,0.11203358371561353
33451,0.0397190156331921
33452,0.025383730146570714
33453,0.14889938025978713
33454,0.018788341469767357
33455,0.022980149926390383
33456,0.053371920046651394
33457,0.028670561238955127
33458,0.0723673160845139
33459,0.012081674703717462
33460,0.08033268220118392
33461,0.012995558973127309
33462,0.18456900986370936
33463,0.053082663982317035
33464,0.019877250129923467
33465,0.01365264627130272
33466,0.023346662218824043
33467,0.10085517847345263
33468,0.07150739912288312
33469,0.11177829293664233
33470,0.10916010658063721
33471,0.034849072342299836
33472,0.17949786686792796
33473,0.02157869578400406
33474,0.01645425675770886
33475,0.05293195039441005
33476,0.11108536472089889
33477,0.08767492498900278
33478,0.06353595563134704
33479,0.10473732803625163
33480,0.017665358944540462
33481,0.013298016067093644
33482,0.012935692622931278
33483,0.011691536892907955
33484,0.028111692328387963
33485,0.09751156287573089
33486,0.038659343465922605
33487,0.0963647486279175
33488,0.037441360385962234
33489,0.13841706841005885
33490,0.03584633936640922
33491,0.08154812829204722
33492,0.01950043283820646
33493,0.033200650204059934
33494,0.0657228983922623
33495,0.15259419573726812
33496,0.29310490354450586
33497,0.12281214600049001
33498,0.0602618746299641
33499,0.025371993743557503
33500,0.008760159128718817
33501,0.016687595779293827
33502,0.10308240482162467
33503,0.1437216399349234
33504,0.09464674801916988
33505,0.015505720296923015
33506,0.011778494685800625
33507,0.0337504274690923
33508,0.022341819917983355
33509,0.0263310894784997
33510,0.08471384514723548
33511,0.1108436840719147
33512,0.04510697838478374
33513,0.0554759442715292
33514,0.07606939695725899
33515,0.054327372434018625
33516,0.08514716513869047
33517,0.04081207202687001
33518,0.021052350374055215
33519,0.0224526583521475
33520,0.0744698172833823
33521,0.16448327972347535
33522,0.017397257549570916
33523,0.016980813417928193
33524,0.029382387695459332
33525,0.041707951989942
33526,0.026592668030212978
33527,0.11115202441137335
33528,0.09740497547932969
33529,0.0766160542170479
33530,0.07230804166449165
33531,0.04721173256063936
33532,0.011834386350060774
33533,0.019277277975539443
33534,0.08409532755015467
33535,0.04508055617501528
33536,0.040179210980617976
33537,0.07267150195161742
33538,0.30656551185735303
33539,0.0180872670311302
33540,0.035812274090326036
33541,0.01380741332239147
33542,0.04027591573107437
33543,0.03950673602350555
33544,0.2651527985398534
33545,0.08313878570789174
33546,0.8467291230614543
33547,0.08384570991161104
33548,0.012228270763288465
33549,0.047805167450235275
33550,0.017931372535583474
33551,0.09999020045111641
33552,0.01246620067119367
33553,0.024425042067915147
33554,0.022424464150280408
33555,0.12784172791937978
33556,0.021889377389382996
33557,0.010247019973309224
33558,0.03200966659823817
33559,0.04320897712729902
33560,0.017088377656057134
33561,0.027853793006385495
33562,0.10932794290019687
33563,0.01844406788245663
33564,0.01302015298802931
33565,0.025092635922127435
33566,0.03650596154486045
33567,0.03161179841675929
33568,0.012487380213030731
33569,0.026713321146294794
33570,0.031119689213404224
33571,0.021579678673537973
33572,0.027533634509595378
33573,0.07076360231580388
33574,0.0496559953805591
33575,0.0207390984700577
33576,0.02817912187782079
33577,0.12030589867539764
33578,0.06843525686827501
33579,0.015974884497790654
33580,0.07528861800051553
33581,0.05324512189642086
33582,0.06882520408189244
33583,0.024467760053507332
33584,0.011546068453820627
33585,0.02037985580950154
33586,0.024484373586799623
33587,0.03475683294489145
33588,0.024060751938844986
33589,0.02989312520711642
33590,0.12624490645961703
33591,0.030874796432006947
33592,0.019511302031913005
33593,0.061741683184350554
33594,0.17125356241297954
33595,0.026955853312459876
33596,0.09450316779430998
33597,0.013611978079921126
33598,0.009401067786680633
33599,0.036417982029749066
33600,0.039551170417174424
33601,0.0479302447839001
33602,0.033749625011229634
33603,0.016560019996421548
33604,0.03652516450956083
33605,0.03963284134419897
33606,0.05136451404084928
33607,0.02607464891948687
33608,0.044337078314186075
33609,0.010059377801958563
33610,0.03211474789003888
33611,0.07713249664563905
33612,0.3461053457589572
33613,0.015320410336278838
33614,0.05807004203455672
33615,0.07082606165393067
33616,0.059757945169249295
33617,0.020216812520582283
33618,0.03428791372240468
33619,0.07200462303371984
33620,0.039292797762583404
33621,0.08646432875142808
33622,0.01840423444189497
33623,0.026414383620139262
33624,0.048795042028522626
33625,0.01918012477094229
33626,0.02442667821333243
33627,0.026671727554209254
33628,0.01619465579583739
33629,0.21556153568133501
33630,0.05253923692493878
33631,0.05470069289273187
33632,0.42297677706195114
33633,0.06554645702805188
33634,0.14286868096447378
33635,0.013375291142659933
33636,0.012305059098081068
33637,0.012867876030829756
33638,0.06939433298641436
33639,0.014409443402133727
33640,0.04759336788348075
33641,0.021832555183752513
33642,0.07559324376923351
33643,0.056319265953747075
33644,0.035631771442654524
33645,0.08533105915306391
33646,0.043994699085242416
33647,0.009950570492720266
33648,0.013156956484474678
33649,0.020103629174504763
33650,0.057645807545478246
33651,0.03597349849132729
33652,0.1331935429058418
33653,0.038410145143454213
33654,0.08511439005919325
33655,0.0501867123207785
33656,0.08279793754168928
33657,0.06962793621982366
33658,0.04599209804542553
33659,0.059679302492177434
33660,0.038578624155169855
33661,0.022384314508363347
33662,0.06338452186546115
33663,0.02447233609987807
33664,0.02647509869820515
33665,0.06265464405419183
33666,0.03625598407010302
33667,0.040832633352593725
33668,0.053229050836278366
33669,0.04955569123980179
33670,0.40800842223549816
33671,0.016287920735630693
33672,0.03240298273397163
33673,0.08691496623467607
33674,0.08321768189608411
33675,0.15717736657688072
33676,0.058977826261137095
33677,0.019259064315263887
33678,0.052832304002720765
33679,0.0474028424027932
33680,0.07233969434796188
33681,0.03944841527671242
33682,0.03850263624523634
33683,0.042460472361870706
33684,0.035322898569082224
33685,0.06197978924899404
33686,0.15834723917495197
33687,0.01297034640373124
33688,0.02160189816502558
33689,0.10844184372381188
33690,0.01961759084325746
33691,0.07596377735278856
33692,0.0537239369562668
33693,0.012397055824107977
33694,0.032579494456870244
33695,0.18357797089011246
33696,0.0279484729128441
33697,0.010355687656399973
33698,0.029591401518689626
33699,0.02239269301305978
33700,0.022201675942333823
33701,0.10323992953348896
33702,0.03371065914502021
33703,0.09517865154468888
33704,0.03508713960867143
33705,0.059269430440373264
33706,0.040639967238046165
33707,0.021292252490864326
33708,0.01656428883182958
33709,0.10653564613285844
33710,0.043963710383552145
33711,0.025225988939086036
33712,0.041486688392186326
33713,0.034039267706536716
33714,0.09464034994870639
33715,0.0324676196428063
33716,0.04817634407058801
33717,0.05189550087428969
33718,0.033251679029590385
33719,0.030230206610878628
33720,0.011420123110843793
33721,0.2083369811476714
33722,0.045581967096628775
33723,0.11193687785185673
33724,0.07318225974326142
33725,0.01982286573941144
33726,0.012226965372912183
33727,0.10016803886884332
33728,0.054018878807129224
33729,0.19189336238576207
33730,0.021851187251932563
33731,0.044937928771992396
33732,0.00864081656005709
33733,0.03622982672604751
33734,0.029392298245625136
33735,0.022123651329677963
33736,0.07587152053865251
33737,0.0784754270354158
33738,0.09081296343431541
33739,0.009631217120090109
33740,0.057360933586195234
33741,0.032198559506659084
33742,0.02376571944027238
33743,0.08436492096286181
33744,0.42804043629345756
33745,0.029928296994149062
33746,0.02522304775685335
33747,0.015497572564462594
33748,0.02035585580430301
33749,0.261970311705555
33750,0.10082152798663883
33751,0.03129516455423789
33752,0.08160882789914362
33753,0.2055640361150778
33754,0.04301898511421608
33755,0.02738507715489839
33756,0.019612759373849695
33757,0.06863709749006394
33758,0.2797568622529107
33759,0.11613635438539184
33760,0.03676969138256299
33761,0.031319612225014934
33762,0.062789628629891
33763,0.013814658710451455
33764,0.03381834252194349
33765,0.05145124842792447
33766,0.2748751955599056
33767,0.04275190606919349
33768,0.019366088264440688
33769,0.03705467266949122
33770,0.08268408422332178
33771,0.044632053371346146
33772,0.039501503944257915
33773,0.03118901560141234
33774,0.12585054411717747
33775,0.11321770412624857
33776,0.0641272741863021
33777,0.0627765318315599
33778,0.010896813878782038
33779,0.029435076908152315
33780,0.021799189581910253
33781,0.020930418858114863
33782,0.10286949689627554
33783,0.010418795888546998
33784,0.08135354181981166
33785,0.03599350079866852
33786,0.040164013985428536
33787,0.03509716054091906
33788,0.037667419746432104
33789,0.11209709569257177
33790,0.021786477864316797
33791,0.031567760989634194
33792,0.031063187371827675
33793,0.04485251496186626
33794,0.061607717003034704
33795,0.14946562870356278
33796,0.0442063206125789
33797,0.139748175915476
33798,0.03517888465472562
33799,0.02816026934343522
33800,0.05454760276234769
33801,0.012122070457948744
33802,0.06448762013475964
33803,0.2228664436599683
33804,0.024818218790397258
33805,0.028587193574986923
33806,0.10500935954386334
33807,0.06106692743208397
33808,0.16908810391244883
33809,0.03475388274354886
33810,0.14041888580164466
33811,0.13972918271664736
33812,0.05722883313695095
33813,0.014507231105672189
33814,0.023863560709053266
33815,0.028692636331223854
33816,0.011255097989319531
33817,0.09156602089091923
33818,0.021280819926387085
33819,0.18081216824116664
33820,0.033562980798533225
33821,0.04157627659125887
33822,0.07614671908508994
33823,0.09990574757528006
33824,0.04659348241514713
33825,0.024337377997059283
33826,0.02505452544230239
33827,0.03119147448757639
33828,0.018882872324631424
33829,0.02654019174041921
33830,0.00855376586198279
33831,0.0972653840497573
33832,0.03656739900446021
33833,0.10597823962623243
33834,0.01433164361518053
33835,0.029868918931473233
33836,0.026428690048648645
33837,0.06373652663413568
33838,0.14269650402897485
33839,0.014690775333654134
33840,0.026969178296194916
33841,0.37078413642485714
33842,0.0485050372787987
33843,0.021600279970545366
33844,0.3265548479738062
33845,0.05725535194598734
33846,0.02208989506485616
33847,0.05566038814000368
33848,0.07128012223299865
33849,0.021730671487114855
33850,0.02984926171073364
33851,0.016221914267927826
33852,0.04869187175456176
33853,0.011404688032741833
33854,0.02710730921847731
33855,0.014389290996433102
33856,0.02622190149073169
33857,0.17421931333776108
33858,0.15928080941350492
33859,0.07923145084732322
33860,0.030286618161601664
33861,0.02162521808983968
33862,0.04252072618593576
33863,0.01536679853268427
33864,0.03507242768978692
33865,0.03608716289898199
33866,0.8986607514641316
33867,0.02453181545490938
33868,0.03424084950540487
33869,0.0445402263299797
33870,0.021698870526164916
33871,0.2628393728004995
33872,0.1071556595461374
33873,0.09018179781473429
33874,0.038164160934419156
33875,0.03523757951098309
33876,0.015035350684942935
33877,0.04757969331351096
33878,0.058292382098344156
33879,0.017145270753574228
33880,0.022124300729471264
33881,0.06424835660723666
33882,0.019007370347458565
33883,0.01457357740374509
33884,0.02974120116867678
33885,0.042013487640261526
33886,0.09080775026625834
33887,0.062019974569337645
33888,0.3458435721963834
33889,0.045418615748773275
33890,0.035642305712091676
33891,0.07853919156766828
33892,0.013181298311276795
33893,0.0318437965729125
33894,0.02360576876223876
33895,0.3018246056521244
33896,0.021218878068000813
33897,0.02654066947079254
33898,0.02086444874041641
33899,0.1183776900409339
33900,0.028227694684647732
33901,0.11660482003526591
33902,0.055164520291607816
33903,0.05201000082310184
33904,0.1452273419363948
33905,0.026727223070156243
33906,0.04219683544409589
33907,0.03375564775585797
33908,0.032783560956314815
33909,0.023002983279596503
33910,0.0681389085602935
33911,0.024846686058888817
33912,0.18811041595958433
33913,0.16323007001145043
33914,0.028362486948603025
33915,0.0333431385891534
33916,0.06230925603336355
33917,0.015519234018959178
33918,0.0349735590992962
33919,0.025816551913037736
33920,0.021238422242710282
33921,0.04425561434137953
33922,0.08540114344113103
33923,0.035914764695208816
33924,0.016894445350038548
33925,0.046328755969514426
33926,0.1754672489743824
33927,0.03667251640210976
33928,0.07661127323577095
33929,0.06770868792399125
33930,0.2006508778322532
33931,0.149446032716969
33932,0.048569745218754484
33933,0.011905467356265307
33934,0.03737513271656263
33935,0.0315931485448065
33936,0.042120432567856345
33937,0.17022979553941467
33938,0.03261906752342663
33939,0.09128835213009337
33940,0.030092820792159962
33941,0.056079498550539356
33942,0.03454257296553005
33943,0.056659993308453574
33944,0.032048467621711846
33945,0.03454479653829967
33946,0.10613305140012314
33947,0.057119518928766835
33948,0.02650436966921519
33949,0.00975925046099798
33950,0.1256442185010818
33951,0.03315331447982241
33952,0.049232646446477235
33953,0.035605412142257424
33954,0.03342207303282203
33955,0.21366891940651128
33956,0.055856839994810115
33957,0.28235330244094486
33958,0.05335781025084808
33959,0.1876763601748756
33960,0.08467733320455452
33961,0.029679730767826953
33962,0.028574917866741815
33963,0.03146360377129517
33964,0.028628951562627666
33965,0.04756162706477511
33966,0.06502058400893759
33967,0.18364997583558967
33968,0.24658812274657477
33969,0.12721407170928528
33970,0.022071706599477933
33971,0.015201933704658837
33972,0.03453336791287334
33973,0.02207796976920844
33974,0.03225036104677609
33975,0.18611708865976323
33976,0.07723517404760143
33977,0.008335276072401455
33978,0.12833557659848946
33979,0.026143871850040648
33980,0.019519487680883546
33981,0.03509189541384169
33982,0.15719227930135135
33983,0.05127962810752928
33984,0.019334362736955414
33985,0.03783220766152137
33986,0.024662888333982527
33987,0.043959150757165485
33988,0.03998840095864027
33989,0.06899683176679589
33990,0.0716418137456275
33991,0.023263436861945458
33992,0.038502891664436774
33993,0.022010473410098267
33994,0.04968220979415392
33995,0.017172101680891103
33996,0.0812168899548249
33997,0.1413614108199845
33998,0.022331909379327566
33999,0.014362065719438735
34000,0.16571017361446994
34001,0.030908893861045873
34002,0.3453145431459601
34003,0.03877828953435564
34004,0.04908245359735854
34005,0.066636675562088
34006,0.033849300868724244
34007,0.04659346874327066
34008,0.06080665165992552
34009,0.14991911259110147
34010,0.018677570093803737
34011,0.013846690867071423
34012,0.03172874249114628
34013,0.03648482050240283
34014,0.08976232855376702
34015,0.013366411070610418
34016,0.013777169178376738
34017,0.14849310954093722
34018,0.07407159584128381
34019,0.0310810492698866
34020,0.019003551312121867
34021,0.031661686832284514
34022,0.042663573346786575
34023,0.04471049209441411
34024,0.0900998272949248
34025,0.07314319593561883
34026,0.03355041530059376
34027,0.032172111720468535
34028,0.010259875087121763
34029,0.018627430646044437
34030,0.03533799652438742
34031,0.03311394365938979
34032,0.026194632329097706
34033,0.10000208550983548
34034,0.02926097114565708
34035,0.11179936060293545
34036,0.036205019420332336
34037,0.035338704392772174
34038,0.031316123076345945
34039,0.04580461557037139
34040,0.015058981120769636
34041,0.02697799055545562
34042,0.0253349774466103
34043,0.032732250055900206
34044,0.03324858839143795
34045,0.037673014561250995
34046,0.03545097506590621
34047,0.16305666198455693
34048,0.11076708511252076
34049,0.020529827445221735
34050,0.19186445837699034
34051,0.03154393335592635
34052,0.09243752346977421
34053,0.05405216964095691
34054,0.08609368124554691
34055,0.020134370404049577
34056,0.013800800246940834
34057,0.06796525265123385
34058,0.012878756235411994
34059,0.016076523376665642
34060,0.038656045424988926
34061,0.03534387966173193
34062,0.09711709762851808
34063,0.090820184285353
34064,0.025315950343867296
34065,0.26524710166928755
34066,0.015525184084900438
34067,0.019913464772170996
34068,0.032901714327713424
34069,0.026213990472207186
34070,0.18287389128950843
34071,0.03871309367564743
34072,0.2171578951785522
34073,0.05836486300567993
34074,0.07954709782668033
34075,0.03226686524236024
34076,0.03650987162514908
34077,0.05299136977234345
34078,0.036429627060696725
34079,0.028840185620651403
34080,0.0206140581602566
34081,0.14846268579172317
34082,0.0306053267487999
34083,0.029995710318722873
34084,0.024251045894411728
34085,0.02432760998936846
34086,0.06742022024838511
34087,0.05157581508392202
34088,0.03546164979364197
34089,0.019074505318483752
34090,0.048896997843856156
34091,0.0801562457834112
34092,0.011235784072676957
34093,0.11049408748429396
34094,0.05457783850835403
34095,0.1994614521077349
34096,0.023569639040027367
34097,0.09862926480612641
34098,0.0722237015914469
34099,0.014314330699243583
34100,0.02598795353139297
34101,0.0368042077763686
34102,0.019326646718150507
34103,0.3356598132760874
34104,0.01679573540160657
34105,0.040946444226003624
34106,0.0874188798940949
34107,0.20104095234589286
34108,0.026497883139345098
34109,0.05586311637410546
34110,0.05432842554103746
34111,0.030890771516506297
34112,0.03716833480728461
34113,0.017875181330823893
34114,0.1539349122567674
34115,0.023293799847764293
34116,0.15083337433410327
34117,0.018920878552135503
34118,0.05321845586360696
34119,0.10877914537080208
34120,0.068296692890919
34121,0.03271794411100519
34122,0.04152042643583327
34123,0.08320726397634454
34124,0.1880531714926564
34125,0.04753298404104535
34126,0.06986565374797406
34127,0.30350120566604866
34128,0.07300792128856955
34129,0.14113269155955382
34130,0.04388792572475837
34131,0.012922771684122241
34132,0.10094506145071491
34133,0.029902420948319085
34134,0.019040007829979912
34135,0.03377322518744026
34136,0.019234751292567815
34137,0.227034155121898
34138,0.04792236186509264
34139,0.034059646077139426
34140,0.1117923222504205
34141,0.08225596743600277
34142,0.03566957942601333
34143,0.014500351407484824
34144,0.039162207460957575
34145,0.042926867686254824
34146,0.07291758737968526
34147,0.09685226300937749
34148,0.13710716628540748
34149,0.022493398582824693
34150,0.027189406263354244
34151,0.009875711924386143
34152,0.028843443641499857
34153,0.03910800254479723
34154,0.015515672736611238
34155,0.07175096971228408
34156,0.04492421703959036
34157,0.03512789656921316
34158,0.04044109296440943
34159,0.022765704324386564
34160,0.035451622488017226
34161,0.5565962882738027
34162,0.24756749384741591
34163,0.07882507581851018
34164,0.05081267645105681
34165,0.03841311216110661
34166,0.059549262310898014
34167,0.060852911336366666
34168,0.019844367717254268
34169,0.06610423963933014
34170,0.027164679027277983
34171,0.07885867324207628
34172,0.024516443074313277
34173,0.21643046101794722
34174,0.024421236475079725
34175,0.14711640896483302
34176,0.20843000564478814
34177,0.020263070712425314
34178,0.03247548693275556
34179,0.03177297060050027
34180,0.1956457856876978
34181,0.015512902897665621
34182,0.08729129823257663
34183,0.08310840623512836
34184,0.013553710517499214
34185,0.11137968989959558
34186,0.043802324996394325
34187,0.023482426296641275
34188,0.0339344943339188
34189,0.03879659321170889
34190,0.8627101032050328
34191,0.012654288914330134
34192,0.08629389415694157
34193,0.049688805725703424
34194,0.030518539210102412
34195,0.34820021762419345
34196,0.10485638328518022
34197,0.07428325716203792
34198,0.026082987618255327
34199,0.269045644016658
34200,0.10529874958317112
34201,0.09069013176285813
34202,0.15537968687808423
34203,0.02085271776086783
34204,0.030695921143484094
34205,0.03261590253114853
34206,0.34682922270609495
34207,0.027115061568173247
34208,0.06142944143073366
34209,0.02167513125824253
34210,0.10083812769941516
34211,0.05339602657081745
34212,0.023106847432722236
34213,0.033986735879994644
34214,0.014510463430737986
34215,0.04046681504922063
34216,0.067136412374812
34217,0.01212802594675623
34218,0.0894566862737662
34219,0.06082367270337576
34220,0.08219106969872154
34221,0.2462524953377695
34222,0.07475580473338578
34223,0.06480116894825472
34224,0.025032338809625212
34225,0.02174056889481648
34226,0.019991260378783994
34227,0.02279824121179693
34228,0.01505697307565647
34229,0.04616009676105576
34230,0.012286500879187508
34231,0.020679752283784304
34232,0.03881256140216092
34233,0.08302485488704472
34234,0.03764282453468729
34235,0.02271577899084365
34236,0.030818669458251804
34237,0.141091505544424
34238,0.10850349895876102
34239,0.01610334395223655
34240,0.0329331927567067
34241,0.06297120914612764
34242,0.041534692144953325
34243,0.016988880640538467
34244,0.0139815637559912
34245,0.07578597351982898
34246,0.031604495281546185
34247,0.10023543979099617
34248,0.029738038285989817
34249,0.02473756769561398
34250,0.029308391079489286
34251,0.0354171739220198
34252,0.045409885235176056
34253,0.07246112789863593
34254,0.034912184066915694
34255,0.0371952448766182
34256,0.029678209336434294
34257,0.037406677752634995
34258,0.03939001116955644
34259,0.473158590558084
34260,0.033149875388735386
34261,0.025144147982750147
34262,0.012502908005276581
34263,0.02899697898158731
34264,0.11253757850800268
34265,0.5879485512583578
34266,0.12249859544175223
34267,0.02183984906745571
34268,0.0306813358402989
34269,0.101633555805984
34270,0.04919740052242053
34271,0.058917561780153185
34272,0.015314861368312623
34273,0.15579702100329137
34274,0.029284910842145656
34275,0.027579994492963965
34276,0.057995233908656005
34277,0.027652757720532106
34278,0.04114467001610991
34279,0.044583673589413356
34280,0.03757381582200489
34281,0.052457906975647776
34282,0.05137343981257699
34283,0.09422922780071849
34284,0.029745080391326166
34285,0.04502658029342142
34286,0.02344571599092027
34287,0.016710526688488006
34288,0.10906929770438602
34289,0.012270270192399148
34290,0.039632033199436825
34291,0.040303472697915566
34292,0.03931252875354625
34293,0.1263712873156105
34294,0.01324904116828649
34295,0.02181466017857555
34296,0.02990312875123461
34297,0.018440270826115508
34298,0.08865835241252039
34299,0.03627214011795976
34300,0.04199818913047519
34301,0.023276255326553363
34302,0.09024458777630212
34303,0.03201517184818561
34304,0.020937414322604455
34305,0.047801337429092025
34306,0.08644916672728357
34307,0.0277742725111245
34308,0.05141310482421606
34309,0.031930062974431676
34310,0.07119364890703522
34311,0.1049622216170103
34312,0.037490627271732885
34313,0.023035231692364027
34314,0.04826074739630047
34315,0.04374620827520549
34316,0.09770197054815959
34317,0.015325129579081203
34318,0.025478617281093418
34319,0.04709089429829482
34320,0.02020589814659562
34321,0.08579478513340688
34322,0.2395334798813921
34323,0.05634799886723251
34324,0.04250571654582301
34325,0.054065619480035895
34326,0.07310545188714121
34327,0.03559752559586432
34328,0.021476223685681
34329,0.025495424143105426
34330,0.027142063218066254
34331,0.01988848665539222
34332,0.042395504070324955
34333,0.02742683680484459
34334,0.026412306904348946
34335,0.052505651230907495
34336,0.01557188769765403
34337,0.05402562305297
34338,0.027782077171029155
34339,0.009515671792696703
34340,0.016194795905897945
34341,0.1227954377809738
34342,0.03249771387060235
34343,0.16631088497611596
34344,0.023038034510076175
34345,0.030386105077608024
34346,0.041427520804257545
34347,0.009499481983654037
34348,0.03315874957662618
34349,0.12970622415096872
34350,0.0630198750504724
34351,0.13840327730898785
34352,0.08121741784797315
34353,0.09481153696440095
34354,0.10016942328206421
34355,0.08841540548667919
34356,0.037454645520574356
34357,0.0450367051131159
34358,0.049977844964384024
34359,0.01775786355372054
34360,0.01583740932540981
34361,0.05286678464215311
34362,0.12609496321294494
34363,0.12795930243024828
34364,0.050881184794903445
34365,0.07862011042263355
34366,0.015693278416911136
34367,0.03580396615208156
34368,0.027720508778562747
34369,0.09427057065123702
34370,0.0795696065147981
34371,0.08846010225850573
34372,0.009956156607652747
34373,0.04541136289405838
34374,0.033424106417216465
34375,0.03269803867997446
34376,0.43398773390577
34377,0.01492722850908992
34378,0.12443322648043591
34379,0.021163649892619048
34380,0.053565619399988135
34381,0.1935407009135957
34382,0.023842566964605297
34383,0.10486231251143438
34384,0.026881308236081602
34385,0.028213792821750027
34386,0.0438275734490093
34387,0.10763008108535747
34388,0.039753087250112375
34389,0.05365727493566369
34390,0.5477770766173151
34391,0.06933184281287223
34392,0.03139245361032168
34393,0.08910116267683028
34394,0.12496704578392077
34395,0.04504388792724609
34396,0.03975664983783804
34397,0.2336609828987091
34398,0.24446391869074885
34399,0.04511807429544227
34400,0.045704830381936214
34401,0.09914774086299541
34402,0.03161682676895423
34403,0.038001998530350245
34404,0.04168457097849723
34405,0.061906878093336296
34406,0.0383887772766409
34407,0.02051555358682875
34408,0.061904505742086856
34409,0.01804234727564094
34410,0.1626909038909799
34411,0.014801617607161623
34412,0.013024314545937261
34413,0.44974159858277857
34414,0.02411371462176175
34415,0.02496193494101905
34416,0.12374973283815663
34417,0.0112652363887444
34418,0.8588789202943623
34419,0.0716358726534483
34420,0.021020077718964615
34421,0.056965006064166795
34422,0.22659067560434049
34423,0.07398951419957525
34424,0.024517210621859544
34425,0.11474398076409752
34426,0.059050784991392824
34427,0.21095853125739625
34428,0.03640016956014647
34429,0.03770478052206205
34430,0.028753695305658106
34431,0.03587235943679818
34432,0.023119139788105265
34433,0.018482871143944278
34434,0.12409761792285767
34435,0.1321806943681954
34436,0.25420372024101245
34437,0.018371270135406147
34438,0.09958982359395635
34439,0.04466978100545622
34440,0.0432143797970447
34441,0.05769776928399618
34442,0.21828964310646165
34443,0.18567329033141314
34444,0.022762332772059038
34445,0.06932232198982893
34446,0.02512027869637888
34447,0.039720772751715996
34448,0.10207499330097192
34449,0.266567752189381
34450,0.010421115237065253
34451,0.017972947057435795
34452,0.07193087504580828
34453,0.06808491941354951
34454,0.08261086743541839
34455,0.037608495150923724
34456,0.0945181536779211
34457,0.029492494999107506
34458,0.04970322658930884
34459,0.04446791281858368
34460,0.05857539575647559
34461,0.034637874074431495
34462,0.04395123118385638
34463,0.04814685944827636
34464,0.10440588004985578
34465,0.06694166214119905
34466,0.03579575033703386
34467,0.07427065048619769
34468,0.052879433938303105
34469,0.0537754560072495
34470,0.7654083659339594
34471,0.026608614778494764
34472,0.015788014299323506
34473,0.09595268124048506
34474,0.02754911473739731
34475,0.03336555445831667
34476,0.1106402797205222
34477,0.01691283359022711
34478,0.10368803183963335
34479,0.03856931040684592
34480,0.07413003632368201
34481,0.17626358948628146
34482,0.04963787991819354
34483,0.08239484115336407
34484,0.0492650521775294
34485,0.12208898355202959
34486,0.06261579932359937
34487,0.014276741139313672
34488,0.2949268830695843
34489,0.010537689793165493
34490,0.02734258718853265
34491,0.025699273078662994
34492,0.021200437218969477
34493,0.1300957101538426
34494,0.015260506049136507
34495,0.08668522565863913
34496,0.015309193466262224
34497,0.024545356599806997
34498,0.033172546590827905
34499,0.14411287049804317
34500,0.03858844736659116
34501,0.06527243411319453
34502,0.06256149510310458
34503,0.2245036093270531
34504,0.12028162267821874
34505,0.026395039211711213
34506,0.0658265940290362
34507,0.018879393645290725
34508,0.01333521640571884
34509,0.020509471578242636
34510,0.0471198432880538
34511,0.06785605241657286
34512,0.024062422927239688
34513,0.021435324087583987
34514,0.06923590405075489
34515,0.023600299792142537
34516,0.011626271784990986
34517,0.02310743636268708
34518,0.013750180716661163
34519,0.014745359969122998
34520,0.02107753626155015
34521,0.05392690649706814
34522,0.023832805398827435
34523,0.10678850205152936
34524,0.05019796202053149
34525,0.058816834843494065
34526,0.008367873021696838
34527,0.15403982087790724
34528,0.18862373611182953
34529,0.05092958587443844
34530,0.020979801647297007
34531,0.1365257202055645
34532,0.06982002660419945
34533,0.022277108202903132
34534,0.05657441622780888
34535,0.1281758536989932
34536,0.017510192524315477
34537,0.03443842712992203
34538,0.0359293506279403
34539,0.040089287750295854
34540,0.031442827067299096
34541,0.053615996768982016
34542,0.019214522149648364
34543,0.019904697821667768
34544,0.010667700756721226
34545,0.014188348704535047
34546,0.04985418337000841
34547,0.046044137575210295
34548,0.11936579660609956
34549,0.06506822659783568
34550,0.030067157183407675
34551,0.037457433522877455
34552,0.12768943723377432
34553,0.058698020558408864
34554,0.012274747772889765
34555,0.07519440259313429
34556,0.14104425370659196
34557,0.14149445507836073
34558,0.11817622165355929
34559,0.051759393899487964
34560,0.01014603531650416
34561,0.03605231655696397
34562,0.045338449706170285
34563,0.038570603772488304
34564,0.026583573207018315
34565,0.03314649615420959
34566,0.024340258871376017
34567,0.01212012442799086
34568,0.018839806158451988
34569,0.009680411660877285
34570,0.02865806712138446
34571,0.01696893462554319
34572,0.020716279981192697
34573,0.33419346628170793
34574,0.03409208208247426
34575,0.051268731972678096
34576,0.028494503288528983
34577,0.014815998340119848
34578,0.07077558689487931
34579,0.031699700655499166
34580,0.02767440054255523
34581,0.06204800670736828
34582,0.06635027501990791
34583,0.01403589083886515
34584,0.20007530370123183
34585,0.034848153141632636
34586,0.03172810689835001
34587,0.04040423963054547
34588,0.27422591657114476
34589,0.024192582462805715
34590,0.2730255641684453
34591,0.048345046753602426
34592,0.03877100819606778
34593,0.04871545509774663
34594,0.0872064612034341
34595,0.08085226326555561
34596,0.03237388428123507
34597,0.025907596549880986
34598,0.045764247956861036
34599,0.025357519577824023
34600,0.05035619055081452
34601,0.07507456273026793
34602,0.1063899793217459
34603,0.17437077602100365
34604,0.06801472565617844
34605,0.046886220007148226
34606,0.019322020732118254
34607,0.06320250209526801
34608,0.03567777482017822
34609,0.08671707757797552
34610,0.17896430376078254
34611,0.010729689455804518
34612,0.013247935660732398
34613,0.08881178306817791
34614,0.014575780839763523
34615,0.027446232412091452
34616,0.01517800664802848
34617,0.6308805047099724
34618,0.04114769332606178
34619,0.052656787442225336
34620,0.10643213825819971
34621,0.014934628164721384
34622,0.04125344633136668
34623,0.01876195604906019
34624,0.04976509364980856
34625,0.021275183243549864
34626,0.017529317817325432
34627,0.05773546765972053
34628,0.0172352706368289
34629,0.030409264446438933
34630,0.20811736707936632
34631,0.11207982589577624
34632,0.09078614367503814
34633,0.03420197508753431
34634,0.200472467477419
34635,0.06198259030403237
34636,0.024280259200790535
34637,0.014014057389058383
34638,0.026833092270737054
34639,0.11215813873638489
34640,0.024919976362137577
34641,0.06761006084479178
34642,0.10051551034806147
34643,0.10672914025285794
34644,0.020985459349025445
34645,0.011719413607722138
34646,0.04220692712552049
34647,0.08240031850495831
34648,0.1583105709843049
34649,0.01975778109098486
34650,0.19340496328720985
34651,0.013145276096811999
34652,0.042180536296551864
34653,0.5237245941160051
34654,0.024409417785150454
34655,0.04704447201273889
34656,0.026026192184295877
34657,0.03611837499490042
34658,0.040877175821806014
34659,0.03672190947603467
34660,0.2758263233713548
34661,0.014213997387406842
34662,0.019310851002843063
34663,0.024191924488234595
34664,0.012757233467668222
34665,0.015184619707291801
34666,0.013465686450298277
34667,0.016577104554149187
34668,0.11595181896005481
34669,0.6634956408678951
34670,0.05504565237594845
34671,0.029085680722089384
34672,0.0725309070579953
34673,0.012407197371830674
34674,0.06611933975617218
34675,0.031078344728341773
34676,0.082762721184912
34677,0.09277088964257701
34678,0.052939840756068134
34679,0.06724364064221483
34680,0.10385649779330264
34681,0.07594174764143859
34682,0.0385887642782972
34683,0.021727586941822266
34684,0.05034565829890322
34685,0.032771713570567296
34686,0.052927243617007735
34687,0.041040407305098406
34688,0.06390520853208134
34689,0.07067659672062815
34690,0.03235711454294881
34691,0.04478799901397008
34692,0.04731934959805673
34693,0.08045755417417073
34694,0.10427484539767273
34695,0.01676732034295186
34696,0.03535167480081991
34697,0.1188371186606279
34698,0.02702573274073352
34699,0.048618215075799345
34700,0.1515918914545138
34701,0.42597343431016305
34702,0.02847669051735509
34703,0.12134604049946002
34704,0.11811061557713705
34705,0.035204162950442056
34706,0.0204133759531483
34707,0.026970319016001353
34708,0.03201987598879431
34709,0.060244098977372026
34710,0.05652518097224592
34711,0.040847765234677855
34712,0.04681767148559344
34713,0.03153243240235264
34714,0.06234104248945286
34715,0.06641825280427938
34716,0.044741738067512415
34717,0.0439429322976414
34718,0.1523408095643845
34719,0.09601894847745548
34720,0.06020186005869627
34721,0.0703033071280584
34722,0.06140511923216414
34723,0.04829572076186001
34724,0.01004781566789954
34725,0.04374614372452013
34726,0.022617657513814355
34727,0.07066460662615391
34728,0.016393822328493457
34729,0.06887805303819523
34730,0.11222758700499236
34731,0.0868808044259364
34732,0.020664558640106197
34733,0.01171560004175361
34734,0.09276140342275686
34735,0.06860895760248172
34736,0.3058753236188186
34737,0.09297649754199841
34738,0.06493263509380706
34739,0.020372622346490635
34740,0.05167991295804483
34741,0.07268667328851147
34742,0.08131845771538748
34743,0.031217170912234853
34744,0.17769468296101731
34745,0.06431249259621478
34746,0.39318842797058895
34747,0.024859375209849488
34748,0.05576395208684463
34749,0.04728250257028893
34750,0.019348412152705857
34751,0.06289144514595998
34752,0.024801580196757923
34753,0.02824076682662428
34754,0.025652427677185168
34755,0.10532406618709046
34756,0.025616350523087427
34757,0.014411393127117793
34758,0.023509587050340664
34759,0.2974684024473979
34760,0.010930955313486581
34761,0.08418199079605258
34762,0.09922901018603657
34763,0.012413890131201798
34764,0.02911695428317767
34765,0.16939523134990453
34766,0.0387041315561142
34767,0.10026910047920241
34768,0.062197886528405105
34769,0.054713672937915105
34770,0.0328064167165324
34771,0.1341698171494158
34772,0.019409684724293573
34773,0.0171108812841142
34774,0.3013785565612828
34775,0.03409116013263162
34776,0.010013358603534507
34777,0.11376390184906492
34778,0.08936702924461759
34779,0.04627178346174326
34780,0.01737658053535762
34781,0.06203836040011658
34782,0.015029753824189956
34783,0.013389087350294817
34784,0.2703404059996102
34785,0.1330372580370374
34786,0.04576045420600887
34787,0.08764155163137743
34788,0.09090055671345433
34789,0.07191625707194356
34790,0.047866421858325035
34791,0.0996433037274466
34792,0.22170372968616275
34793,0.14097777981458673
34794,0.009475435971838773
34795,0.030976581897271562
34796,0.016292099165249697
34797,0.103706172131561
34798,0.021694911877871936
34799,0.13602744014519566
34800,0.02805522107375242
34801,0.019589577032170385
34802,0.015941992866377104
34803,0.16063001934897966
34804,0.01907119344044758
34805,0.07595297329930015
34806,0.020288844921075907
34807,0.02244882308869556
34808,0.08639962597345358
34809,0.042916738656325656
34810,0.05042118736110826
34811,0.10041049359564246
34812,0.040913745549392214
34813,0.024832476848521037
34814,0.035639834147365115
34815,0.024961287355801953
34816,0.031325889307780325
34817,0.018321417706827322
34818,0.09938597470309143
34819,0.15011238040213812
34820,0.10117530378848735
34821,0.04911270565451241
34822,0.051767050997431584
34823,0.07446502127127826
34824,0.07925366914223937
34825,0.04191053532527059
34826,0.04357621460435389
34827,0.048711373259469976
34828,0.020633937281528434
34829,0.0750108673075542
34830,0.041618114874345094
34831,0.032448003822739956
34832,0.21542514171024107
34833,0.06659612286108252
34834,0.04592168327989867
34835,0.04353954774310425
34836,0.028786540666035615
34837,0.022160651718062405
34838,0.07762366842763166
34839,0.1648344526070965
34840,0.03797881450116917
34841,0.030481034925343375
34842,0.02604716272981706
34843,0.06251626533619908
34844,0.050543943473071166
34845,0.042484553602131714
34846,0.026680369981499624
34847,0.15252086962222544
34848,0.020215508830274495
34849,0.026212370450706818
34850,0.029387449566115394
34851,0.06270002263823876
34852,0.04232313089417042
34853,0.0240208029740003
34854,0.08351639807607295
34855,0.0573998892559285
34856,0.053404543900363456
34857,0.01967657484177558
34858,0.2256201185572465
34859,0.14635896808841897
34860,0.12013428188150223
34861,0.024707307979901155
34862,0.13711655298291747
34863,0.018970630406446358
34864,0.013610719995937909
34865,0.08014046600847162
34866,0.011269420827367272
34867,0.12381625831961962
34868,0.06038654373116517
34869,0.022818494369296203
34870,0.05634535549238551
34871,0.03369310329543114
34872,0.04915402423932901
34873,0.040602742834176565
34874,0.042042094358967046
34875,0.034845754206818534
34876,0.0371153016344772
34877,0.028259777206760782
34878,0.046335472999663924
34879,0.020540250960760186
34880,0.024543103908056044
34881,0.054820056420210206
34882,0.028446195712462086
34883,0.020292254967222034
34884,0.05688357566848348
34885,0.02425588166302483
34886,0.03786779647059962
34887,0.02225386544555654
34888,0.05691311396389383
34889,0.033735870034870004
34890,0.08785930202097936
34891,0.025661590730488813
34892,0.03625614793248344
34893,0.030463677528879088
34894,0.037914334786949
34895,0.054883769822178706
34896,0.34267171899532817
34897,0.06629746932278652
34898,0.017149895141953208
34899,0.011938510243052324
34900,0.03349430788816437
34901,0.07505712513325064
34902,0.05632629527359264
34903,0.06595640862541798
34904,0.026808319327155113
34905,0.027464359949951524
34906,0.01239446810584356
34907,0.08034052561339781
34908,0.06918122035958896
34909,0.0392023012007259
34910,0.11782618902285331
34911,0.0688308958832714
34912,0.14871210710267635
34913,0.10943539185504461
34914,0.009341992025118574
34915,0.023092527388868713
34916,0.0452812693692152
34917,0.02968284192756565
34918,0.05538007065336339
34919,0.1709305000305719
34920,0.02558662941683531
34921,0.028582091420816882
34922,0.3560744764242702
34923,0.023388086738078396
34924,0.05490325252551358
34925,0.0268048460684012
34926,0.024346837052365178
34927,0.03269924685732334
34928,0.03365506529302574
34929,0.017218923352371147
34930,0.10375658459202475
34931,0.017486779729876948
34932,0.11360744238394428
34933,0.1750623872513044
34934,0.037705768837091175
34935,0.1536181227779968
34936,0.028964307007483283
34937,0.027341703263798405
34938,0.04339712517403331
34939,0.1952111859718651
34940,0.08993930525744216
34941,0.013567617017046816
34942,0.01585541357663618
34943,0.026735208738392816
34944,0.061414736152957436
34945,0.06658344329980924
34946,0.02297067194998788
34947,0.0627396816715948
34948,0.05755884961306753
34949,0.11407015910766735
34950,0.2569811379551879
34951,0.020465732289625352
34952,0.015840223374908275
34953,0.01573307337679641
34954,0.05410409925110793
34955,0.025050742893871752
34956,0.017027071320544852
34957,0.020259832906511385
34958,0.14978056636271764
34959,0.015883273188071846
34960,0.023844955817456277
34961,0.02227729589221342
34962,0.017313740875350665
34963,0.07732760234606176
34964,0.017868218874864034
34965,0.3355758111412522
34966,0.04931506005790507
34967,0.03079966685345401
34968,0.030151440609228055
34969,0.039253206736827785
34970,0.18885237618152456
34971,0.06914520301251904
34972,0.03725454604204831
34973,0.014938589545582193
34974,0.044925217122418565
34975,0.06136361003345085
34976,0.06878612036565654
34977,0.09604122558477743
34978,0.13399465919475728
34979,0.028207155765511402
34980,0.012264949953336716
34981,0.014637071835318214
34982,0.058315290127084814
34983,0.024409068970148107
34984,0.14664179417006626
34985,0.043653309537819575
34986,0.02255004756345204
34987,0.017480057897375355
34988,0.16907775530496652
34989,0.11116254001607692
34990,0.2034520126426527
34991,0.06355289382630787
34992,0.021343056641731844
34993,0.05696248132867197
34994,0.14987840427911758
34995,0.04941661276047736
34996,0.011883894034624264
34997,0.024867829771477955
34998,0.0242049324030498
34999,0.03193889251108102
35000,0.1169482340323805
35001,0.09226709577302099
35002,0.03981901627010757
35003,0.108013491828751
35004,0.18741980663672855
35005,0.16386098861325593
35006,0.054195948516737334
35007,0.0687388519706313
35008,0.11007991109153031
35009,0.05317498314794117
35010,0.04703591318615124
35011,0.06919802781090233
35012,0.01010779756221945
35013,0.18129506685603594
35014,0.025866753725991252
35015,0.07473118475082118
35016,0.055595743338932316
35017,0.011921078186331136
35018,0.05894945651684785
35019,0.1485475167183029
35020,0.06222534700310006
35021,0.24614547067099735
35022,0.0953605621322545
35023,0.07516890368436945
35024,0.017703404399136393
35025,0.06555107761373145
35026,0.18313124585518992
35027,0.029245359383761826
35028,0.039125991756672356
35029,0.06791032498179346
35030,0.03909274911076497
35031,0.07571750694508313
35032,0.06786088962401064
35033,0.08594121454718592
35034,0.11969318061895651
35035,0.0872128408180618
35036,0.01744898626736105
35037,0.5265896926921472
35038,0.030811600279175982
35039,0.024833950297222948
35040,0.05009688988476698
35041,0.05287244355873637
35042,0.027845218414594433
35043,0.01463798915777849
35044,0.036898525410398675
35045,0.03573125747733668
35046,0.12007051671214998
35047,0.027030146822176877
35048,0.012508832786468128
35049,0.02088304946026523
35050,0.02350331858874985
35051,0.029071893515215844
35052,0.02728527002094141
35053,0.05039722029224494
35054,0.08017906541205544
35055,0.3981425428348654
35056,0.055743834907458295
35057,0.013673857192157761
35058,0.051684077027858745
35059,0.06769205241729816
35060,0.044383209059216416
35061,0.0525567897039635
35062,0.08052326111800036
35063,0.022678660589639146
35064,0.035663809969664576
35065,0.025054053909804832
35066,0.03352306608138201
35067,0.021937676273021563
35068,0.040639869941354975
35069,0.04839499256700443
35070,0.035652969695512404
35071,0.21735952504742723
35072,0.03506181067824592
35073,0.08383945553886582
35074,0.163785227241801
35075,0.03693703643145251
35076,0.023814725573552055
35077,0.02424565372579142
35078,0.011428550179607363
35079,0.018567576422540345
35080,0.07977245418975307
35081,0.028415051523775867
35082,0.05423093821259645
35083,0.024597660250668153
35084,0.029696133281058967
35085,0.01593638738015036
35086,0.11003228528250691
35087,0.04508762891860142
35088,0.01669186429327223
35089,0.30553714418432376
35090,0.07207983216392258
35091,0.03243448235315495
35092,0.18630317059258103
35093,0.010355966128823946
35094,0.057286767357470215
35095,0.013922564030796206
35096,0.014511241968192798
35097,0.05960751914099767
35098,0.07749940089465901
35099,0.02833514750976688
35100,0.06364300601952114
35101,0.020596917796016363
35102,0.02831961339473476
35103,0.02829303787006788
35104,0.016981404623434358
35105,0.03772258667923722
35106,0.03931003567194322
35107,0.030290021941676758
35108,0.025091677171083494
35109,0.0949895724501951
35110,0.02741743458224119
35111,0.009498864943618079
35112,0.014313848896712245
35113,0.049324372747822344
35114,0.07869124211331427
35115,0.14371607755865867
35116,0.01475089832089285
35117,0.008610174214201564
35118,0.07508237946738369
35119,0.06703850647289275
35120,0.030895292648119323
35121,0.04682184445811138
35122,0.04352091100604631
35123,0.025705095004404384
35124,0.0947579734412733
35125,0.10739511114501124
35126,0.11699287654324989
35127,0.07485142040519775
35128,0.009076987060755494
35129,0.05843527727483502
35130,0.023734277730941084
35131,0.20009973877530587
35132,0.022837730255776432
35133,0.26206648355693174
35134,0.019967967399586145
35135,0.04132508756975664
35136,0.033286826085079026
35137,0.028794559660053537
35138,0.015142156696096995
35139,0.03630633650117057
35140,0.01780968813051722
35141,0.0179832419207869
35142,0.055946189640643254
35143,0.19319644860384763
35144,0.12870451379154157
35145,0.05288058140265794
35146,0.022731550139204987
35147,0.05545800044600348
35148,0.03571482223292603
35149,0.07560715597004009
35150,0.13241044553677808
35151,0.00990867176080295
35152,0.05165942489544996
35153,0.0411364727025491
35154,0.04546207100325089
35155,0.23892198039906903
35156,0.11408082166665842
35157,0.12354566778393025
35158,0.017875519316731793
35159,0.2877510022278954
35160,0.05392578418539063
35161,0.018144776840579108
35162,0.03212326259922713
35163,0.07953193337894043
35164,0.02774598048555505
35165,0.18021671195378824
35166,0.007464433886253964
35167,0.3577972555320046
35168,0.05700245379347211
35169,0.02156099647265325
35170,0.022953052490512223
35171,0.08779836612659171
35172,0.021363347548130907
35173,0.021215959529314824
35174,0.03544602828413372
35175,0.02768591255512026
35176,0.03394677550663489
35177,0.10548771349996265
35178,0.03630756465139165
35179,0.03121336388744529
35180,0.030358923636112464
35181,0.02160470196276887
35182,0.047091484910454354
35183,0.021356394152170662
35184,0.033714217618205505
35185,0.012590260008202443
35186,0.015695980328197603
35187,0.015246907837026563
35188,0.08547689600870015
35189,0.10490726232618536
35190,0.02170895934250498
35191,0.1075004603294247
35192,0.11700939975944863
35193,0.04457867398973027
35194,0.11349305148806749
35195,0.06319846597339573
35196,0.017484554051731417
35197,0.018798608665222358
35198,0.14744309661001437
35199,0.15316717370029803
35200,0.04280349238505356
35201,0.14386156044490334
35202,0.04336939817461513
35203,0.037339287252307264
35204,0.08332185633576897
35205,0.05239825035467789
35206,0.0370078342578297
35207,0.05152853866242324
35208,0.012492076935060503
35209,0.0636771256461097
35210,0.0349134501005894
35211,0.03997003394012685
35212,0.012828033053375942
35213,0.015845699303544142
35214,0.12246609547173426
35215,0.05165655729888931
35216,0.025341234597116118
35217,0.03397108858211732
35218,0.045201881685767054
35219,0.15744452826907243
35220,0.01806043380269153
35221,0.0934762283061105
35222,0.017763610134355304
35223,0.03471195217453396
35224,0.08133959053950142
35225,0.03352753847325284
35226,0.12786295157366376
35227,0.02874336052435591
35228,0.017008217449102567
35229,0.016870344082495495
35230,0.03790606983960762
35231,0.4057067461040137
35232,0.047339507062807346
35233,0.054984290769673205
35234,0.05843062928108178
35235,0.062216999447676315
35236,0.032916247730751004
35237,0.026954868067632108
35238,0.036774447419221375
35239,0.02248138584666331
35240,0.08841330628901167
35241,0.09667520931114626
35242,0.018283771361986435
35243,0.09193922169558702
35244,0.06771802975695206
35245,0.048888279378836004
35246,0.5296467071754665
35247,0.0185428263167296
35248,0.047369027147111706
35249,0.026507616974243413
35250,0.053341954025212385
35251,0.10960574469846243
35252,0.022123458855473534
35253,0.08664122895490746
35254,0.02318344456072468
35255,0.02435686135311982
35256,0.05188867417177621
35257,0.018811781637047525
35258,0.04602445765693391
35259,0.010458992170717172
35260,0.026244930231306647
35261,0.03779493827025713
35262,0.009864121874366149
35263,0.05329819309802989
35264,0.053372196495653015
35265,0.011592260929621718
35266,0.03288654606843218
35267,0.38825595520520007
35268,0.01942252740381265
35269,0.03459210864437213
35270,0.8899478237640865
35271,0.032202591378255666
35272,0.29952479868661797
35273,0.11944816265557379
35274,0.028251762435316685
35275,0.04209289111430884
35276,0.03866334583233484
35277,0.03243350221662099
35278,0.09004651125063991
35279,0.2516850212652848
35280,0.11346770905724826
35281,0.032606606431873845
35282,0.05606541893891111
35283,0.02347982726384397
35284,0.029901705685435834
35285,0.05932418961071323
35286,0.07214913114033353
35287,0.046311211056980855
35288,0.0351025915847535
35289,0.03247886241325908
35290,0.07163951637295682
35291,0.03853636166420324
35292,0.027295993727960037
35293,0.017886471906165144
35294,0.03734284286200363
35295,0.07521359097158498
35296,0.010851939668373533
35297,0.019780848389327886
35298,0.28020355186159845
35299,0.0369876237021245
35300,0.11714477390987171
35301,0.03102321187584474
35302,0.06829372029002086
35303,0.028604597369641598
35304,0.013816024091985579
35305,0.03527903224588613
35306,0.0711063948475108
35307,0.08560498689999932
35308,0.021973258225612666
35309,0.030216726048608263
35310,0.020744417221687603
35311,0.01761993167133266
35312,0.1192585944403167
35313,0.036335213770253644
35314,0.03310608219610116
35315,0.01083825091267532
35316,0.03312628147697537
35317,0.07379875146610156
35318,0.03457240461466027
35319,0.009566632301049822
35320,0.14292837855576532
35321,0.07291957036007812
35322,0.059611107923313755
35323,0.047064697221759044
35324,0.013846103094671179
35325,0.25349719381531566
35326,0.1469571172816863
35327,0.028492532846729347
35328,0.07065789408436968
35329,0.02339421499100712
35330,0.11874990206499572
35331,0.05106282892735041
35332,0.018727448677803245
35333,0.18672392486763145
35334,0.05754791986108556
35335,0.07743594261519957
35336,0.05640702138654329
35337,0.01899488650614834
35338,0.018505250837920997
35339,0.0551505236011727
35340,0.06189704139601574
35341,0.045300557713287656
35342,0.04023299745480079
35343,0.07424547816545476
35344,0.1773694026393434
35345,0.0244968330303738
35346,0.041719734680118
35347,0.017779793087961696
35348,0.08652595219706506
35349,0.015618760494428351
35350,0.0813118684599773
35351,0.049204223794807524
35352,0.024274958797932646
35353,0.03057804816274156
35354,0.1298700961200831
35355,0.01302849903828662
35356,0.07365015320349343
35357,0.026913105403114576
35358,0.09847416817933909
35359,0.02833419514256987
35360,0.09312968743064408
35361,0.01466616541374689
35362,0.23986001095122253
35363,0.2253265971726848
35364,0.02413272015908923
35365,0.044318507070233104
35366,0.07691010490555586
35367,0.14222545479397475
35368,0.045971964003866564
35369,0.02755985048444682
35370,0.08482337687028643
35371,0.036460518912439226
35372,0.04434081513122197
35373,0.053259461490946625
35374,0.03042226514300171
35375,0.07818455747214564
35376,0.05355372583175466
35377,0.10226211717158411
35378,0.026254517405835214
35379,0.028915539834625924
35380,0.025754132034037085
35381,0.031157189929131336
35382,0.023271825308348152
35383,0.03324212600321111
35384,0.045578611979623054
35385,0.02232683962673255
35386,0.09481610343868604
35387,0.015087925457555995
35388,0.01604884879509064
35389,0.13147348912145923
35390,0.02680331905010053
35391,0.10841393197792193
35392,0.03734246812086655
35393,0.10508807342786941
35394,0.5410719697079913
35395,0.017653757502283214
35396,0.08083297507994058
35397,0.010280406837956346
35398,0.03552343806062419
35399,0.05080916846757519
35400,0.07154673257847165
35401,0.04929014723414726
35402,0.11081461970787758
35403,0.05106849876716326
35404,0.020613035705183413
35405,0.061788736397522886
35406,0.02945278410420625
35407,0.009119600557451521
35408,0.016718626147616687
35409,0.04715194039664669
35410,0.06583710353861545
35411,0.04991692104918399
35412,0.051343226003501365
35413,0.04829161079081135
35414,0.03472582445802745
35415,0.03873893592748939
35416,0.06402159770028315
35417,0.02538252204356968
35418,0.07036913094612947
35419,0.038679748945091214
35420,0.07755563142493829
35421,0.042693467705073034
35422,0.031144637126632076
35423,0.051986421567942115
35424,0.19574071845176266
35425,0.1059761576184708
35426,0.02413978297234294
35427,0.06326498460408113
35428,0.015575314913151686
35429,0.018470465042991067
35430,0.06199839071222384
35431,0.03816561440752754
35432,0.07877953391673909
35433,0.0741126612561727
35434,0.04310520727989325
35435,0.018497238018816694
35436,0.02462595441203632
35437,0.0870153001366637
35438,0.07435587331626024
35439,0.10438885131532133
35440,0.029307804800090497
35441,0.02051062070164835
35442,0.3231859574549123
35443,0.1606694895847473
35444,0.03485334761682729
35445,0.03253789887929345
35446,0.042727828190120484
35447,0.1586035037203261
35448,0.10843444658658156
35449,0.014346610079342735
35450,0.0326397011156639
35451,0.3416682189369969
35452,0.058901587730189435
35453,0.030809251336066303
35454,0.08355932997553636
35455,0.04362764944351555
35456,0.03238978374760076
35457,0.036943652679036286
35458,0.025942867235150928
35459,0.02568776323672475
35460,0.01631322015602322
35461,0.026105538230998447
35462,0.11686546737362313
35463,0.01708679276578675
35464,0.04549955469881618
35465,0.07562428154799655
35466,0.035599714698743845
35467,0.020525319436656236
35468,0.013765195224307587
35469,0.05071332814895216
35470,0.049587749814168094
35471,0.02915150282336546
35472,0.029829111655124127
35473,0.10002517782520864
35474,0.012053869074203258
35475,0.5616416695034422
35476,0.019659011139284612
35477,0.029574406808041104
35478,0.03803590221392915
35479,0.011175677256945307
35480,0.01967495853208423
35481,0.05757090183471152
35482,0.10129735023790898
35483,0.014850098928711662
35484,0.01848527558017601
35485,0.06665823915159903
35486,0.02680320329929898
35487,0.017942133437171777
35488,0.06157602366578156
35489,0.0777230844900574
35490,0.09423515073192734
35491,0.07218744173932283
35492,0.02682677323053171
35493,0.038483449406677916
35494,0.07926486969697327
35495,0.12006579951295848
35496,0.07329583409301235
35497,0.15622548450391605
35498,0.009890126206353251
35499,0.03697020885486069
35500,0.05369699033752093
35501,0.03520382308966131
35502,0.040209747780398396
35503,0.07888847114753209
35504,0.027796200691718717
35505,0.434326128827662
35506,0.0192443042584578
35507,0.029694556723786996
35508,0.03317652567368961
35509,0.07521859115885857
35510,0.09101964780059371
35511,0.022704003777138167
35512,0.05887568061993251
35513,0.0424803253588628
35514,0.0695169201042879
35515,0.07112596306200943
35516,0.02715280017785554
35517,0.11599065614732855
35518,0.03657656307734508
35519,0.0858637502419566
35520,0.03676966494236382
35521,0.29409776000194965
35522,0.16597252323940237
35523,0.027841418332173525
35524,0.02891457297261187
35525,0.02002153793238367
35526,0.0849597756191857
35527,0.039736690375959574
35528,0.17914875535331248
35529,0.01746198022203372
35530,0.047910577152860775
35531,0.04702106908622847
35532,0.15004622673987275
35533,0.047259044314255816
35534,0.04285580705588819
35535,0.049040693196520366
35536,0.018798699752429638
35537,0.11396386052384194
35538,0.013627055560281091
35539,0.026572746182425052
35540,0.04764054811519413
35541,0.21552699157207147
35542,0.01730034408065579
35543,0.18797929727593832
35544,0.030825760514967746
35545,0.06290166831003434
35546,0.026565155963030086
35547,0.14906219643581617
35548,0.2144286156747375
35549,0.07739803697802976
35550,0.05244099186533583
35551,0.09792421462476804
35552,0.16898039273388135
35553,0.011821780798494611
35554,0.1579098771355917
35555,0.01748532351420452
35556,0.010598190179691085
35557,0.04498515768109867
35558,0.02690605880480034
35559,0.08731650587471149
35560,0.01602315437496694
35561,0.06761013823298306
35562,0.06146228224171307
35563,0.049805538633795436
35564,0.03210100916301419
35565,0.01498040756004075
35566,0.019014428078002788
35567,0.11553485178980363
35568,0.027224307319035298
35569,0.027367242132877518
35570,0.11813984759299265
35571,0.07533227421870878
35572,0.07610902761192294
35573,0.020179465987330746
35574,0.03915481899392652
35575,0.053771427176303774
35576,0.02501145470675123
35577,0.11800861242792182
35578,0.04223620620695961
35579,0.05864117470510706
35580,0.02630119495650235
35581,0.02301741953788124
35582,0.09884725012035357
35583,0.045639405920192555
35584,0.02544519757081452
35585,0.20183043204287976
35586,0.031495269341458236
35587,0.009306333001855295
35588,0.05744488803314812
35589,0.04168510609650783
35590,0.010761683608078174
35591,0.04323228336533856
35592,0.1585464144894486
35593,0.04645579085903624
35594,0.03523034148708756
35595,0.11814071685975089
35596,0.07162989686602461
35597,0.07498115179488427
35598,0.06645395250380001
35599,0.02428770911357726
35600,0.012701001111866297
35601,0.10108523475364285
35602,0.013967881444820529
35603,0.055554540572228195
35604,0.05455157919440761
35605,0.1244390822589947
35606,0.025486384832411942
35607,0.02466912934983133
35608,0.022563622211801058
35609,0.09963564104001776
35610,0.0650748290587184
35611,0.07146670365932042
35612,0.08394995179798033
35613,0.03890811013939115
35614,0.011222042355693016
35615,0.052214221728688545
35616,0.04667179418731651
35617,0.011579613662854997
35618,0.032941202162717405
35619,0.059792048170030275
35620,0.10843014364857223
35621,0.06930437995576558
35622,0.011027172400676511
35623,0.025244417338538185
35624,0.027793218107899864
35625,0.03504761795366582
35626,0.04197588919285167
35627,0.01239705036612885
35628,0.034695360598522365
35629,0.06845558613081039
35630,0.02099563187815551
35631,0.0327989749735937
35632,0.008444582624001119
35633,0.048362366494765816
35634,0.012626470473315379
35635,0.06009422826584747
35636,0.013408550677089102
35637,0.04237422185693616
35638,0.015798976635352645
35639,0.028586530347308146
35640,0.11717956999501614
35641,0.05730352164869769
35642,0.05761115053538318
35643,0.13933418156634578
35644,0.07153056789914633
35645,0.026782731556095896
35646,0.14386896321384418
35647,0.041170016165633865
35648,0.16567048558630865
35649,0.046085018352364934
35650,0.13921264632106856
35651,0.09075535376381513
35652,0.16065278572185226
35653,0.019242847168916596
35654,0.04793637682090148
35655,0.04794021052134381
35656,0.06007731728600867
35657,0.07794431978534816
35658,0.025557167456959982
35659,0.06441219002462736
35660,0.04666189848987094
35661,0.02008559893916538
35662,0.0713118908758393
35663,0.19209582622924914
35664,0.035228635305379244
35665,0.05106936065425721
35666,0.15774015611051406
35667,0.08368023683917465
35668,0.023948093595761735
35669,0.3256179890182116
35670,0.03864388295627357
35671,0.02867810749361057
35672,0.06745818979363827
35673,0.026168627509711908
35674,0.14279734751804513
35675,0.021727090142615455
35676,0.026308036500466692
35677,0.17743325000080037
35678,0.014642252001250026
35679,0.2125456432062186
35680,0.0243429787369093
35681,0.06724267652654638
35682,0.07990625044245117
35683,0.016827654789136913
35684,0.019294903857699136
35685,0.057909720330707765
35686,0.03998981800249153
35687,0.035940553656930725
35688,0.06916705122574349
35689,0.030670794387128417
35690,0.012778915021681696
35691,0.04183850031660949
35692,0.06000442651264787
35693,0.037654256781084985
35694,0.029587998545725608
35695,0.11665285229054659
35696,0.014475025478967186
35697,0.035427145498240144
35698,0.03803765695327191
35699,0.028665785813217926
35700,0.013619553490897322
35701,0.05195536696455335
35702,0.02041446685903834
35703,0.04320193089020468
35704,0.08902584936689209
35705,0.026200524217620137
35706,0.024401293713016615
35707,0.08475511878674882
35708,0.011745495725401395
35709,0.039805916922401305
35710,0.026657596619684344
35711,0.03165745519370203
35712,0.041362757287742996
35713,0.06818397604564647
35714,0.026025811556663142
35715,0.0306567992937265
35716,0.0851195820039837
35717,0.051433064304707656
35718,0.02786994440687859
35719,0.020842226125133485
35720,0.010180983666123335
35721,0.059990620646434296
35722,0.012138345709012021
35723,0.03701153513982099
35724,0.013375191706137159
35725,0.2705172115225425
35726,0.06271801632608719
35727,0.23975307196681372
35728,0.013181122476101655
35729,0.07134354229462589
35730,0.02394577633699489
35731,0.0387592320577186
35732,0.20115052791514687
35733,0.014669970665482706
35734,0.0186814431447725
35735,0.12049024343080897
35736,0.04496523973655171
35737,0.01087829480267662
35738,0.010944201129975701
35739,0.12191420798782002
35740,0.11383581899820716
35741,0.016247028269986186
35742,0.2669646221014256
35743,0.2938610682404536
35744,0.1292174888930696
35745,0.012430207636663627
35746,0.009511576164499918
35747,0.14207517736977854
35748,0.10071562015043428
35749,0.024131966947460188
35750,0.10628477195298368
35751,0.03557886005714348
35752,0.10313478921536004
35753,0.11828997279853012
35754,0.0999940725330096
35755,0.024692243690257354
35756,0.08337285803440905
35757,0.03159982187999464
35758,0.29572024228393023
35759,0.032568938030825355
35760,0.034349341300444224
35761,0.14814920313697744
35762,0.05627894884689344
35763,0.08206590718536531
35764,0.1259501837406212
35765,0.13350518510776613
35766,0.014615936341500404
35767,0.028187421202901162
35768,0.06773800867191092
35769,0.03739997170581553
35770,0.026866732932677422
35771,0.04112164217572771
35772,0.027704038413880486
35773,0.020499506805175566
35774,0.027929768830888872
35775,0.01885992217925068
35776,0.09537310007249043
35777,0.12650991518069013
35778,0.03640689534516581
35779,0.024111989784812438
35780,0.03793363050717484
35781,0.013733990257816334
35782,0.12165039818579018
35783,0.018670651805813992
35784,0.01353677648288318
35785,0.04150454796082287
35786,0.017079196747899657
35787,0.026118398944765663
35788,0.06910889847386698
35789,0.09391481631237164
35790,0.024212036832118138
35791,0.019893605459882748
35792,0.013370943054242145
35793,0.057611573196859694
35794,0.038052653932518735
35795,0.03091114538853791
35796,0.03071190952803763
35797,0.014023298246266991
35798,0.011849170393262916
35799,0.021008411654904923
35800,0.11155328999651054
35801,0.025621518561915867
35802,0.0848513496583426
35803,0.06361597418454777
35804,0.04875370634245211
35805,0.09722005190599145
35806,0.1542416373968498
35807,0.028739452136229113
35808,0.012521952921106017
35809,0.03431791874751883
35810,0.02191149248120489
35811,0.07196054181751098
35812,0.024472875238995474
35813,0.02296195840606101
35814,0.039863836941215994
35815,0.0187274296844072
35816,0.15022037086098222
35817,0.04481686910544348
35818,0.08881046127147345
35819,0.1219996653955322
35820,0.013578019036048914
35821,0.030975535228590846
35822,0.04345154726858784
35823,0.034904638168968403
35824,0.018009922904641498
35825,0.04016103562634969
35826,0.03826894142588867
35827,0.2440023184501491
35828,0.038278638979845334
35829,0.03591757010460051
35830,0.058367276840202015
35831,0.034357920372597626
35832,0.041732465302488274
35833,0.056236660707910634
35834,0.21551214490499254
35835,0.01854022301852351
35836,0.07182000340056677
35837,0.04220893942417314
35838,0.06544748345830306
35839,0.036749875675888354
35840,0.028630916025743428
35841,0.1808423631744551
35842,0.016560812528070044
35843,0.3170794470315469
35844,0.22171432762431498
35845,0.06921992204971619
35846,0.13480418980229222
35847,0.11377370059268234
35848,0.020642346023760326
35849,0.03477033128968471
35850,0.031208710876864096
35851,0.021865742565400692
35852,0.1427976352771926
35853,0.05355820172204574
35854,0.11492549158035033
35855,0.05598550866686279
35856,0.006034233401623227
35857,0.02241136554821807
35858,0.012359015099970425
35859,0.1555449306347777
35860,0.1087420019643581
35861,0.0250268429049536
35862,0.0299168087793767
35863,0.06924900841164988
35864,0.028809718785523852
35865,0.04039942280324707
35866,0.04792958492210904
35867,0.039660014328257234
35868,0.041408164413045095
35869,0.056787943211526234
35870,0.10540547869462263
35871,0.4758554344367167
35872,0.02177977538239275
35873,0.07229482327225051
35874,0.06597640926495439
35875,0.034677536439818545
35876,0.033785171956314794
35877,0.048719019647163624
35878,0.038480346584477916
35879,0.029839546101668408
35880,0.07506722677441025
35881,0.0402363210175406
35882,0.08391588790366929
35883,0.11676668467345956
35884,0.06437896366831723
35885,0.0091550046657097
35886,0.06603867441756876
35887,0.053863954680475654
35888,0.08652233615112498
35889,0.08203598253191702
35890,0.026855683053055288
35891,0.04578822667245608
35892,0.00944951561754209
35893,0.030175730043939506
35894,0.2994725688425459
35895,0.17789147649036052
35896,0.024756265598264295
35897,0.04128497328379063
35898,0.158184134891384
35899,0.06765877599546063
35900,0.024540734369594898
35901,0.023000260683862777
35902,0.07590904920901781
35903,0.040662018791647714
35904,0.09423247075108201
35905,0.03861436864675309
35906,0.02466634792771291
35907,0.1151693320547156
35908,0.11343615318039241
35909,0.08732609486964957
35910,0.04340618399244287
35911,0.05984320248778386
35912,0.1413779608130118
35913,0.047139706396384956
35914,0.03153706056217408
35915,0.0223666869848333
35916,0.06259144872719101
35917,0.31724411345128184
35918,0.03839036516146309
35919,0.019136273203901332
35920,0.03321908986754371
35921,0.033931675335416474
35922,0.06727957207912319
35923,0.05237711666080846
35924,0.04711818862644779
35925,0.031508888042376094
35926,0.03955396666310739
35927,0.0754275363395612
35928,0.05173688631246401
35929,0.06061523415898239
35930,0.024223629128897133
35931,0.02127984002021637
35932,0.20726388742433707
35933,0.09051937132909557
35934,0.06612039601824746
35935,0.07218543872136372
35936,0.06785920454359244
35937,0.03947237883427889
35938,0.0649029321108312
35939,0.13783038294375607
35940,0.03665686209404131
35941,0.05741798489023184
35942,0.02416768661057438
35943,0.051918705099258555
35944,0.033866099381462234
35945,0.013858829495673186
35946,0.2141130085719346
35947,0.11150389008472097
35948,0.06910332426709459
35949,0.019642284952706843
35950,0.02165326612780071
35951,0.030547597133063834
35952,0.013708405140680401
35953,0.18656304330754575
35954,0.026358548264967932
35955,0.19983965807529747
35956,0.09544757204112407
35957,0.030648928943318166
35958,0.14918525320824144
35959,0.019172288402709917
35960,0.03926023301616432
35961,0.015152646239610108
35962,0.10119058341981992
35963,0.023706525059333017
35964,0.024141010471826478
35965,0.035118776052441895
35966,0.02680926854075276
35967,0.024914267201402978
35968,0.00932975556276727
35969,0.11448379358015309
35970,0.013271219293890931
35971,0.06541046929915156
35972,0.33550339488633096
35973,0.12108768094967906
35974,0.01775638381068817
35975,0.08273420694460623
35976,0.07724333909817821
35977,0.13702089714024873
35978,0.018406499463008517
35979,0.09852188801175067
35980,0.05087222183778501
35981,0.15446080083960217
35982,0.12087644220709123
35983,0.0924816480920857
35984,0.1483864059595628
35985,0.0258567862319387
35986,0.030458742451687497
35987,0.028567941587459077
35988,0.08809771028499816
35989,0.01868591914359256
35990,0.01976419041329172
35991,0.25063705846927903
35992,0.03480007328525295
35993,0.15105360226029446
35994,0.3464201054229254
35995,0.0334350207380937
35996,0.07204227653376585
35997,0.04744629536221699
35998,0.038302796422330615
35999,0.03515549179627599
36000,0.02978096769177368
36001,0.05143820226996069
36002,0.08029870759788157
36003,0.024175595875400708
36004,0.02249988236507469
36005,0.024599021169146158
36006,0.05850971917720046
36007,0.0462459826741122
36008,0.02552889087666536
36009,0.11686921631056196
36010,0.0429389811025616
36011,0.036088884713461146
36012,0.05039285841924068
36013,0.027629064777511106
36014,0.08873362831199796
36015,0.04065429249610994
36016,0.0191873172456703
36017,0.04111205414867698
36018,0.03549027291110026
36019,0.05103764021469266
36020,0.038610844503559755
36021,0.1920596597508427
36022,0.040340172007044636
36023,0.16155390262313707
36024,0.2190181962964703
36025,0.09292010543828816
36026,0.10448112414545405
36027,0.01844387256484363
36028,0.1107988963098956
36029,0.24962963651575498
36030,0.046442796197367145
36031,0.015203074824969324
36032,0.01293341720541834
36033,0.07656440848856061
36034,0.04232264261774617
36035,0.03533714557498429
36036,0.05733758327860417
36037,0.06221064811342321
36038,0.09134975221776317
36039,0.030637563161368418
36040,0.014537109029573359
36041,0.12122237176072977
36042,0.014234870968104593
36043,0.04150840957743393
36044,0.09190826522221396
36045,0.12646477039386958
36046,0.02593448432333859
36047,0.048394504969625045
36048,0.06738457980932393
36049,0.07670470496749003
36050,0.024688256808943557
36051,0.023727492147394405
36052,0.07988923472935278
36053,0.12484983060287337
36054,0.034145314352832384
36055,0.08423407714379359
36056,0.06001252672334693
36057,0.04763092529967441
36058,0.06616198989050624
36059,0.07259542866230152
36060,0.06808756298873991
36061,0.03992734083990463
36062,0.03837656017008092
36063,0.04070232429830858
36064,0.09535248604431307
36065,0.02852112791087067
36066,0.030666398532695094
36067,0.035305936642431715
36068,0.08904979281233888
36069,0.2668831901356839
36070,0.12289177174389507
36071,0.019610556432011858
36072,0.03917516792156307
36073,0.0753995926200664
36074,0.1512537665950453
36075,0.0293301058862038
36076,0.029831091999874722
36077,0.025781886112879775
36078,0.023194533451776807
36079,0.015589912463201403
36080,0.027372551207216676
36081,0.06522296067356377
36082,0.045871276315034855
36083,0.03168026903098371
36084,0.037609549910713524
36085,0.033438577544005754
36086,0.12130387138285745
36087,0.13775353344377528
36088,0.2257761334725788
36089,0.015881612169465008
36090,0.23619189823464398
36091,0.08166621258215995
36092,0.07869504541863614
36093,0.040179458954981616
36094,0.023136843757809396
36095,0.08503148852793663
36096,0.02347864349485997
36097,0.03711303825294619
36098,0.061218154461453275
36099,0.13158773650356437
36100,0.006789374410463426
36101,0.017788097705651495
36102,0.15168773247826955
36103,0.1582807853433762
36104,0.09793977662816616
36105,0.17706831363978337
36106,0.022226363049856326
36107,0.03705279188724552
36108,0.014763040934850704
36109,0.12480858915300869
36110,0.050398730665751804
36111,0.03907974615317488
36112,0.028373539580403152
36113,0.01917961204458558
36114,0.025320822315954172
36115,0.03906596063207625
36116,0.0322242756317016
36117,0.19972323639657039
36118,0.21233071568884485
36119,0.03488992804532091
36120,0.10811476958318397
36121,0.04721590761639585
36122,0.039719712235164094
36123,0.012305557121254694
36124,0.029882990809824612
36125,0.018217171096923945
36126,0.14077387557531312
36127,0.03206771669866682
36128,0.01330468162448506
36129,0.026650768774639497
36130,0.07606175617308095
36131,0.059571926079449694
36132,0.0446427933983974
36133,0.05068307189632968
36134,0.13453510921845802
36135,0.048399220671353084
36136,0.10017085908029225
36137,0.20534054349321657
36138,0.02463761894518769
36139,0.04675177817182563
36140,0.08095495419060939
36141,0.029491062207501976
36142,0.06501240625986725
36143,0.15208876135567573
36144,0.05108147224144349
36145,0.01479677815233107
36146,0.07029961651642538
36147,0.0793976037858206
36148,0.04374745385550878
36149,0.12692517986223495
36150,0.022347549314515516
36151,0.1664219898097475
36152,0.035897892034794196
36153,0.10807313766442275
36154,0.1656924751479659
36155,0.05194938486093002
36156,0.04827900203206557
36157,0.0636061547212721
36158,0.02662096162742838
36159,0.06899340247280866
36160,0.08313121709074775
36161,0.03287191970987892
36162,0.11349709706995281
36163,0.021244267351928525
36164,0.0806098877148476
36165,0.022791828954584717
36166,0.18345095796993835
36167,0.07848718541796057
36168,0.061955769026677
36169,0.04749540384801146
36170,0.2394490546248972
36171,0.009183543831463201
36172,0.24871986609699748
36173,0.05211645455870012
36174,0.06611242797829968
36175,0.10165395096469161
36176,0.13385398065418316
36177,0.07953406069869777
36178,0.042723622635126246
36179,0.010990447170961558
36180,0.02714412704634483
36181,0.01419466094524472
36182,0.016266105262921084
36183,0.12059004774465329
36184,0.13072463552446642
36185,0.016769232747180538
36186,0.040839282037324266
36187,0.036236323653431476
36188,0.011522353172839046
36189,0.04551202928847184
36190,0.055049827712686315
36191,0.09415347440991723
36192,0.058332691329491065
36193,0.24612714102590816
36194,0.03526270985428295
36195,0.06424308630463496
36196,0.06744565010062896
36197,0.03399093678025043
36198,0.057896429990319256
36199,0.030682965497987956
36200,0.02064803718154044
36201,0.045705587632198445
36202,0.009153410328152083
36203,0.02678870415096346
36204,0.09077567321402596
36205,0.014819210641652616
36206,0.02581780138059018
36207,0.011753524538641232
36208,0.0282635567494343
36209,0.03553727312428772
36210,0.02051430384947679
36211,0.09334945893641591
36212,0.06114241854690258
36213,0.024483470750899513
36214,0.07892790404678758
36215,0.018847038117489764
36216,0.026091566360172954
36217,0.01935584523257477
36218,0.051782116674959494
36219,0.02221691279917574
36220,0.11374738468389861
36221,0.08074444134013253
36222,0.032574959575706455
36223,0.020346687836156924
36224,0.0993234847198943
36225,0.027441632566632134
36226,0.01988052899587393
36227,0.03790133188364904
36228,0.05614174218812613
36229,0.0422396138005236
36230,0.07349197433642268
36231,0.05606521479701268
36232,0.07979723765003097
36233,0.09269292971740968
36234,0.028633744435205145
36235,0.05738067566291316
36236,0.04585989972273391
36237,0.07648057538763478
36238,0.026882252796651955
36239,0.022397258770386154
36240,0.11033928557692352
36241,0.12039193307202889
36242,0.02740885340563555
36243,0.07317129053663324
36244,0.04859352265903916
36245,0.04902606997958182
36246,0.04912822767780067
36247,0.08551678139605196
36248,0.08021747071716531
36249,0.09704316145201446
36250,0.022778143317049835
36251,0.010413391460869255
36252,0.08154945151858384
36253,0.017911538040443816
36254,0.19446192973838913
36255,0.02187186301526265
36256,0.044461103355397574
36257,0.05347351267546537
36258,0.10982448956263413
36259,0.036429202025531585
36260,0.017037797241288823
36261,0.04375580475919188
36262,0.031905948736644485
36263,0.06668469622501084
36264,0.011040490910570508
36265,0.04988032439433768
36266,0.06934817799039265
36267,0.03199823231037137
36268,0.012875496128127844
36269,0.025846163158614342
36270,0.040834612943859226
36271,0.02907241044004169
36272,0.16172842425492592
36273,0.01503368935610127
36274,0.021631499762298105
36275,0.053436019106141916
36276,0.02695117617493357
36277,0.02105791586730031
36278,0.014692031885018393
36279,0.016285199232289976
36280,0.0637589577512533
36281,0.03237361744046596
36282,0.017299015024612382
36283,0.11586294832477385
36284,0.08893136001277904
36285,0.020820911436825164
36286,0.05937485275228042
36287,0.02739634949232013
36288,0.03884038404048406
36289,0.0319637288157468
36290,0.07029079089089155
36291,0.12751174405591933
36292,0.08643478110054321
36293,0.0908882870811045
36294,0.3000909598704453
36295,0.07690436221942093
36296,0.07782615649731689
36297,0.03800232405087006
36298,0.03402302888103062
36299,0.024471016304291424
36300,0.2513289916753758
36301,0.2573037665310237
36302,0.024004060898380416
36303,0.01915194551438583
36304,0.0336234343347757
36305,0.02635535088714684
36306,0.03789779153943837
36307,0.018469985577591396
36308,0.04505322324545448
36309,0.0180465707236073
36310,0.04377619558258696
36311,0.057203544692100025
36312,0.022045610888113496
36313,0.09391982452616297
36314,0.9837992457568595
36315,0.06441794927955681
36316,0.017767160376205408
36317,0.10221025496265496
36318,0.018758069319260946
36319,0.029955508338707252
36320,0.04105390005966697
36321,0.05087084587999172
36322,0.021158151302872387
36323,0.01272271109969084
36324,0.07635244598176853
36325,0.026866857287430372
36326,0.01696164651661897
36327,0.04522404183194776
36328,0.022177297393163837
36329,0.045302393998978625
36330,0.049560098531680676
36331,0.030137511358983515
36332,0.14915955252522642
36333,0.019894671775822534
36334,0.04837821754733922
36335,0.043328631879706016
36336,0.050586412427343616
36337,0.015037706430531431
36338,0.04384769011632494
36339,0.04977631170776588
36340,0.3215954993636223
36341,0.026748617388440286
36342,0.01990160673865506
36343,0.027056175329539335
36344,0.058001666557045126
36345,0.05949962984814931
36346,0.023199491985538383
36347,0.20952374392477022
36348,0.024147978884378522
36349,0.048732578136706596
36350,0.025331550828491443
36351,0.03249026694743685
36352,0.06819050743414458
36353,0.031000380395878532
36354,0.060503391535531505
36355,0.10418818156706161
36356,0.03041859036360668
36357,0.036031690250611564
36358,0.03356343563323082
36359,0.046478811626745276
36360,0.023620510902005197
36361,0.043384278624284525
36362,0.040264333576900846
36363,0.025968358570984243
36364,0.04861150294122395
36365,0.2576837311155137
36366,0.08890398960101063
36367,0.14337635283299746
36368,0.026573844879563623
36369,0.07112597764694256
36370,0.032604470570417855
36371,0.01054257007980544
36372,0.016222138948389635
36373,0.021119531046448706
36374,0.021442806128326827
36375,0.02276975330061037
36376,0.031076692854228365
36377,0.02060508442929532
36378,0.03452247721439035
36379,0.12171126021605105
36380,0.02007726255096761
36381,0.14953009018813526
36382,0.03397335781312881
36383,0.11804142536426737
36384,0.08719174417493475
36385,0.054501821406662924
36386,0.07131329894460085
36387,0.01937777983034526
36388,0.047694059139032546
36389,0.2015625951304132
36390,0.05007217722464069
36391,0.027906482511018946
36392,0.07891392977961463
36393,0.018740206810296117
36394,0.011494558490101264
36395,0.01626695605732526
36396,0.013514115534605395
36397,0.02374499326566874
36398,0.17552255812151213
36399,0.04743844853340153
36400,0.14952061865725147
36401,0.06009410752952086
36402,0.025393993366233294
36403,0.06159205946094546
36404,0.02039699630639733
36405,0.03244880929088419
36406,0.09494078500367642
36407,0.11468985566142761
36408,0.06001900246141788
36409,0.04264750266836182
36410,0.026753607306742533
36411,0.012141420003319702
36412,0.011697081835392097
36413,0.021949369488002725
36414,0.07103863136511772
36415,0.04881891975184287
36416,0.062013031438015315
36417,0.016360300854942233
36418,0.043492132393160056
36419,0.13454186857423314
36420,0.026851596404477054
36421,0.036719136178453675
36422,0.07526653127237555
36423,0.13097443755522384
36424,0.013977943391349104
36425,0.048139719726107096
36426,0.10329037728566157
36427,0.21867847788228598
36428,0.011886306060738724
36429,0.01884313382924337
36430,0.09003907516083853
36431,0.009014107718250872
36432,0.029080047951661074
36433,0.16960191250644607
36434,0.018551846131045158
36435,0.052263778453897014
36436,0.0903529807702174
36437,0.105395329224481
36438,0.02353868298703958
36439,0.022951542933884808
36440,0.07498877591525857
36441,0.09447327740248306
36442,0.07970272731927616
36443,0.018748295431639268
36444,0.06281140112844341
36445,0.027262965877166194
36446,0.14577885386252865
36447,0.19404567482971674
36448,0.026435196523864963
36449,0.10211598185073241
36450,0.040130197568568456
36451,0.08965822480816235
36452,0.021648398335955804
36453,0.04051548179841625
36454,0.06405379100958186
36455,0.03069794554341771
36456,0.09973427334193755
36457,0.028100028736478697
36458,0.04140458557208873
36459,0.022436414838798234
36460,0.09194027438865553
36461,0.127725281983122
36462,0.0339186025806717
36463,0.09931075116074678
36464,0.08987283745835065
36465,0.12463282160508019
36466,0.028743259653636544
36467,0.05405356133379725
36468,0.0747003702193779
36469,0.1184186231214811
36470,0.030690019318601994
36471,0.01778682471877765
36472,0.4080512171196769
36473,0.2193106790839765
36474,0.03251382284750257
36475,0.20638673795064225
36476,0.0373313942598039
36477,0.23285791046760723
36478,0.06516461330585513
36479,0.027353167105942246
36480,0.024229132457602432
36481,0.019993805072370346
36482,0.14435487055379365
36483,0.07326236448314147
36484,0.09040623011205029
36485,0.024171105501947565
36486,0.02492309204986037
36487,0.023798007361722537
36488,0.010975534054183188
36489,0.065696265011942
36490,0.06575494075482125
36491,0.07332801988580243
36492,0.014133913753153213
36493,0.0880285643288351
36494,0.023760731200426
36495,0.019085890342849514
36496,0.02347625703106004
36497,0.030568990901031073
36498,0.025120397996986097
36499,0.05303069125500105
36500,0.036658075220006164
36501,0.041293703308598696
36502,0.029967343308723755
36503,0.04865589585056674
36504,0.02743390441705318
36505,0.07753167310206954
36506,0.06869778734577095
36507,0.049610614262896334
36508,0.015112799197056166
36509,0.4971578267956083
36510,0.03337550340310552
36511,0.02361117226947999
36512,0.08402213338504186
36513,0.007232031692415657
36514,0.014765640272355114
36515,0.05805113339103474
36516,0.05484618065581362
36517,0.02082544209683225
36518,0.021805218493278527
36519,0.025370490907621307
36520,0.22933504828460188
36521,0.019181670023497
36522,0.048230237860724806
36523,0.03515537964354075
36524,0.023008106255981986
36525,0.054800015078575
36526,0.02525481836225678
36527,0.02947563396102676
36528,0.1194341591071918
36529,0.017511740825428435
36530,0.03593254330975982
36531,0.11093562364971786
36532,0.05555321673613539
36533,0.07648635122233512
36534,0.024668300687534832
36535,0.026731598829112854
36536,0.19418758101652311
36537,0.2248507841126871
36538,0.1044757684257411
36539,0.03311292971011375
36540,0.08178322130842468
36541,0.049888414068673094
36542,0.022104200039891234
36543,0.20768090699493202
36544,0.044091408728393004
36545,0.02238254281813489
36546,0.04719712031390967
36547,0.02700706029747496
36548,0.014800120357720362
36549,0.02343477392485739
36550,0.014017241535594641
36551,0.026143512538932902
36552,0.01901780712814216
36553,0.20521614793868906
36554,0.06297830573025207
36555,0.040562867631958224
36556,0.04897217490732942
36557,0.3134699263132489
36558,0.044474716881629406
36559,0.02262058683201118
36560,0.024711712203191225
36561,0.04556180727037265
36562,0.1670381144064037
36563,0.10832360927545422
36564,0.00930278810017245
36565,0.024469981069962315
36566,0.06484502466506922
36567,0.06463131670375859
36568,0.06963926300697318
36569,0.10428555628920114
36570,0.11896141945864162
36571,0.019478978162724023
36572,0.060143815918577835
36573,0.06000816886356691
36574,0.0786343572624382
36575,0.011302462046210052
36576,0.020160784183459516
36577,0.08743488190579249
36578,0.061251603956338996
36579,0.01607563557792938
36580,0.030111678045823164
36581,0.009306684157654784
36582,0.02750251573322606
36583,0.14493724381065254
36584,0.663566369088497
36585,0.046409623156443015
36586,0.017219363955874582
36587,0.03344396435509598
36588,0.04330935307285443
36589,0.18208364649783124
36590,0.02548832929569296
36591,0.0703704331998405
36592,0.0358016776897617
36593,0.01741874583813114
36594,0.07340594462204027
36595,0.06283293128624273
36596,0.02598909116651148
36597,0.10946851318296777
36598,0.01500995698003275
36599,0.023414598297046875
36600,0.08482761883147183
36601,0.033187958304970344
36602,0.16034977880585094
36603,0.020836030266518448
36604,0.03492011406505872
36605,0.04221174820128748
36606,0.025922110934672886
36607,0.05861686861043074
36608,0.14660164780192592
36609,0.04676897701758012
36610,0.025090593789732565
36611,0.061907565625801436
36612,0.08479808312458828
36613,0.010406486136130658
36614,0.011254552245545252
36615,0.040572392581043844
36616,0.03746183791454653
36617,0.08265406184029098
36618,0.024337544783624168
36619,0.04756071350495486
36620,0.06484648439312736
36621,0.025627444592308313
36622,0.023784029066417096
36623,0.03902850460548382
36624,0.05169635621876125
36625,0.014597674734518014
36626,0.02119853515979437
36627,0.09190167347508424
36628,0.13373785509419905
36629,0.04692625541814886
36630,0.02884414936157273
36631,0.02162570618873966
36632,0.06654831791805935
36633,0.07614354884693454
36634,0.062191093958126734
36635,0.019348251165935013
36636,0.0158414964663488
36637,0.0415969738270101
36638,0.05498721831470801
36639,0.06559476698227415
36640,0.0137076797575396
36641,0.02386619363891629
36642,0.14556923442464872
36643,0.04529209358854796
36644,0.03372236430037439
36645,0.12696285020349035
36646,0.02672592868049363
36647,0.011390263111338231
36648,0.06830896287670259
36649,0.053622482630132015
36650,0.04602579093985568
36651,0.05564763279631081
36652,0.01898491403210419
36653,0.04954188633371612
36654,0.03856405466115701
36655,0.01795598101815825
36656,0.028452650223683776
36657,0.04008729498190664
36658,0.11636627366913048
36659,0.07591896493140332
36660,0.04973457042483548
36661,0.04001291892830075
36662,0.07731823099881291
36663,0.1793328414353601
36664,0.019132326668198283
36665,0.08288855161144638
36666,0.03201771316167238
36667,0.024221917234064326
36668,0.036141330453565754
36669,0.10593458573783242
36670,0.08199920417132711
36671,0.0948322132222364
36672,0.027533195884162285
36673,0.03407346794311816
36674,0.15298775246277516
36675,0.020678987850077026
36676,0.043686591723556996
36677,0.023593426365275928
36678,0.022774420300966616
36679,0.009838594052983488
36680,0.014109693135732541
36681,0.3399009651332056
36682,0.01736643053010724
36683,0.1960574449639441
36684,0.02497294772010485
36685,0.0504203260654864
36686,0.025411073931547127
36687,0.025472375442615783
36688,0.034605697396970704
36689,0.14759650326607804
36690,0.1191688267820614
36691,0.02814177450968164
36692,0.028940197463668126
36693,0.1783092986521331
36694,0.016432680434128905
36695,0.025025841178781972
36696,0.036309973042103975
36697,0.04788208602049236
36698,0.00995925174101645
36699,0.018084475879779825
36700,0.08510623915103972
36701,0.03571096069209978
36702,0.07482026790071582
36703,0.035131917479265154
36704,0.026208463140774196
36705,0.09089597564807295
36706,0.08366956983547462
36707,0.0146363292845446
36708,0.014641986589274597
36709,0.03304915498027064
36710,0.1023883441450175
36711,0.045622005258607844
36712,0.08527925968862056
36713,0.017494227632199853
36714,0.06805516091752095
36715,0.03521297200737381
36716,0.04932224738348355
36717,0.1222308131917232
36718,0.024751095428190588
36719,0.027249151871292912
36720,0.025547000019026087
36721,0.07479663846452793
36722,0.3801443374922861
36723,0.09825515137458501
36724,0.040716969151566265
36725,0.023403862317358998
36726,0.08099848062937585
36727,0.16215763790171345
36728,0.03498588750738488
36729,0.016987598092427718
36730,0.036752265334955875
36731,0.09486724809521724
36732,0.02185639483829489
36733,0.035190140610193085
36734,0.021064317054934178
36735,0.034525548118857774
36736,0.03656647578360515
36737,0.09939822711307952
36738,0.016139723394405024
36739,0.08725357917101738
36740,0.010222965713678096
36741,0.051697371433286475
36742,0.18158150821491736
36743,0.02967791544282319
36744,0.2946119026314726
36745,0.031886007082520346
36746,0.09140020094927488
36747,0.035302397681340913
36748,0.07318999647555903
36749,0.05356152893459138
36750,0.12258833306993111
36751,0.08190220009977413
36752,0.07189812235998945
36753,0.05271871444639898
36754,0.025399044972471828
36755,0.04389898098358194
36756,0.014422253933609942
36757,0.15737782780615361
36758,0.18338046928970347
36759,0.14347880227423399
36760,0.048475895116287256
36761,0.019321041885373445
36762,0.0664793769144394
36763,0.12560625741049639
36764,0.06202085793871462
36765,0.029900916501774698
36766,0.05347301440986026
36767,0.22454856055018946
36768,0.03713340699723909
36769,0.03455588755015743
36770,0.1399146807280613
36771,0.2058166576620114
36772,0.09825487651291613
36773,0.023997574724109894
36774,0.0244762251647068
36775,0.10335060205732076
36776,0.014816782003946894
36777,0.08355809608337725
36778,0.05008701200438021
36779,0.03321170444340014
36780,0.007589142417892544
36781,0.15779496457238207
36782,0.05426078188335591
36783,0.10573419054572417
36784,0.052958527791667126
36785,0.054025248670356005
36786,0.02248606282119078
36787,0.09278098469876325
36788,0.02564009023479034
36789,0.05447043754110181
36790,0.1203440079256226
36791,0.05802101814720989
36792,0.10876930647306012
36793,0.01901258898106962
36794,0.025205464591372066
36795,0.016782662725491948
36796,0.07759203854655167
36797,0.05818448505272666
36798,0.1247102589794436
36799,0.06484556155009541
36800,0.05009110188644711
36801,0.03730020182278342
36802,0.010262182810742558
36803,0.12641406477299902
36804,0.021032299072639704
36805,0.021617349835252778
36806,0.014512992125732017
36807,0.016837517208513814
36808,0.1110410749178701
36809,0.023115247247447526
36810,0.0173555909842409
36811,0.04886831348328134
36812,0.03134121648251218
36813,0.06347693703857044
36814,0.03234779336956237
36815,0.08402068971492374
36816,0.03144500272429697
36817,0.07630790516501837
36818,0.22722293397135318
36819,0.10961246388668405
36820,0.05668577467232688
36821,0.32181240858024474
36822,0.3132772955336858
36823,0.04522608302906221
36824,0.05923097656158517
36825,0.03660163870005157
36826,0.04315042086702047
36827,0.021614154634541347
36828,0.02569868809146798
36829,0.03592450991654391
36830,0.07546619566227376
36831,0.023827209649920307
36832,0.059286126182238476
36833,0.03765930849048523
36834,0.02220554175591769
36835,0.13375362739609317
36836,0.02067558364397977
36837,0.09360669144188657
36838,0.3307015938289313
36839,0.2580270999539254
36840,0.02900190102542444
36841,0.029847005371041048
36842,0.029951581187825465
36843,0.05410259966584581
36844,0.03682081160428725
36845,0.0443797810086972
36846,0.05219562250409299
36847,0.0680254520237657
36848,0.02207707376662968
36849,0.053998545221489426
36850,0.12517615737296728
36851,0.03678549473552055
36852,0.021119380624433592
36853,0.022266282606981443
36854,0.06821383678715184
36855,0.026613340840857414
36856,0.032125683708674094
36857,0.10632105786935322
36858,0.03226226887934628
36859,0.042076895288097535
36860,0.06800436952353725
36861,0.1708542855811715
36862,0.030781432967806964
36863,0.03633303795344512
36864,0.013929677502099586
36865,0.04950631020957207
36866,0.05722817523438829
36867,0.018574434893611387
36868,0.10461394855682507
36869,0.031089809266814514
36870,0.05102097254886718
36871,0.014381904566956642
36872,0.06111954738248085
36873,0.04354855983585704
36874,0.13475813289538796
36875,0.08470937621825987
36876,0.0300670763770794
36877,0.1121521373085411
36878,0.024997472865423954
36879,0.4496384896157398
36880,0.032892197354398786
36881,0.02160209507006628
36882,0.017197432596409296
36883,0.02824119586556507
36884,0.8027890868119392
36885,0.028924511133380897
36886,0.014188565166685228
36887,0.018970520219347177
36888,0.022383766807315016
36889,0.024937762793565292
36890,0.07866950900295594
36891,0.02641723052939227
36892,0.03544207115192456
36893,0.019330253004457024
36894,0.07667050255722983
36895,0.01887410419912566
36896,0.029647009785444843
36897,0.02107365985659294
36898,0.026383481149363452
36899,0.017055240133351926
36900,0.1567908237078287
36901,0.034181590228186114
36902,0.03229139328823624
36903,0.05406310023051261
36904,0.054687287135932586
36905,0.021851746408951118
36906,0.05323635228352439
36907,0.04835849742276059
36908,0.1458824734668972
36909,0.030422913392203058
36910,0.17365222167838107
36911,0.04401224307373228
36912,0.05335780699552596
36913,0.10094662357399938
36914,0.03538114351990726
36915,0.0210098702895353
36916,0.10656398359475171
36917,0.056702156497307435
36918,0.038276622062263004
36919,0.11638725112856899
36920,0.03513341047841605
36921,0.015779829392635912
36922,0.023613024785157973
36923,0.11623690217612127
36924,0.1056635682947446
36925,0.03213414507137606
36926,0.09980609174619924
36927,0.04132457628341705
36928,0.018967106422297896
36929,0.019894918924357387
36930,0.07261427593168876
36931,0.3735076827464577
36932,0.07208229961432056
36933,0.012560703688951309
36934,0.07174235406466395
36935,0.024976201823940804
36936,0.06500735274135318
36937,0.1299642235863915
36938,0.061080180861386196
36939,0.0760583247072299
36940,0.06258796423304504
36941,0.03196298593532203
36942,0.01752864226058237
36943,0.09945806890369482
36944,0.030503553924203244
36945,0.02837812080556564
36946,0.33420179480671874
36947,0.13389724039095366
36948,0.00901457565603921
36949,0.013779207559538835
36950,0.013910153891175942
36951,0.026290036013377458
36952,0.02342067630666312
36953,0.1330604851371276
36954,0.1378903639947636
36955,0.06346842289881846
36956,0.03237806276626408
36957,0.050190615370714654
36958,0.04138735440160983
36959,0.016183036868948987
36960,0.10039056975583527
36961,0.015237943397519216
36962,0.02626100936795884
36963,0.16399524734815069
36964,0.01635520530514625
36965,0.02209944221907444
36966,0.03688887947697541
36967,0.03190063958033282
36968,0.14014880748034803
36969,0.10258573693708692
36970,0.01801200636877431
36971,0.05004888953715339
36972,0.09298036941717061
36973,0.04121970300688703
36974,0.07882944978589124
36975,0.015664182520917204
36976,0.08851619244807735
36977,0.032539182384086617
36978,0.050622097001625455
36979,0.021783694890474263
36980,0.05280575101227249
36981,0.040834288430279114
36982,0.021042148405765116
36983,0.010796424017465186
36984,0.05494204699300601
36985,0.02167692311110946
36986,0.28828011550667854
36987,0.11004077368164952
36988,0.07874613935441994
36989,0.025507575996473884
36990,0.07406745021159036
36991,0.0485222574628726
36992,0.039430123286451194
36993,0.04934684779718398
36994,0.08536018265682538
36995,0.04042683933531365
36996,0.19872546941221142
36997,0.06854609676921657
36998,0.060319859435464744
36999,0.09944418763903214
37000,0.026720531769358676
37001,0.040232810429757834
37002,0.039077448240675466
37003,0.06691606669611862
37004,0.016250388528467406
37005,0.02648106187184262
37006,0.020225776191702738
37007,0.04994598754534611
37008,0.01869512008858584
37009,0.07227809461067154
37010,0.028073036496464032
37011,0.19577165585025155
37012,0.028950823890811613
37013,0.07712068958163296
37014,0.021840791807287478
37015,0.050472555099898384
37016,0.04861805618687588
37017,0.12475079938429046
37018,0.07385977462550365
37019,0.01863130876308402
37020,0.0391279349693702
37021,0.026988894155755276
37022,0.016090853918129207
37023,0.5854452834233468
37024,0.0155693989979706
37025,0.06274237872009313
37026,0.025623066057313446
37027,0.035849164778000125
37028,0.03307615419880179
37029,0.03618544358346631
37030,0.05340033825298089
37031,0.2237392324879955
37032,0.025693658663465208
37033,0.013345772916159945
37034,0.03949073492671891
37035,0.07494655420516123
37036,0.02957987594106801
37037,0.025964246489740522
37038,0.1635447898534509
37039,0.08254688854479246
37040,0.016274870844438925
37041,0.01741213291888686
37042,0.09000782982025532
37043,0.01930385394325473
37044,0.04454852231146112
37045,0.11561152562893907
37046,0.03964485556293611
37047,0.03751033063746281
37048,0.10872138634891411
37049,0.011843568425437082
37050,0.10191856273690864
37051,0.05150628576793331
37052,0.07419941949980496
37053,0.15564387890565676
37054,0.02451731495191057
37055,0.014465415620733935
37056,0.0996022129933938
37057,0.014917527384174052
37058,0.07974200823884714
37059,0.15551706144577576
37060,0.10603103756030827
37061,0.21618386559587588
37062,0.020822776289819253
37063,0.023404191833032925
37064,0.04596909723399164
37065,0.0933484287990339
37066,0.06131462807533819
37067,0.19619022015620682
37068,0.12396786974152461
37069,0.03151551227823604
37070,0.16772921168535904
37071,0.07335862732223966
37072,0.08004310056096767
37073,0.17853908946664093
37074,0.03520757427140486
37075,0.0879731600579184
37076,0.007477667410868605
37077,0.03792895512008588
37078,0.01616602365188262
37079,0.19663846637098661
37080,0.0327302688747035
37081,0.057729419389855666
37082,0.04816036712405228
37083,0.09927073072521632
37084,0.030973605791138583
37085,0.013305590024175265
37086,0.0227251174395269
37087,0.01671553479552202
37088,0.03426784909019584
37089,0.03538283515954623
37090,0.07433095812670858
37091,0.12707284391045748
37092,0.026701285851017754
37093,0.07309681924769529
37094,0.012874720660308096
37095,0.029308162267352098
37096,0.0727092327975227
37097,0.01837721520699053
37098,0.06344978139519017
37099,0.15503020983160543
37100,0.12417420866139343
37101,0.1278094230138652
37102,0.022718392059168216
37103,0.02873071793748214
37104,0.13811584748470995
37105,0.03469182637164832
37106,0.1455355970032352
37107,0.0428835166403318
37108,0.148697958702863
37109,0.019724723899984354
37110,0.23062928518804418
37111,0.06220604254592287
37112,0.04085052949307087
37113,0.017534566275976722
37114,0.04503651132154517
37115,0.05452992429950591
37116,0.03718078919440367
37117,0.03715860476465011
37118,0.05120406014271772
37119,0.036326211859795385
37120,0.06855310978144497
37121,0.07267841734715988
37122,0.019498782365435965
37123,0.22065632542376018
37124,0.04376676178583429
37125,0.052568965120674355
37126,0.05067208923920285
37127,0.022815195362235887
37128,0.04066371637519224
37129,0.028281047698584146
37130,0.1086650668143814
37131,0.07349985983354346
37132,0.05755988250922592
37133,0.03678106398388618
37134,0.02469902710691837
37135,0.1202409934141585
37136,0.012359951112558075
37137,0.08174049272967823
37138,0.043385012173420924
37139,0.021328788088125203
37140,0.07511393252288201
37141,0.030310656888965594
37142,0.17607406718317403
37143,0.0503252589631924
37144,0.12505597432085636
37145,0.10616066178711114
37146,0.10012747021017908
37147,0.029278456812600457
37148,0.03851943701481049
37149,0.058896644685417
37150,0.025718206938936866
37151,0.05614963526574418
37152,0.04911944566737162
37153,0.0898192379895003
37154,0.053330553516458525
37155,0.039431346004708226
37156,0.08355143534922524
37157,0.0737663632625618
37158,0.06077901680285738
37159,0.40050437756279633
37160,0.08827085722523056
37161,0.019806368503778413
37162,0.03602616596829018
37163,0.050569988901283294
37164,0.0354408972067382
37165,0.04600178892976467
37166,0.1833065600209843
37167,0.032012032072973276
37168,0.056105640217446254
37169,0.1181315968715545
37170,0.04047125197646106
37171,0.045369043356395494
37172,0.031156337674069272
37173,0.03157648293447471
37174,0.02564585644820957
37175,0.11047913482378996
37176,0.06462470078424937
37177,0.04800740537382679
37178,0.10132168580435881
37179,0.055981389788557455
37180,0.16446525670060866
37181,0.03106124882419034
37182,0.028217337602292853
37183,0.45775376566543163
37184,0.03097133397746659
37185,0.032707080455810215
37186,0.15082562666094265
37187,0.014229086196083318
37188,0.0271457302600891
37189,0.15265287558059573
37190,0.019591480998151257
37191,0.06570648567425431
37192,0.011439687688881652
37193,0.04506182842151515
37194,0.10326829386392075
37195,0.04997242573255218
37196,0.028152613136207545
37197,0.03243272569901053
37198,0.13745892986873876
37199,0.06632238119753604
37200,0.1006065974445397
37201,0.1136421947114461
37202,0.015198371456663074
37203,0.020309051680972478
37204,0.011221453418166235
37205,0.0623950974941557
37206,0.016415512903160016
37207,0.011930814608189438
37208,0.2787172719712923
37209,0.13258164805442965
37210,0.024970144122102807
37211,0.0470973875424372
37212,0.4118013390293859
37213,0.09713222754974732
37214,0.04233635988441776
37215,0.056584535406896196
37216,0.02195137514032514
37217,0.03193196585982329
37218,0.031953864586637785
37219,0.051887491461095614
37220,0.08008083397619457
37221,0.12543927099925034
37222,0.012722820028001389
37223,0.04907085388046365
37224,0.02035778016705277
37225,0.036775494167325125
37226,0.04192343922541307
37227,0.04059996941980344
37228,0.04961430796051764
37229,0.09368280691915772
37230,0.1035905568068533
37231,0.038321538013375324
37232,0.014243077982244255
37233,0.5735357045057006
37234,0.01579285780819247
37235,0.011715895422617981
37236,0.02909328763478957
37237,0.061392220205300406
37238,0.07387808654864007
37239,0.02761508000571733
37240,0.018041037740574646
37241,0.020673693400791813
37242,0.028923647833527223
37243,0.018089122701524456
37244,0.04534330910894103
37245,0.06480374305694943
37246,0.02546900224724711
37247,0.02274507180990311
37248,0.07175857288796404
37249,0.04684870986751651
37250,0.026779649641780343
37251,0.04566750969414537
37252,0.11742001948507064
37253,0.0550660128514278
37254,0.03763527140723288
37255,0.018859467199446284
37256,0.054984635582602144
37257,0.061313821897885326
37258,0.09035313929291039
37259,0.17763588339157663
37260,0.02980990154733916
37261,0.04121241421735906
37262,0.08779473982239763
37263,0.017978296387193782
37264,0.014673125057789853
37265,0.11965661714059474
37266,0.014264032848678106
37267,0.034397546924948626
37268,0.0753389312135102
37269,0.10022138204367678
37270,0.06831394114160663
37271,0.04652347667437051
37272,0.01065182564204777
37273,0.07568545509849894
37274,0.022263234456628696
37275,0.023158354241839783
37276,0.03971627474078565
37277,0.11893965879287902
37278,0.2868777818619936
37279,0.021270080182739876
37280,0.041498956283938966
37281,0.16539102828027058
37282,0.0306883582747821
37283,0.03406600364934855
37284,0.035515312273606936
37285,0.04423304536565679
37286,0.025704726429535526
37287,0.10991714604432681
37288,0.1793849106414938
37289,0.07904951049859951
37290,0.07907078586661939
37291,0.03377314807799475
37292,0.05344501068372855
37293,0.020935992998660252
37294,0.019214217101839886
37295,0.024262275809526543
37296,0.044809247767791466
37297,0.018769627623595513
37298,0.026311680932369727
37299,0.04365378240406792
37300,0.048847730745839424
37301,0.015027271188786023
37302,0.04907890375043138
37303,0.048372039166905974
37304,0.017374619261034528
37305,0.05445731430149805
37306,0.0380726870479869
37307,0.03810097522330731
37308,0.013231009670133522
37309,0.010341335986410155
37310,0.07340402665978168
37311,0.08750207253852592
37312,0.020559974387226197
37313,0.044578216035742246
37314,0.03884390065826517
37315,0.13297509462956886
37316,0.4141955961533949
37317,0.03714756571353283
37318,0.012006094708482008
37319,0.01791373306404743
37320,0.02560063516850907
37321,0.06862518403109864
37322,0.015446552844147877
37323,0.020622433243184343
37324,0.012113719907202952
37325,0.010417128546058344
37326,0.01604932616238915
37327,0.08107519114475338
37328,0.019590811377587027
37329,0.022260271427441657
37330,0.038189282045761316
37331,0.036507833831631184
37332,0.02730326635602019
37333,0.2726306296771105
37334,0.043215235270219664
37335,0.020434171711632268
37336,0.023668297372292386
37337,0.07740888523824319
37338,0.030986367454768522
37339,0.014594804857661141
37340,0.10548683920200534
37341,0.04688426628575739
37342,0.03835310230941202
37343,0.07543339313249114
37344,0.042575605847429004
37345,0.037885501111521655
37346,0.033574319121368726
37347,0.05045684969116424
37348,0.02087832585444326
37349,0.06396585466085211
37350,0.04577323368591479
37351,0.0939824683991308
37352,0.012215654232479504
37353,0.015005229013586703
37354,0.04320847738063107
37355,0.04025255332739733
37356,0.0535763319137579
37357,0.03621230195125337
37358,0.11052283829660832
37359,0.047112519358332425
37360,0.06203024285997781
37361,0.08201226166721431
37362,0.0633351038224436
37363,0.02800009580223382
37364,0.050060713377165694
37365,0.022520574044817037
37366,0.22897605177874492
37367,0.016722401531461182
37368,0.048255519226702286
37369,0.02761269995595345
37370,0.09481989941822314
37371,0.11650228795166445
37372,0.03706479575138711
37373,0.044360824379862364
37374,0.030059805637725284
37375,0.02123130712566386
37376,0.039968088038887975
37377,0.2143864640707301
37378,0.030224640467074404
37379,0.03588843507510579
37380,0.014219921203964803
37381,0.02132873800159483
37382,0.043927906647994716
37383,0.015928921994410355
37384,0.026719756805130977
37385,0.010033058055537083
37386,0.03525570291865253
37387,0.014723708343680185
37388,0.06309223097571118
37389,0.07920176265608192
37390,0.022339477584876748
37391,0.12455011170270966
37392,0.09494563914429552
37393,0.024197839328695056
37394,0.019290493824928888
37395,0.08126506704553027
37396,0.03181063617966663
37397,0.025308809536449255
37398,0.03858656709612789
37399,0.1443926864940846
37400,0.23812466262549772
37401,0.013587553910742818
37402,0.022839434327002833
37403,0.1773741279225362
37404,0.018404423735591445
37405,0.048999150188139114
37406,0.04724122800044844
37407,0.016839722632417446
37408,0.10882536683126882
37409,0.4951399939731388
37410,0.014564044768193627
37411,0.019330254501645473
37412,0.03136574038647666
37413,0.12283474361390116
37414,0.0703918964315569
37415,0.12770421321667266
37416,0.046263325777604364
37417,0.060111541786931205
37418,0.1125756846089136
37419,0.1075573367697597
37420,0.025087615185518185
37421,0.03953513669468068
37422,0.01882807020447029
37423,0.08914664880558025
37424,0.012936456339496985
37425,0.04893995501186896
37426,0.02056920821271038
37427,0.019094763216364274
37428,0.15243640846987377
37429,0.017696803721103514
37430,0.4677645410806182
37431,0.08709979334812
37432,0.088467153214182
37433,0.04408933855496365
37434,0.19404607604242213
37435,0.014768467189191748
37436,0.01407744965381891
37437,0.020888311624132922
37438,0.13773796459595694
37439,0.19692792758115762
37440,0.03251796777191758
37441,0.16568582565941703
37442,0.014288098247491688
37443,0.048061235223223975
37444,0.03244281378531265
37445,0.07769822257747508
37446,0.0828578581274703
37447,0.024549411076763256
37448,0.056518538931388605
37449,0.058286906042000555
37450,0.04120556160596473
37451,0.05588531344750523
37452,0.023704772586243986
37453,0.15292434747922978
37454,0.09400058150974344
37455,0.028341244146053247
37456,0.016419308181171818
37457,0.04106272515698125
37458,0.01662778982412422
37459,0.015334417081403796
37460,0.025829439134388156
37461,0.07228073144732249
37462,0.10073932731340704
37463,0.031048932170045878
37464,0.020954972546812903
37465,0.024119879357955766
37466,0.030830081914303448
37467,0.041128078101866535
37468,0.017495654169292912
37469,0.027593145516448897
37470,0.37556733690790584
37471,0.049195789376987334
37472,0.15617269231265318
37473,0.0160140555190952
37474,0.19604393024167577
37475,0.03635932483468172
37476,0.07804928016350383
37477,0.159283629265833
37478,0.045665088831049694
37479,0.009332092205248759
37480,0.052718003950141694
37481,0.026304777318559035
37482,0.038728592191317385
37483,0.012346814945442798
37484,0.017559721225971867
37485,0.07647966674029019
37486,0.17142254197726864
37487,0.17940204741302923
37488,0.04166548294165526
37489,0.08905034085109499
37490,0.027718247445231714
37491,0.05254187976348649
37492,0.01951938833022554
37493,0.35630813355994756
37494,0.06899170533902828
37495,0.071355588734836
37496,0.028103175142717908
37497,0.04152056759032426
37498,0.025407443044842052
37499,0.04403310645819297
37500,0.019474092395573857
37501,0.05594431786065828
37502,0.03237839788313218
37503,0.03499760531200702
37504,0.1397682578510238
37505,0.21259311019124416
37506,0.02118672766883329
37507,0.05883732411257778
37508,0.01929930735787337
37509,0.02355471303406509
37510,0.043840378814596584
37511,0.09172550532467794
37512,0.02831867108011636
37513,0.047681326500376334
37514,0.03469778109848856
37515,0.07054265604753937
37516,0.03990270671867671
37517,0.021617047298433074
37518,0.02966022244417485
37519,0.08628679724967091
37520,0.06525756589120263
37521,0.05482737139832221
37522,0.053081866750450186
37523,0.015133688522835547
37524,0.015545191826980782
37525,0.02510110210140427
37526,0.01009217288236439
37527,0.012211724694779455
37528,0.07397562815979543
37529,0.010165388482201793
37530,0.03902544215285782
37531,0.011038161124253563
37532,0.06970969374263736
37533,0.05387568477991671
37534,0.09146035169888898
37535,0.10809100263954813
37536,0.24562626748151262
37537,0.060772360774847566
37538,0.30308502166401013
37539,0.2937322575903947
37540,0.07918740661893117
37541,0.0447561592898334
37542,0.01415075729037846
37543,0.11455094079902489
37544,0.06305762972710323
37545,0.0765137220155022
37546,0.0259588556268764
37547,0.03450003847284832
37548,0.043269774292372984
37549,0.016934514719802424
37550,0.029145181853463462
37551,0.14851472608546956
37552,0.05640372835185494
37553,0.019668291060861914
37554,0.10126501884138144
37555,0.03453926444640458
37556,0.11045046020607384
37557,0.024921114973591507
37558,0.03971046049698812
37559,0.044220489798645894
37560,0.02278059602010641
37561,0.23131152458363766
37562,0.13163756823966105
37563,0.023812718651699993
37564,0.08492064216633044
37565,0.04374549432916991
37566,0.031669726527213615
37567,0.056858744176909774
37568,0.02082406012683173
37569,0.2344868199642824
37570,0.0624885149598643
37571,0.10353916731671808
37572,0.055028817581682495
37573,0.06770442025410683
37574,0.07322529726507919
37575,0.027161183586376765
37576,0.01970681939460949
37577,0.02275800694005324
37578,0.05856818256183028
37579,0.05780102215918659
37580,0.010280563534164493
37581,0.12098401478884781
37582,0.024580726894536144
37583,0.02566701831955436
37584,0.044646467776009904
37585,0.011260928518743031
37586,0.14703171834293274
37587,0.02326315845161188
37588,0.07044767866135014
37589,0.0729987526045412
37590,0.10890373176760426
37591,0.03605727420283349
37592,0.0215578192442153
37593,0.022851253369728652
37594,0.1298817449817328
37595,0.04693070919321693
37596,0.01832693665679629
37597,0.07236232544790568
37598,0.12249225446992223
37599,0.023055778114141535
37600,0.016394682738975506
37601,0.06104558720349981
37602,0.019787415934111752
37603,0.05747392459556784
37604,0.04583598469020259
37605,0.28078003111566063
37606,0.07113702223923199
37607,0.022220172975270708
37608,0.06240331583702709
37609,0.10137230065876565
37610,0.0601132585724448
37611,0.029974333407586644
37612,0.08852496230293819
37613,0.03393874243301847
37614,0.09141683695700378
37615,0.06360418806977969
37616,0.19352850476292607
37617,0.04285573996937275
37618,0.03205734269641917
37619,0.01818857241545516
37620,0.028972350112887
37621,0.0513451716329604
37622,0.4523390447693715
37623,0.015125044734021119
37624,0.0713784428552221
37625,0.0610346453667074
37626,0.013244601652478023
37627,0.09271973560185658
37628,0.04291664986277828
37629,0.08652039965505529
37630,0.09232597722023675
37631,0.07853824900537444
37632,0.07206919529137767
37633,0.12382799830178873
37634,0.16477963239289903
37635,0.07014082524818382
37636,0.04633007750225395
37637,0.05610360970082697
37638,0.03179361457559847
37639,0.12527416282828943
37640,0.031649162130671406
37641,0.04261319222061407
37642,0.04330038643929371
37643,0.01839917431760247
37644,0.02786276667938836
37645,0.0686341437204212
37646,0.014908378936015834
37647,0.05993536845720134
37648,0.056352056330774794
37649,0.025118208577969037
37650,0.01622398734825623
37651,0.03186793467555998
37652,0.02108260566319861
37653,0.05011712061491958
37654,0.026358683655369943
37655,0.029315758739888884
37656,0.021686744416943442
37657,0.024761166791041074
37658,0.042777899526928294
37659,0.03506720620288613
37660,0.04060154215503491
37661,0.014345767819252536
37662,0.008608323040447997
37663,0.012066381131930747
37664,0.017821250693184364
37665,0.21804898195078687
37666,0.04047247533265084
37667,0.04803080605669492
37668,0.03753471244047169
37669,0.1641355699749567
37670,0.1053461370090874
37671,0.06053338423072723
37672,0.011880680546420577
37673,0.11428602524117752
37674,0.01673234468472323
37675,0.03099906739554982
37676,0.06410338199584847
37677,0.07027906760877198
37678,0.05117330691001808
37679,0.0650173493167305
37680,0.04414532172089926
37681,0.02864460609071953
37682,0.033756929578365846
37683,0.15170207232027597
37684,0.05776167583430336
37685,0.05335519070603699
37686,0.06296796007819531
37687,0.042305636194579936
37688,0.026399095141181265
37689,0.07113031685094617
37690,0.08002408816425016
37691,0.12053352774719692
37692,0.08541188804609774
37693,0.1026681051923819
37694,0.028048392125447436
37695,0.030850429883528322
37696,0.1375195562646489
37697,0.11721445860475574
37698,0.03987003943083482
37699,0.017127387485768704
37700,0.01800896096498801
37701,0.04326585784134915
37702,0.03415272958743865
37703,0.01459926947115623
37704,0.04944256814196827
37705,0.0409430835567552
37706,0.0784071621349677
37707,0.05297560243038607
37708,0.016643601576439335
37709,0.035203577798164805
37710,0.058034536456305866
37711,0.0157462839057397
37712,0.10735992794631916
37713,0.0482139046574073
37714,0.09171852545540725
37715,0.05277104131891555
37716,0.10941628999198985
37717,0.09045505151759856
37718,0.03778659173178892
37719,0.02419774502426751
37720,0.009164022923930558
37721,0.19030141988760468
37722,0.04501681965895387
37723,0.08530824488249485
37724,0.03119993738363195
37725,0.03540123681152258
37726,0.1673432517256403
37727,0.07138074521860341
37728,0.011466770142244093
37729,0.02329478871961533
37730,0.20869824294948092
37731,0.10423151340322964
37732,0.028592496074973155
37733,0.06106735918477864
37734,0.0452595824183951
37735,0.017711618896657302
37736,0.04518627211658067
37737,0.05846420751262969
37738,0.20604899854035014
37739,0.23159928828079002
37740,0.06999382894594589
37741,0.1270278486424974
37742,0.20646288364541926
37743,0.18971240999248978
37744,0.25404129841503154
37745,0.03138797420688043
37746,0.26571361134127136
37747,0.02447705880726704
37748,0.0240134095574296
37749,0.04342691533558099
37750,0.07394909509634376
37751,0.23894912351128333
37752,0.04473435618074958
37753,0.0702118670819174
37754,0.1737601084157861
37755,0.13522064536920472
37756,0.03310278477818222
37757,0.02030403827848509
37758,0.03331242765845503
37759,0.03155072778461013
37760,0.030188141013865473
37761,0.009302385582909564
37762,0.026606283962786203
37763,0.12386370102752065
37764,0.015042648563468144
37765,0.051928756227279514
37766,0.10617382549874214
37767,0.06566710178877246
37768,0.027643806105020374
37769,0.03933799863654715
37770,0.044349031678869
37771,0.02247133947415451
37772,0.02028009068006048
37773,0.020234415685587225
37774,0.0717154759530635
37775,0.14088331726200992
37776,0.05932766372788205
37777,0.021298952692745753
37778,0.18326004856035272
37779,0.04162883628789717
37780,0.023575352881719105
37781,0.045016862132490724
37782,0.02488454500287028
37783,0.2089865524061848
37784,0.05009928264266853
37785,0.03638767809247429
37786,0.07856601757644743
37787,0.03940401140044923
37788,0.22380866709041405
37789,0.019126776506894243
37790,0.14400360199702972
37791,0.03706766789640985
37792,0.04142212921248178
37793,0.14758403191671068
37794,0.38854266700426265
37795,0.05025626825142287
37796,0.04019819042821278
37797,0.020896528898966836
37798,0.012732029256027164
37799,0.05504099770682777
37800,0.19858726706150875
37801,0.027775151704793166
37802,0.03247418566796652
37803,0.10069866841001844
37804,0.02598280998482557
37805,0.2209337218619653
37806,0.014789262511762994
37807,0.13555054802161925
37808,0.06640543849925663
37809,0.02511538942314088
37810,0.012484577166873349
37811,0.034013191160896815
37812,0.07320382938907118
37813,0.05037650037101933
37814,0.025222945920716278
37815,0.03166361949765943
37816,0.0335052614052543
37817,0.022535991731881814
37818,0.011327122232889555
37819,0.03226814094500552
37820,0.031062582927541455
37821,0.023720291736462753
37822,0.04964318588140725
37823,0.06734712402275018
37824,0.05358249137299962
37825,0.03268793052943664
37826,0.03819427154775052
37827,0.02394533103386123
37828,0.03189803131811578
37829,0.033315455400734426
37830,0.028840338569253235
37831,0.031227385099679792
37832,0.26688437660296876
37833,0.018532938215287245
37834,0.03441094664749059
37835,0.07099995320096848
37836,0.19042631678277364
37837,0.02900457696292381
37838,0.018737340681615155
37839,0.0711265125848499
37840,0.3214392639259057
37841,0.018088032668333236
37842,0.0545433149238825
37843,0.03369603857859507
37844,0.09555754012501247
37845,0.09280031880095736
37846,0.0488711208345612
37847,0.023166011223469674
37848,0.0656169153850404
37849,0.14362439863346868
37850,0.11659210290912636
37851,0.12318185319758204
37852,0.032748915688122694
37853,0.07297021400193926
37854,0.3213921659351905
37855,0.011745703754903615
37856,0.05669516715902152
37857,0.09380146645805948
37858,0.07252658471376293
37859,0.02390499499463529
37860,0.13823269494273568
37861,0.017484328003036922
37862,0.12323575343702106
37863,0.03783596321132299
37864,0.060627328636476976
37865,0.05632152977281238
37866,0.033304526239505965
37867,0.06066817074724298
37868,0.030683351589027512
37869,0.01916635181358273
37870,0.019133165970574108
37871,0.02577722847485765
37872,0.0324629711899059
37873,0.025353691334938474
37874,0.06580516503814182
37875,0.03458201570794704
37876,0.07719561513228436
37877,0.030317613227892854
37878,0.10671809349462645
37879,0.023695486910335375
37880,0.09269985127064762
37881,0.07027173425902217
37882,0.02857133999607818
37883,0.06893673028987025
37884,0.03306009618629095
37885,0.05121463042770892
37886,0.0372537694009669
37887,0.13353682794896365
37888,0.12807784314266468
37889,0.09480375672704852
37890,0.07357419835491653
37891,0.03468907774323145
37892,0.030382097213839256
37893,0.02977634324022732
37894,0.15225575330297364
37895,0.008561721484994404
37896,0.029083285577056674
37897,0.025075521156287774
37898,0.2560742154503073
37899,0.07011440942696573
37900,0.03402298255246203
37901,0.01760615143178398
37902,0.03657705115392598
37903,0.05964002297699236
37904,0.40396972030912737
37905,0.024965543214984134
37906,0.06316236117548249
37907,0.03282392497073036
37908,0.04748362703994294
37909,0.24885862396611916
37910,0.235950967929806
37911,0.15306271804045796
37912,0.05270847291330587
37913,0.07268236367254015
37914,0.013960042332426
37915,0.00908446252642674
37916,0.03524541187778545
37917,0.03536067306572558
37918,0.13140103502370512
37919,0.03175050467756735
37920,0.08871053337203641
37921,0.0529708590348376
37922,0.1863941321583697
37923,0.027604561049810062
37924,0.15257763830335055
37925,0.04796881940778416
37926,0.022965927503912575
37927,0.010879174595386627
37928,0.03349191301411288
37929,0.018340049630918884
37930,0.06399954289838812
37931,0.05941562492300301
37932,0.20402090064365808
37933,0.11572683558798674
37934,0.01346606821552886
37935,0.02115988092115156
37936,0.1127340103556502
37937,0.03194103275613535
37938,0.11810779603512436
37939,0.02892059262686672
37940,0.035270835994413434
37941,0.04662241435735635
37942,0.026510335730922777
37943,0.02294441582467987
37944,0.07472204462939044
37945,0.023474722957274815
37946,0.0336531600830042
37947,0.019690550830036586
37948,0.06816824090152385
37949,0.17047413829424007
37950,0.03731704971564407
37951,0.04509279792361166
37952,0.10029835740267992
37953,0.05310853950694448
37954,0.037316638772243046
37955,0.13609341145322917
37956,0.053773401061728426
37957,0.04024119817836565
37958,0.12469919616194632
37959,0.01893676652608992
37960,0.17323383409981485
37961,0.09987081521971594
37962,0.028605559947211492
37963,0.02974552886155003
37964,0.01346629375462948
37965,0.017785436100942163
37966,0.02812892611159447
37967,0.041190094092664026
37968,0.024774112070531675
37969,0.07518745223948366
37970,0.036849026795340085
37971,0.056261970910194053
37972,0.07526154192604627
37973,0.5527677476289541
37974,0.08601726197509384
37975,0.028621040570873415
37976,0.06342054789838095
37977,0.0169816214812565
37978,0.03229966373476527
37979,0.02303154156388782
37980,0.06431183970066873
37981,0.02699620837460346
37982,0.09726918527672833
37983,0.02235309652093256
37984,0.0632827532617859
37985,0.0475437272714324
37986,0.07642194617687105
37987,0.054175520454297556
37988,0.027510319154141948
37989,0.07165711936846084
37990,0.034743870706269074
37991,0.011469398832758555
37992,0.05120146130322904
37993,0.020331269823150856
37994,0.044130262703725005
37995,0.12134058439984238
37996,0.009408646811597312
37997,0.0928765688500856
37998,0.39118280432916563
37999,0.11327592982727472
38000,0.12446305292015233
38001,0.17717046777136713
38002,0.2634179861059113
38003,0.060732595708560766
38004,0.012892648892428287
38005,0.09609072612438718
38006,0.01302513739294003
38007,0.062397345963997514
38008,0.10114980676029618
38009,0.08137898987451907
38010,0.17334112749420055
38011,0.11870930556821419
38012,0.03316998405216577
38013,0.03406721626186988
38014,0.04008383926897809
38015,0.09718196033534644
38016,0.15239881515709391
38017,0.11341430604516538
38018,0.15306190760227423
38019,0.06321047829112969
38020,0.06326726957572752
38021,0.1332218876113435
38022,0.05194967890203358
38023,0.20494962106639467
38024,0.030578540484019836
38025,0.040699047857091566
38026,0.0259859186656072
38027,0.03846297994048735
38028,0.0738748060780295
38029,0.033462280811874245
38030,0.032715115665781516
38031,0.06277618387353182
38032,0.046475045425029234
38033,0.10291813605439293
38034,0.01434495459476425
38035,0.059336224145533197
38036,0.06784529539498535
38037,0.024761793699749384
38038,0.024999428201166924
38039,0.021930712521697416
38040,0.04972114450745213
38041,0.04432611072056398
38042,0.04874604012234946
38043,0.016966133889703208
38044,0.029461014135536406
38045,0.3270665197844994
38046,0.04642061056643385
38047,0.12058149342376218
38048,0.03520579311577812
38049,0.025710884758740355
38050,0.029287703928541776
38051,0.019324026884543842
38052,0.022810332251674014
38053,0.010275918317997432
38054,0.01658815948174714
38055,0.03232217616222672
38056,0.05640874970624596
38057,0.044453989188266534
38058,0.03344181054513168
38059,0.0132074245533309
38060,0.09379764280563857
38061,0.0711751017549568
38062,0.08650364114147202
38063,0.25749551604014537
38064,0.022167547147420183
38065,0.022528074364009915
38066,0.024169128464777617
38067,0.0734657549752454
38068,0.12264856351767124
38069,0.03724515561004638
38070,0.049806813223090565
38071,0.10490465676988397
38072,0.1352172770315466
38073,0.0220937987509014
38074,0.06382452803850583
38075,0.22033855640209626
38076,0.04220483189425143
38077,0.31515213902538386
38078,0.038346489679036276
38079,0.1717322337406884
38080,0.02364788531869143
38081,0.036225239198921594
38082,0.05991343343013321
38083,0.019507536363675082
38084,0.015199041150273145
38085,0.055436615184615005
38086,0.042257042719507684
38087,0.044898819958858485
38088,0.07174607874425323
38089,0.055361655863829295
38090,0.06755924137446674
38091,0.043746814714858986
38092,0.05964067108434312
38093,0.0767938583279214
38094,0.014263779726433348
38095,0.08582325648644142
38096,0.04221216375084766
38097,0.024322795960903556
38098,0.011798384544010086
38099,0.011828824323497241
38100,0.03591653732468947
38101,0.14417098977169268
38102,0.04313114098218625
38103,0.014168133734002117
38104,0.05112313530428542
38105,0.02287482952292649
38106,0.014754770265813762
38107,0.016548145144557373
38108,0.26228149912528137
38109,0.012641477939428422
38110,0.34663209596893496
38111,0.051113182825225506
38112,0.09072368455713614
38113,0.0220427096158465
38114,0.016715980703255428
38115,0.07052638344491227
38116,0.03426499712923764
38117,0.07714372243584638
38118,0.06088077611468916
38119,0.058707464531489055
38120,0.04121540848066807
38121,0.030290013646623138
38122,0.049262387941405236
38123,0.035594332639037204
38124,0.043719944039946536
38125,0.2072028480556979
38126,0.045285544161996726
38127,0.06042247909107652
38128,0.059278582443125734
38129,0.08879118317362635
38130,0.01995986685403168
38131,0.04325710678440402
38132,0.23723590208459705
38133,0.08653935588052045
38134,0.0368776963473031
38135,0.04855797663289927
38136,0.011674718606160914
38137,0.053777168379396216
38138,0.01693139897077492
38139,0.17703982012523312
38140,0.011573153210529562
38141,0.04030974117291418
38142,0.03404773124725319
38143,0.017701821370237247
38144,0.04492275349107065
38145,0.11792950822416452
38146,0.05464686628271952
38147,0.07811567942346409
38148,0.034490500678464604
38149,0.05651964219972292
38150,0.10174434596894999
38151,0.0168935364478547
38152,0.07962719241957178
38153,0.04514665113876415
38154,0.2102277902936534
38155,0.07913357221092521
38156,0.044738171006790006
38157,0.08557041796527733
38158,0.04652333878429231
38159,0.04552392317818921
38160,0.03027742563165408
38161,0.05356222959521618
38162,0.05321469408960664
38163,0.08245792344256958
38164,0.12140340130392566
38165,0.07530945385066755
38166,0.049324459279507196
38167,0.011475580773704187
38168,0.10544046366866883
38169,0.09070356833650944
38170,0.025103286150145194
38171,0.13673990214548412
38172,0.059280626830893746
38173,0.014712223607566535
38174,0.02353118826982525
38175,0.038731016978680276
38176,0.03198113214662304
38177,0.08680916289930472
38178,0.04193474444403638
38179,0.1841652228065338
38180,0.015050013101141537
38181,0.26165243345032413
38182,0.029142379953423427
38183,0.05992252174521077
38184,0.3816636579573083
38185,0.025270346323228006
38186,0.04252630554750732
38187,0.03659630369956918
38188,0.0252459540417875
38189,0.01668389424882842
38190,0.025320558221676753
38191,0.013074822049274386
38192,0.07053701164298636
38193,0.02613552576497755
38194,0.015764250861067256
38195,0.12414985318630055
38196,0.0952128975132332
38197,0.09595033605693612
38198,0.017231315220053278
38199,0.04737251858833515
38200,0.018081182934023877
38201,0.025995928028248735
38202,0.3544418759535756
38203,0.08756954483920562
38204,0.05056933129149942
38205,0.04982336188528279
38206,0.00762553015654411
38207,0.1893030395728925
38208,0.01502602793020619
38209,0.01749239549453491
38210,0.023410857238657747
38211,0.07441293843137806
38212,0.09324501039475797
38213,0.17458798904650083
38214,0.022351286366456436
38215,0.06860703599633398
38216,0.011245248039820242
38217,0.010507949184035019
38218,0.3499035763546866
38219,0.050940420313112175
38220,0.027178704221448816
38221,0.01500273108726035
38222,0.18066671067756648
38223,0.03181764602055952
38224,0.1292341399267325
38225,0.029355868776805516
38226,0.3781229190025764
38227,0.15563622771959135
38228,0.09018765710873375
38229,0.09025807523584935
38230,0.0755739792035726
38231,0.16370228086562533
38232,0.11005381022066997
38233,0.07367110375877511
38234,0.06509327037610674
38235,0.03522904174398468
38236,0.022151697793451636
38237,0.12023058224790883
38238,0.0277626377994662
38239,0.11365838391962588
38240,0.04680090349191399
38241,0.028634548629137467
38242,0.07038636948111808
38243,0.03720042386130069
38244,0.02086697210111388
38245,0.07008555582392044
38246,0.1509520498432224
38247,0.022175193647343053
38248,0.032429051990699946
38249,0.050202305799286834
38250,0.02371526836534145
38251,0.18005682556957983
38252,0.04547539238053519
38253,0.03207458103298767
38254,0.045152232548003116
38255,0.04891545908122369
38256,0.032078582848659
38257,0.06895230177663908
38258,0.026815516869640975
38259,0.035066545029269994
38260,0.0517025862236334
38261,0.025274595927233388
38262,0.12412667813702932
38263,0.0405647619249338
38264,0.05253171021911338
38265,0.040299168462407095
38266,0.035935132152626746
38267,0.2681125625793707
38268,0.017596463511133212
38269,0.051395127915033006
38270,0.025515106292813172
38271,0.041477005648511346
38272,0.04797951911490982
38273,0.0435071514689033
38274,0.028704750063983642
38275,0.11187501991951546
38276,0.03273710727994543
38277,0.062405124596453684
38278,0.05424280213152295
38279,0.14426498849141373
38280,0.12016886697830628
38281,0.20107938730490169
38282,0.986015975828438
38283,0.018169328306940433
38284,0.08393493298686586
38285,0.043860022616052007
38286,0.07208228430386332
38287,0.17915944655676871
38288,0.06267599555761112
38289,0.39137151604455983
38290,0.05258238315022121
38291,0.23229329427384382
38292,0.01637557856649871
38293,0.015984791523965904
38294,0.020118610608041855
38295,0.035988435324421794
38296,0.023034723145140094
38297,0.21303762095307255
38298,0.07947792725567857
38299,0.026947553552954324
38300,0.04113029201911277
38301,0.16343870701814284
38302,0.08217174045705926
38303,0.025731792334324616
38304,0.07780502135722278
38305,0.03121708013758312
38306,0.07125312580261653
38307,0.0266877571264032
38308,0.03311346703530228
38309,0.03865864580355571
38310,0.05182702415168546
38311,0.026111757927121153
38312,0.056912675879098804
38313,0.1249602345516084
38314,0.016009581661303972
38315,0.05845358506862341
38316,0.029189720822811918
38317,0.055363506860508074
38318,0.020412161863805987
38319,0.035175283697662665
38320,0.23784929619412076
38321,0.058070673326239275
38322,0.09075888290321675
38323,0.11026757184976825
38324,0.038005033940649635
38325,0.04487562442035402
38326,0.04313876876305957
38327,0.019420566893975054
38328,0.012594231970485592
38329,0.056089153732369085
38330,0.050899282579469664
38331,0.08303351236051244
38332,0.027524240490927995
38333,0.0277631746657716
38334,0.3011136774343696
38335,0.021679407605183436
38336,0.033004073835495126
38337,0.06945474357446538
38338,0.06049885312479472
38339,0.014079331086957199
38340,0.05642028903357524
38341,0.05139503427212595
38342,0.029398926848005824
38343,0.11295762512247866
38344,0.024729061680485897
38345,0.5568719220178853
38346,0.02327093897126365
38347,0.07485648356917224
38348,0.027528619247494848
38349,0.031597198580370835
38350,0.12493541315371626
38351,0.07983262766751004
38352,0.03804852403699354
38353,0.044640096072842424
38354,0.022423326205237227
38355,0.07459827939495073
38356,0.03966198955418907
38357,0.032363895159381775
38358,0.067685503401654
38359,0.01216157532638796
38360,0.15369673293330127
38361,0.01978707555719903
38362,0.040407412792434115
38363,0.04856049104144435
38364,0.07127264619552029
38365,0.11950664452132312
38366,0.08200817536940319
38367,0.1007770423789101
38368,0.05867639605412867
38369,0.011298816203834473
38370,0.027507207189104606
38371,0.053963864216511795
38372,0.03971608629822122
38373,0.03370397313082404
38374,0.019375786974724103
38375,0.054936574073514544
38376,0.04832582390814234
38377,0.04092461044073662
38378,0.04943834744893576
38379,0.031851408942008955
38380,0.015166665360423316
38381,0.023888787773643512
38382,0.022070466954728977
38383,0.04057565949750719
38384,0.021263594686910282
38385,0.009959701380847834
38386,0.16879082735013828
38387,0.10273605546224825
38388,0.01637455058560073
38389,0.05727352677820335
38390,0.6382787551290792
38391,0.019145193588274302
38392,0.009041477017784374
38393,0.1150178769911363
38394,0.020106733754967025
38395,0.08901506071118388
38396,0.03133425913803526
38397,0.011877100176503261
38398,0.07964152493175561
38399,0.007365292950271601
38400,0.016941025674595364
38401,0.034866604421535094
38402,0.028823857021748805
38403,0.013681968009306768
38404,0.2689004691618837
38405,0.07724550095603047
38406,0.010336305147284341
38407,0.03357077052352608
38408,0.05432807500036316
38409,0.09619106024453439
38410,0.03727671173405193
38411,0.09510979560698711
38412,0.028152787314862968
38413,0.3578582858853052
38414,0.05515426612339144
38415,0.07525509986693438
38416,0.04296545923882257
38417,0.021009408358547213
38418,0.04791095803065872
38419,0.08479828108787991
38420,0.04050441516654683
38421,0.12126550064957255
38422,0.06425316300266415
38423,0.06037866906474407
38424,0.14811083829146002
38425,0.008141173708274769
38426,0.023311478426897465
38427,0.06853017859700626
38428,0.03298810498180423
38429,0.03459455498914047
38430,0.103011930090263
38431,0.04563333089782201
38432,0.04169138468490346
38433,0.1210274496153279
38434,0.07051134793309856
38435,0.12519170003710622
38436,0.031985495554034224
38437,0.03510890105299798
38438,0.04960041521795101
38439,0.011471362297970902
38440,0.20797744365505097
38441,0.031554103857331234
38442,0.11215623948917336
38443,0.05756356892309398
38444,0.0912104634342357
38445,0.05360675379518243
38446,0.11399495535600274
38447,0.025606529509274875
38448,0.04208146230754366
38449,0.047650646012559084
38450,0.011857125273978584
38451,0.04853865517695115
38452,0.04327313546048054
38453,0.0347223035601809
38454,0.10154270488243958
38455,0.026319147518146083
38456,0.08818882026046107
38457,0.04828080665178999
38458,0.10068627299337549
38459,0.02285875656305374
38460,0.051690473534495476
38461,0.14909397254334303
38462,0.02196078336295309
38463,0.05082931060204088
38464,0.02550675526083289
38465,0.01272174683184021
38466,0.02024969517801649
38467,0.055935033268641035
38468,0.12781662975287508
38469,0.11182295425835408
38470,0.036196899310867385
38471,0.03852462449069812
38472,0.12093065314609786
38473,0.05417026964746273
38474,0.030920560486808857
38475,0.07525935783555204
38476,0.021889874344133767
38477,0.02903807896282246
38478,0.02765651465639951
38479,0.11172310440333993
38480,0.027816371735583552
38481,0.20217567812023082
38482,0.02425958503916672
38483,0.1028842138433989
38484,0.0239324007913747
38485,0.019474845216066374
38486,0.014746975552009961
38487,0.13097314089491074
38488,0.015195906115921465
38489,0.04210745391643603
38490,0.02183646915869792
38491,0.12471295629327395
38492,0.054303488379600764
38493,0.09435826214964027
38494,0.02346768314182705
38495,0.016651595603467025
38496,0.08396690964615842
38497,0.04738368555525248
38498,0.01899376613869442
38499,0.05109022620268033
38500,0.08563503767885497
38501,0.09988322321198811
38502,0.024548026616674275
38503,0.017110211153461702
38504,0.04947273890576445
38505,0.026294457351162082
38506,0.020122343798946882
38507,0.02294608146816557
38508,0.03480006182270645
38509,0.13419468656453076
38510,0.07474216750284951
38511,0.09076232319308972
38512,0.04569250633799016
38513,0.2625155441026941
38514,0.05239595658435754
38515,0.09343501590562005
38516,0.09940077549081533
38517,0.2253242901041283
38518,0.10090746659283314
38519,0.03605613820549036
38520,0.09941111440251937
38521,0.06590718720003683
38522,0.045280365058811015
38523,0.03238681734612396
38524,0.03860028942352474
38525,0.025077733866963464
38526,0.02128592162388691
38527,0.048273816100021974
38528,0.17339827645780687
38529,0.02322695940269835
38530,0.05195050861320088
38531,0.06827330773870954
38532,0.15116661154011418
38533,0.011407949404646522
38534,0.01742717069330847
38535,0.027295814789626602
38536,0.019848800090949886
38537,0.02171869539565348
38538,0.134681722691551
38539,0.1091095744614534
38540,0.032790893721252996
38541,0.07238857483577742
38542,0.01241339262864594
38543,0.023003340380739458
38544,0.08881219113340215
38545,0.010873184439253189
38546,0.036094257624938564
38547,0.08568103886760517
38548,0.028032890874094916
38549,0.014537655829450928
38550,0.022600715329571475
38551,0.06727374980831582
38552,0.07176707596093024
38553,0.027033953669839003
38554,0.04262760579370109
38555,0.021319933426696205
38556,0.0187130673893163
38557,0.022772505000448192
38558,0.07518929463167348
38559,0.017618465068797922
38560,0.06188824484824201
38561,0.03767732588314937
38562,0.07294918587705118
38563,0.05817611113796328
38564,0.13918642684002752
38565,0.012430873165391897
38566,0.36715718107185674
38567,0.12478194014985128
38568,0.026924245756582706
38569,0.054440883290286776
38570,0.0683410073899153
38571,0.10915237448248478
38572,0.13739379130427543
38573,0.12006261307819441
38574,0.025700593765469466
38575,0.22449909961508568
38576,0.026967328638377315
38577,0.05083165444266669
38578,0.03860389428986326
38579,0.0617827171274818
38580,0.17474107150791285
38581,0.030730114323292874
38582,0.026612602343107965
38583,0.06932520499826991
38584,0.6342719934140403
38585,0.025096264784029584
38586,0.036503897132108026
38587,0.10048182632674262
38588,0.042413775679303864
38589,0.08849751996186278
38590,0.19237302833275016
38591,0.030253139864938345
38592,0.19098428972170386
38593,0.07485664333195292
38594,0.02507449167094817
38595,0.04736403928027974
38596,0.058046021569947114
38597,0.02772324648341358
38598,0.03296698201109751
38599,0.14074474480767235
38600,0.09305547683621038
38601,0.020436744349398503
38602,0.021506996477423938
38603,0.0545831953828271
38604,0.4136248955579548
38605,0.04343969052790907
38606,0.1427315480972523
38607,0.08357629598522456
38608,0.1228344034615497
38609,0.040089661883527056
38610,0.08937762589299433
38611,0.2358864811103477
38612,0.04948322627789811
38613,0.043215756731943805
38614,0.2754134388007877
38615,0.05974968520438548
38616,0.02265308284994359
38617,0.04988890440490952
38618,0.023665508144876946
38619,0.0742075297599931
38620,0.15818236126352458
38621,0.008530196260845169
38622,0.02718837072411923
38623,0.16201814123579306
38624,0.04157320961041765
38625,0.02466629093291882
38626,0.045629329132126556
38627,0.014155228732598666
38628,0.22820822648943628
38629,0.009038697993360122
38630,0.08638437726337798
38631,0.07102285029227445
38632,0.04740839725783394
38633,0.012256006148271763
38634,0.01291648698564205
38635,0.032320306899836
38636,0.033636031081008225
38637,0.0629712816625798
38638,0.07411242453088232
38639,0.04052123642253463
38640,0.03964078850870864
38641,0.08679411800643588
38642,0.02926072274078013
38643,0.021489741188585917
38644,0.20210713842913636
38645,0.012817653586437784
38646,0.17796463393423229
38647,0.2795527202382404
38648,0.07050201161838443
38649,0.13932639358920823
38650,0.04897682428772733
38651,0.13645669173661668
38652,0.03209084203077183
38653,0.06421692057949199
38654,0.024155857703522517
38655,0.09054547012891001
38656,0.03874059467025677
38657,0.06290949334316505
38658,0.04246575541115587
38659,0.04889977714624116
38660,0.17702250765418676
38661,0.019044777200272117
38662,0.02244605711342333
38663,0.06195318655401553
38664,0.08484462153806087
38665,0.03348596341745122
38666,0.010382412929992698
38667,0.065533397011851
38668,0.015895925555396588
38669,0.03520615680258504
38670,0.044379209517957825
38671,0.020589559854878498
38672,0.09596917250365711
38673,0.056504331007675074
38674,0.12046941745475143
38675,0.04861920709715621
38676,0.03628737874993356
38677,0.0381900801594493
38678,0.04013812778832941
38679,0.05243311734909391
38680,0.04166460692597161
38681,0.0896811663366817
38682,0.11878644554582346
38683,0.0671324084259263
38684,0.06468290485883373
38685,0.04043590059782948
38686,0.012209001121632689
38687,0.07854004344327742
38688,0.028993809733419182
38689,0.014125187841199219
38690,0.008118679550360759
38691,0.10032582121024758
38692,0.048567794271693804
38693,0.2551333099967847
38694,0.03467326811752166
38695,0.259219763847032
38696,0.051415418791098844
38697,0.025649494550904
38698,0.09726372337766886
38699,0.0212605774960817
38700,0.12921956456558825
38701,0.38164380265661924
38702,0.0555455588681334
38703,0.05930623640147802
38704,0.05360021052562371
38705,0.21163816707776148
38706,0.03170326965712029
38707,0.36577027058639905
38708,0.08787673936436566
38709,0.023899025083732227
38710,0.028925268912454442
38711,0.05828722110074376
38712,0.07275254335953647
38713,0.16680325887903535
38714,0.10240064492323019
38715,0.05296045189583721
38716,0.06975200494985945
38717,0.03167236787869657
38718,0.027269553234663898
38719,0.1328458122170464
38720,0.48122915377055797
38721,0.03818170651399211
38722,0.10164691463725221
38723,0.039838871762120184
38724,0.0712840518607582
38725,0.03756653576362874
38726,0.029502715363432575
38727,0.009890003951710646
38728,0.014073030761012385
38729,0.04411347214290294
38730,0.03856963944446535
38731,0.02788275489642455
38732,0.06782749140374558
38733,0.012926583825275782
38734,0.019108618885683756
38735,0.1298505941511535
38736,0.03523074271708883
38737,0.0332602598285216
38738,0.04386356954424269
38739,0.5554205856470316
38740,0.03498310749954258
38741,0.14149247524465378
38742,0.15115806784450697
38743,0.1665170857403131
38744,0.050992082977506674
38745,0.022203256702499827
38746,0.02211095013585382
38747,0.09827124090274096
38748,0.22864184489910758
38749,0.2488227161854008
38750,0.014097607657859933
38751,0.050688620243512075
38752,0.06865646276525818
38753,0.02218502071757289
38754,0.06800319843006619
38755,0.0204358482308009
38756,0.021211596110885057
38757,0.03753806227930016
38758,0.04820898087815029
38759,0.19542040594695437
38760,0.03385625085425498
38761,0.07947445947423175
38762,0.017594129028459984
38763,0.017022752231430984
38764,0.01340202327474247
38765,0.2630624497624063
38766,0.08921120410149477
38767,0.02148018928023019
38768,0.05892927057539369
38769,0.0898978394592583
38770,0.020835638879105077
38771,0.02758902339476637
38772,0.2689357386891228
38773,0.0480058993967938
38774,0.0664893387284582
38775,0.030636347660910737
38776,0.18787696750465407
38777,0.060963556115912906
38778,0.22102867031590018
38779,0.01058438893395949
38780,0.05867051113445257
38781,0.028266250937706967
38782,0.02382633523911222
38783,0.07743207656351414
38784,0.03273701716675272
38785,0.13535636048578759
38786,0.04198613530439224
38787,0.06441737986717205
38788,0.046235035913394895
38789,0.027685804715908237
38790,0.09552224049511455
38791,0.057698317712123665
38792,0.01367939258299386
38793,0.035768968694197864
38794,0.021179668601580826
38795,0.016550223100074736
38796,0.048021043530680825
38797,0.03246893548298979
38798,0.04111093258934935
38799,0.031490674370263656
38800,0.02209138414793254
38801,0.11739690681372462
38802,0.03687164988183849
38803,0.019299817457495358
38804,0.011372646124607904
38805,0.039780804236155355
38806,0.05962353712337551
38807,0.01502325056259585
38808,0.026518472036224757
38809,0.037593645237666264
38810,0.04929758291435128
38811,0.055780222308744895
38812,0.10522650947635064
38813,0.08446649675807154
38814,0.04327164215088374
38815,0.02853590658900277
38816,0.025174319159145583
38817,0.28960765270502253
38818,0.037132402160564675
38819,0.06818380305062414
38820,0.053968704163000016
38821,0.030101986938883746
38822,0.05456328620807107
38823,0.015429431362598986
38824,0.08026463389235966
38825,0.036802604625842936
38826,0.22046414649440674
38827,0.043163803669770136
38828,0.06535034264571905
38829,0.7248877624868535
38830,0.02249020700015768
38831,0.39140510802680095
38832,0.016471123096344648
38833,0.0903363266928741
38834,0.04802125437478443
38835,0.03607171118783459
38836,0.022352082191724958
38837,0.05265430186226203
38838,0.02940925721583801
38839,0.04441382302311413
38840,0.051692212232202106
38841,0.3131399764326339
38842,0.106093375808091
38843,0.017755971707209335
38844,0.015191455177030761
38845,0.07835093881792701
38846,0.01980875194884644
38847,0.05158448558276798
38848,0.18872148991861504
38849,0.008453696683778898
38850,0.024207807352788345
38851,0.04888394829746057
38852,0.39317947776562534
38853,0.009630315568395956
38854,0.05637032771263365
38855,0.03788701071034725
38856,0.02071576663804642
38857,0.016334638102994625
38858,0.07805435325245509
38859,0.07569401456941861
38860,0.0287098492267226
38861,0.021205993220943936
38862,0.021731762245213664
38863,0.07898417305883267
38864,0.029713796555174386
38865,0.015192147497215603
38866,0.1355692951541958
38867,0.04709630419529774
38868,0.026603892070049137
38869,0.01455462661568685
38870,0.05560592246901873
38871,0.03337639648446669
38872,0.07315348993130708
38873,0.02036447857469109
38874,0.01397259786976528
38875,0.1321814268255921
38876,0.061735557204589966
38877,0.06837922130530878
38878,0.027876467836203005
38879,0.15880745632821358
38880,0.019688663607639923
38881,0.09178458473813
38882,0.022296352578101714
38883,0.0468906678949597
38884,0.04857472337277122
38885,0.1702130891931916
38886,0.020540756577687384
38887,0.0444478464783976
38888,0.009658619988501782
38889,0.16769368024218045
38890,0.029614225224564025
38891,0.10354888541883364
38892,0.04146329103185134
38893,0.014245082819239058
38894,0.046531244250533746
38895,0.11429003598493125
38896,0.036709262105607744
38897,0.05997989904085899
38898,0.04876471257573745
38899,0.017229145381817735
38900,0.06818940180197712
38901,0.07920967290445957
38902,0.05273239162713193
38903,0.03702856368200319
38904,0.07699134473602914
38905,0.054145403896264835
38906,0.09132038789290765
38907,0.03137685201387429
38908,0.019094340602747704
38909,0.022897583368287
38910,0.01850252705599097
38911,0.07641374372756038
38912,0.14900277765728492
38913,0.09707065224078389
38914,0.18202204756831628
38915,0.11293466760439394
38916,0.10950211801144782
38917,0.02614764557766461
38918,0.06789150687843334
38919,0.07684690719708558
38920,0.05102855143421809
38921,0.04103913184989254
38922,0.04218059084958357
38923,0.08020352528068819
38924,0.09136168195854086
38925,0.12623077543296046
38926,0.041971532043819294
38927,0.2612692072553369
38928,0.021000831948882817
38929,0.08912564703364435
38930,0.05626484787535352
38931,0.11096456197955085
38932,0.02335694072849568
38933,0.017419705176982554
38934,0.17978273787949905
38935,0.009280176074279991
38936,0.19906728769617948
38937,0.021183374036038302
38938,0.04065212779640895
38939,0.042426737883524045
38940,0.025509702023585677
38941,0.015264757389699438
38942,0.03453978972524172
38943,0.101252745386923
38944,0.06724863651813713
38945,0.07637855758773124
38946,0.03458121670152821
38947,0.10401482787203008
38948,0.03617119341705942
38949,0.047354248461868184
38950,0.024625254339444964
38951,0.02542735509551925
38952,0.03818075668526817
38953,0.05033880386092564
38954,0.08510495383163048
38955,0.12195542617952627
38956,0.03893562214833825
38957,0.06280607954077992
38958,0.14063557021039164
38959,0.02932767057231421
38960,0.026103471892717483
38961,0.01663929705569583
38962,0.075377782762097
38963,0.1317405141536026
38964,0.05662033333743827
38965,0.0844482642935667
38966,0.04487930407549908
38967,0.01590259853850134
38968,0.17552629940272485
38969,0.017016867203860277
38970,0.11551611669092708
38971,0.015441428763894354
38972,0.10020914361301195
38973,0.06091326182374157
38974,0.1556101803127738
38975,0.0656999049045853
38976,0.20575983491556793
38977,0.03377021907934332
38978,0.21595708886683795
38979,0.013458736141485907
38980,0.030247353356342904
38981,0.009548472377800465
38982,0.057786880503736315
38983,0.012906064805084291
38984,0.022686186988495508
38985,0.06761894359887247
38986,0.02565626933021068
38987,0.07893994150440964
38988,0.6725672966923117
38989,0.028670729386098097
38990,0.2710120049961394
38991,0.017302164632662397
38992,0.16652693605005808
38993,0.01145741181149744
38994,0.30114582919621125
38995,0.04015484150819437
38996,0.026207211534284486
38997,0.06739581270778426
38998,0.018192156637631223
38999,0.029783472274551283
39000,0.02570813879736367
39001,0.027813824056104025
39002,0.02401328359935737
39003,0.033925032927832874
39004,0.05631874447355304
39005,0.013521314699886204
39006,0.032937632943024917
39007,0.027365308618510303
39008,0.02849969623730357
39009,0.04772686737283788
39010,0.05829606298458924
39011,0.07695562539641157
39012,0.47400277426961235
39013,0.05394193540029208
39014,0.07717923654370432
39015,0.024141672138380893
39016,0.2393611603025188
39017,0.04824618274615505
39018,0.010136757203222617
39019,0.031820792155202254
39020,0.012289672874314444
39021,0.03511926442886168
39022,0.019551977660439587
39023,0.08143694140719016
39024,0.0116783127941656
39025,0.027491794090831353
39026,0.03261310252178725
39027,0.046713376338723994
39028,0.1525495065190085
39029,0.018816099261950922
39030,0.016647269975467824
39031,0.022601396989828656
39032,0.060604141897714375
39033,0.029380600756692805
39034,0.05376984206671179
39035,0.05155158996226842
39036,0.12651760738017645
39037,0.04364224643618051
39038,0.08726840530238754
39039,0.028309373765226586
39040,0.00998053594080567
39041,0.03606128842488744
39042,0.0609924414740915
39043,0.0340493507669699
39044,0.1150353370643185
39045,0.028521385851298837
39046,0.016246431880992923
39047,0.037453362056887034
39048,0.09101579632852361
39049,0.06252447145390894
39050,0.048832958549033946
39051,0.021419292362950874
39052,0.15561645689758996
39053,0.04089538780758779
39054,0.11685946254758608
39055,0.03933684652904265
39056,0.03095810648798686
39057,0.05409837746109819
39058,0.049055722127180915
39059,0.023084319512447438
39060,0.03095593386592982
39061,0.02247495992817633
39062,0.01100288644225418
39063,0.05455183853910664
39064,0.018871621607958015
39065,0.049494173064213186
39066,0.08024551692485662
39067,0.042967977004153536
39068,0.02193991380954377
39069,0.11112842785566018
39070,0.03682151019632763
39071,0.03739511942085118
39072,0.12916570660648985
39073,0.18403795376362644
39074,0.3293168486130672
39075,0.042860524336242656
39076,0.09494982155846599
39077,0.07673545092677038
39078,0.04247608956009993
39079,0.06229139007783865
39080,0.10473228230177223
39081,0.022392271235943898
39082,0.10624181716983896
39083,0.018841988375157725
39084,0.0509460091477672
39085,0.022156815881589697
39086,0.03761376350047037
39087,0.08105163304787956
39088,0.017596523078852316
39089,0.04310346591055622
39090,0.04907185110822926
39091,0.023799095023476848
39092,0.26986290949248243
39093,0.13047138417122583
39094,0.1596905109666017
39095,0.01975231504945503
39096,0.12748767402756706
39097,0.027269306396525264
39098,0.042147779442644175
39099,0.05401617898858012
39100,0.15290161518580886
39101,0.11044262496301278
39102,0.03800889643672025
39103,0.026670092768782162
39104,0.04566101768939625
39105,0.02219240747352494
39106,0.1069421003314729
39107,0.21384554944593065
39108,0.06806714599852962
39109,0.02501231974989998
39110,0.035518347388121756
39111,0.014883465221605911
39112,0.04216267785936474
39113,0.03959556442342688
39114,0.04659775900888493
39115,0.010902477498119689
39116,0.04202665418390931
39117,0.06432996759449437
39118,0.02583637326362527
39119,0.0402331636402707
39120,0.02352985323695047
39121,0.08357925808220926
39122,0.14221450715695924
39123,0.09741654450950893
39124,0.02700356377242756
39125,0.050013907847817465
39126,0.07592544744482242
39127,0.016304430941757576
39128,0.07499714778384554
39129,0.02193533931499566
39130,0.03995326483843634
39131,0.04792415160814628
39132,0.07899205833409727
39133,0.028689623248407688
39134,0.1770796947396165
39135,0.03872479032503276
39136,0.014730760826746285
39137,0.05169182313218994
39138,0.011305197738919767
39139,0.04482883626091301
39140,0.05224479529208348
39141,0.06920734598206163
39142,0.041460883966055725
39143,0.030303746693346185
39144,0.03917677769223296
39145,0.024136469275645722
39146,0.05635271557481976
39147,0.03336497898618625
39148,0.043576799123606326
39149,0.02350813389591227
39150,0.03817703195278964
39151,0.11048039709350374
39152,0.047967713164893504
39153,0.0769578460263525
39154,0.4695314270750641
39155,0.021973550501181244
39156,0.01977942581741715
39157,0.05551880949893553
39158,0.010715304233844487
39159,0.027690308445177014
39160,0.01760161948712241
39161,0.03325393741735984
39162,0.029514009982824482
39163,0.03490516064430236
39164,0.016683181863463174
39165,0.0559079085669473
39166,0.07571858878673889
39167,0.0200438886043115
39168,0.0557093965228221
39169,0.01289152082599632
39170,0.06196962388783972
39171,0.04592590578262787
39172,0.035763181226388295
39173,0.046070220975991324
39174,0.0083240115256992
39175,0.014678955839847733
39176,0.06507836254811061
39177,0.02135066734140284
39178,0.011430814571237423
39179,0.11058092735419081
39180,0.1194417983857183
39181,0.06298560470935889
39182,0.12989218631823296
39183,0.4048187524369665
39184,0.03791784401133236
39185,0.029950724681531034
39186,0.1408646611169433
39187,0.009941942003205306
39188,0.014719495970673274
39189,0.02377196334875604
39190,0.011086406258267161
39191,0.07635737458111243
39192,0.016548823810995386
39193,0.04363876239256974
39194,0.027447526800512878
39195,0.0518906891703752
39196,0.03549470558104856
39197,0.21776963996329518
39198,0.02286712110085396
39199,0.0439452627432203
39200,0.039693397869998426
39201,0.04367414684708748
39202,0.02118842237690465
39203,0.025855050743572233
39204,0.040167274105764886
39205,0.03922727390607243
39206,0.20188575078888357
39207,0.2059303652089502
39208,0.011538099969226126
39209,0.031930586899048485
39210,0.010125702959935068
39211,0.042456937860295994
39212,0.03874574934063175
39213,0.015585181569957897
39214,0.1621965235523143
39215,0.01000247140556282
39216,0.05948565193855779
39217,0.03330415541319621
39218,0.03349739920730753
39219,0.09967383896885193
39220,0.04019825367233085
39221,0.03696156224008154
39222,0.02130651535327179
39223,0.017278462212862583
39224,0.01930140735196791
39225,0.04937710150403057
39226,0.0462527665586025
39227,0.08687424808006278
39228,0.05329046095036764
39229,0.20530694674705594
39230,0.10250080795317566
39231,0.012670900930782047
39232,0.12915926279619092
39233,0.16621377419289207
39234,0.14668421477842575
39235,0.04603831438876459
39236,0.028100622412094458
39237,0.014263738370106242
39238,0.05488985401986507
39239,0.02760613379274044
39240,0.05693956783648413
39241,0.023887392034871762
39242,0.1103620088202722
39243,0.08210534019396193
39244,0.24562079574062984
39245,0.011928088736428722
39246,0.031839341467442425
39247,0.1421506443697413
39248,0.035241450112171474
39249,0.07335558468381081
39250,0.09714718704601207
39251,0.08486927877946451
39252,0.011922330097317906
39253,0.035812452776710336
39254,0.03935633046450722
39255,0.13164303945208547
39256,0.14268876013804377
39257,0.013343183836839832
39258,0.02801298930372748
39259,0.059138877942626886
39260,0.04989754835639881
39261,0.19948548637489416
39262,0.16885556376273658
39263,0.055724704162586125
39264,0.034542817590617766
39265,0.02371120869799364
39266,0.023462198184189997
39267,0.046967097040519074
39268,0.07169464363206607
39269,0.02110169508315659
39270,0.13192647617519304
39271,0.09453356280977991
39272,0.01706618673460363
39273,0.016615212546382273
39274,0.02726130732442102
39275,0.1430905132623015
39276,0.02488125208383085
39277,0.10955853907927698
39278,0.17448533348647052
39279,0.023365242580988536
39280,0.3276793042930891
39281,0.05080873305094022
39282,0.058314192289806936
39283,0.07170373664566167
39284,0.12313648283511697
39285,0.02227534712471664
39286,0.028998594439159482
39287,0.06340914887731239
39288,0.0772282590278295
39289,0.03897185385544922
39290,0.04843891474344249
39291,0.06071364411954333
39292,0.024453804113547244
39293,0.051063287236150716
39294,0.023393973097410734
39295,0.04825125647234539
39296,0.0622712058659593
39297,0.022475559375580538
39298,0.15644359460649304
39299,0.024404810650042325
39300,0.024047949862071708
39301,0.4933237564112724
39302,0.047106523657815966
39303,0.14812371512124928
39304,0.021310712578785567
39305,0.10576349089595938
39306,0.14588583318066872
39307,0.03521963208990489
39308,0.03153273509321752
39309,0.06561525135538288
39310,0.024372315815439284
39311,0.019168293888833825
39312,0.019903856350681044
39313,0.058818057983883926
39314,0.08825544292940436
39315,0.022722673817079386
39316,0.04057868982588317
39317,0.03772674773365359
39318,0.10919458334166435
39319,0.05085356338735224
39320,0.044035309235790264
39321,0.02541479372485895
39322,0.03458200393770871
39323,0.02293994167906011
39324,0.05407480757449632
39325,0.1360186424014997
39326,0.09723978947542924
39327,0.03315276928865302
39328,0.038772538716064536
39329,0.01931452705770827
39330,0.04560833284314275
39331,0.09770995131225317
39332,0.06720412581322219
39333,0.1182682899943053
39334,0.025875061386456108
39335,0.03357758032467664
39336,0.020863092060452695
39337,0.02737769938053579
39338,0.021865308979842474
39339,0.12423319930004552
39340,0.06830480201117779
39341,0.01410086838947567
39342,0.17356686731062682
39343,0.053974664759076627
39344,0.05171865148721666
39345,0.2989920650914654
39346,0.012896531621974173
39347,0.03161450938662881
39348,0.03339008768582381
39349,0.039303185995650025
39350,0.08753947836516054
39351,0.3236612229761358
39352,0.021218918615012038
39353,0.01236784546757351
39354,0.039069219789404364
39355,0.010827486462566122
39356,0.038792585353890685
39357,0.033396957701632264
39358,0.04638287893944562
39359,0.010406931806857634
39360,0.04226457695043728
39361,0.12158100861702392
39362,0.09502544911264836
39363,0.058467343700825916
39364,0.05976864635594822
39365,0.04433089840559257
39366,0.07667496461587713
39367,0.024518036391150962
39368,0.025926568002872394
39369,0.06121751829587299
39370,0.03608512314543624
39371,0.023563596680528025
39372,0.02980544744871501
39373,0.07730905809215338
39374,0.049211623287105724
39375,0.0471614909139511
39376,0.017045363134088002
39377,0.10431721705852506
39378,0.024733047153177704
39379,0.03457077238721995
39380,0.1343669127649689
39381,0.018222534635783102
39382,0.03796872363092098
39383,0.26171005626464083
39384,0.00998266076308615
39385,0.03648934973846935
39386,0.0239000450629918
39387,0.03202429570119551
39388,0.03201130705556492
39389,0.01116360626465401
39390,0.03319816068773685
39391,0.013590455721202703
39392,0.10626297189773812
39393,0.05469611625876776
39394,0.19757984730988992
39395,0.03839804735474412
39396,0.009214038029423775
39397,0.382688008839567
39398,0.11146411437678586
39399,0.03451197145708327
39400,0.014890498083173612
39401,0.01363200765312458
39402,0.021819090416375524
39403,0.013041720044025311
39404,0.015472580264169313
39405,0.0111260162975739
39406,0.03576692868728684
39407,0.04459751614093653
39408,0.03704793078980592
39409,0.8491587775041763
39410,0.019297781072503274
39411,0.1998906626126342
39412,0.027076702788634138
39413,0.025751955267015975
39414,0.029843710901039565
39415,0.020448143391448056
39416,0.05029318799274371
39417,0.14071422040785064
39418,0.04396319797490041
39419,0.03965153114229938
39420,0.04604647054053281
39421,0.045488677267003744
39422,0.0427786783939911
39423,0.05321063533074996
39424,0.09345107388185148
39425,0.035838119458280505
39426,0.02751627707227863
39427,0.03509443025653175
39428,0.07796130179082152
39429,0.022335321038040628
39430,0.03760210235624723
39431,0.027023402539486423
39432,0.059609219669313346
39433,0.03941285504336558
39434,0.0116569817443803
39435,0.05491397205087106
39436,0.056201382230771015
39437,0.03179431368830439
39438,0.03868411184167084
39439,0.013185724350709773
39440,0.026668063725534985
39441,0.09951825105229661
39442,0.03389630632704078
39443,0.09074497477014454
39444,0.044046621240498976
39445,0.06566106976433607
39446,0.043865712414215816
39447,0.024671599916816462
39448,0.06936160478768667
39449,0.022708792999346215
39450,0.06137953941521928
39451,0.04315758157984162
39452,0.03628228481217895
39453,0.0248291329002664
39454,0.030594597302219632
39455,0.1438765912492475
39456,0.03463841800819058
39457,0.07422310570524437
39458,0.02066916689370057
39459,0.8864360207091939
39460,0.05154428554731229
39461,0.030270251455313903
39462,0.2700183990862725
39463,0.03163861572708228
39464,0.25479047840775726
39465,0.04749318074050216
39466,0.05644949894228357
39467,0.021217909089635334
39468,0.09361641563337647
39469,0.06983309571296893
39470,0.028085383580193433
39471,0.012907100114136826
39472,0.10506234115704324
39473,0.017700887435537563
39474,0.06851877557542325
39475,0.1709398279073012
39476,0.029722546809831746
39477,0.02679577423112197
39478,0.0974061916373379
39479,0.03507113106515989
39480,0.07420499938689659
39481,0.11676444905892322
39482,0.058158157559970836
39483,0.09931524356783798
39484,0.0516796001145903
39485,0.04879319772729139
39486,0.04215126331677445
39487,0.26885065848897627
39488,0.02903288084960961
39489,0.02042277839237326
39490,0.19632696826640786
39491,0.010552563281805958
39492,0.019364363576745567
39493,0.04928957017110633
39494,0.03088561935096168
39495,0.03404413324536271
39496,0.020476834907508436
39497,0.08933648214925219
39498,0.02113930618859257
39499,0.0313952412829776
39500,0.0979010965928093
39501,0.009022032357743282
39502,0.03651873640228323
39503,0.11056570419662332
39504,0.045938603079350854
39505,0.13018624326800368
39506,0.009651626554792705
39507,0.03262561871591188
39508,0.03000648487324305
39509,0.06992977085184589
39510,0.08403150407836603
39511,0.04293021452363958
39512,0.27133907708987154
39513,0.12275886688449658
39514,0.014249743239279425
39515,0.02020444443274387
39516,0.014830710662176195
39517,0.21876978392175334
39518,0.03345044331590022
39519,0.013344117348592428
39520,0.04954253571788884
39521,0.08744144316862629
39522,0.039347493736905506
39523,0.008430447601400094
39524,0.11723399358441855
39525,0.029330148814549324
39526,0.09054148106307153
39527,0.033923796775283364
39528,0.017799447675684237
39529,0.06817673126101911
39530,0.027569475840696286
39531,0.046694611405293
39532,0.02433199374210527
39533,0.13393236848856244
39534,0.05487412838698246
39535,0.023295387911154382
39536,0.13628021575358795
39537,0.051385224660643825
39538,0.02453494044651289
39539,0.02675413965487075
39540,0.016903683793145566
39541,0.04942352135323374
39542,0.0632093619026249
39543,0.018842763054889855
39544,0.04386226504409613
39545,0.03610358867416153
39546,0.03802250415477375
39547,0.047400133439002026
39548,0.044137736026772664
39549,0.10430213761464502
39550,0.038151771199878566
39551,0.02745803792492071
39552,0.041335393918385324
39553,0.026426303646993634
39554,0.22942034165121075
39555,0.010395413024622328
39556,0.06624710077709847
39557,0.04294516082000679
39558,0.03167349158178567
39559,0.019907916976720265
39560,0.016350740687775152
39561,0.037484539364558145
39562,0.5157855682555188
39563,0.07123037039098633
39564,0.14856069042685977
39565,0.03388513635325481
39566,0.22432484174409195
39567,0.026293424633160076
39568,0.008506917364442328
39569,0.23289032215539068
39570,0.04699832532994321
39571,0.011711139320906144
39572,0.07033336329297568
39573,0.042877083681382024
39574,0.038517440986183045
39575,0.04510528272692955
39576,0.04360525405194765
39577,0.0930630716769775
39578,0.02634919656776337
39579,0.04279329389209387
39580,0.05641763035145321
39581,0.031815194407267204
39582,0.05335492406107527
39583,0.016092736203916488
39584,0.08287223862328766
39585,0.4246122930091637
39586,0.03344908590548041
39587,0.11070851319345998
39588,0.16101396139050114
39589,0.296044070479251
39590,0.05920560912449495
39591,0.03959889924414702
39592,0.135747976730265
39593,0.08204630452955845
39594,0.06949109901940981
39595,0.07801187659377551
39596,0.03947053632545737
39597,0.08876277868193942
39598,0.08512944646259857
39599,0.012916180480202627
39600,0.02885576660907586
39601,0.03758913427305272
39602,0.23429438856651752
39603,0.06666376537134827
39604,0.045045968165146374
39605,0.03601948660316417
39606,0.028547471424751586
39607,0.030235156831919675
39608,0.1077708326550319
39609,0.38177218606523733
39610,0.012304486675044662
39611,0.021042932871740718
39612,0.19429946143844645
39613,0.04280891150416741
39614,0.21049807972989967
39615,0.13728356548330992
39616,0.09373812329733805
39617,0.027534061500113498
39618,0.0885529202441206
39619,0.0791776407128253
39620,0.2850898841378053
39621,0.022866299536712917
39622,0.026115950281389366
39623,0.09777881337898144
39624,0.030630167847344243
39625,0.16106484748140787
39626,0.04428847018356395
39627,0.17781144083497333
39628,0.04463531320142151
39629,0.028630989015255227
39630,0.06857671113894259
39631,0.018218017412060906
39632,0.0482986620452162
39633,0.01835015136873167
39634,0.04424022768593562
39635,0.0181368535184634
39636,0.013245807014809553
39637,0.009338157429471548
39638,0.020128750823750523
39639,0.0792017106375021
39640,0.028676017233186177
39641,0.09037258946392786
39642,0.01837385211245518
39643,0.017792964714693608
39644,0.09325192975833804
39645,0.028793807194409708
39646,0.016127202854137837
39647,0.02524776058535931
39648,0.017210771483421834
39649,0.027535053822117926
39650,0.05421445908792481
39651,0.023401796497235366
39652,0.07879020312321706
39653,0.034962728629108465
39654,0.06481142360872943
39655,0.026247587764312567
39656,0.023411754205990645
39657,0.018197570976489233
39658,0.07425595974643709
39659,0.03915446912125488
39660,0.08491117422327712
39661,0.017467648157271653
39662,0.047894862805379884
39663,0.020582532171353043
39664,0.009433667108471473
39665,0.038999429212105224
39666,0.05997400109489427
39667,0.013801135065766388
39668,0.0213995648350768
39669,0.05874592335221271
39670,0.023150936228100417
39671,0.04632822582824858
39672,0.0721306992858249
39673,0.05799562662043138
39674,0.028607274544677534
39675,0.0545092508735831
39676,0.08402055509577835
39677,0.07521839114622678
39678,0.114185625148091
39679,0.03390880615692915
39680,0.06306740029100255
39681,0.01601155808887536
39682,0.024328255786223607
39683,0.019863734060141042
39684,0.020863227428095606
39685,0.18856825612586464
39686,0.07589070446251119
39687,0.050557366112435206
39688,0.0545582781321078
39689,0.07019450308385704
39690,0.16548541056324464
39691,0.03183561806421446
39692,0.06053626264004902
39693,0.04339105364624193
39694,0.11757276236773576
39695,0.053584592885769486
39696,0.04203554004499805
39697,0.13997599562173035
39698,0.1060887990841726
39699,0.058855375617032024
39700,0.01794729671166287
39701,0.1686648363327875
39702,0.017586702389250773
39703,0.030810388945681597
39704,0.018664114042755135
39705,0.057957511619443736
39706,0.06712322534681014
39707,0.11307205293843223
39708,0.015298263825507447
39709,0.024099213605645053
39710,0.014716296642167637
39711,0.053522439983388306
39712,0.062422063911508396
39713,0.017207290429720776
39714,0.04211934647261088
39715,0.023031883845833837
39716,0.02076499863856437
39717,0.021696847458497495
39718,0.07622812046727286
39719,0.010357209166793103
39720,0.016112744534397913
39721,0.05718431756668494
39722,0.024691297444085828
39723,0.031218618121135532
39724,0.016644643601718287
39725,0.0664557802051921
39726,0.023510640092258308
39727,0.0169818100205262
39728,0.03428650161117513
39729,0.05641757004801559
39730,0.021854619219004702
39731,0.05005721437613979
39732,0.042615566526488416
39733,0.09740439774882287
39734,0.010146998137351752
39735,0.020632680749746498
39736,0.06843781853308266
39737,0.04076727490843915
39738,0.016293825725490135
39739,0.03363716600342053
39740,0.09414025682000284
39741,0.03281801979080809
39742,0.015581283656303083
39743,0.02256372911028811
39744,0.06077971148419896
39745,0.021636307686385692
39746,0.06897377514508467
39747,0.08475596087333145
39748,0.08835948126992774
39749,0.011563934087716058
39750,0.0262099623347751
39751,0.04586119607576025
39752,0.0656360568108716
39753,0.03445248942683614
39754,0.03205192869745439
39755,0.038154118063229596
39756,0.021718231526097434
39757,0.02446219110646689
39758,0.021509356207182667
39759,0.039877886181840815
39760,0.056062952733203913
39761,0.09854736257203474
39762,0.01805890503770443
39763,0.0216612318984831
39764,0.02346666317369811
39765,0.02011495428998862
39766,0.03130953198474462
39767,0.015521071651497664
39768,0.04764923979321101
39769,0.02479867628222273
39770,0.03480805862320946
39771,0.10993436859499478
39772,0.14292561641362153
39773,0.09393196518011956
39774,0.16041088901749798
39775,0.016544699519094673
39776,0.14864486284174414
39777,0.022950849459316483
39778,0.013442443298378478
39779,0.1838874076793438
39780,0.03435885688775997
39781,0.11904690255505052
39782,0.022518876390609337
39783,0.04003415800590565
39784,0.13527621098030532
39785,0.03062686052913071
39786,0.020448207441794826
39787,0.04989295609240628
39788,0.014417286500757598
39789,0.06554532174497496
39790,0.04271048879965126
39791,0.013594389926344087
39792,0.04569423373002342
39793,0.12305413722108066
39794,0.07310215286572426
39795,0.11260416112763935
39796,0.3216342068487349
39797,0.018391518069327227
39798,0.03669543012365405
39799,0.02575610116610892
39800,0.020629873944779723
39801,0.021344500395495784
39802,0.016071390620556757
39803,0.01940344285974928
39804,0.2048725418941307
39805,0.013795883562986838
39806,0.201523093596932
39807,0.012670987842829719
39808,0.046105626887007006
39809,0.05537803422546485
39810,0.04511088564471528
39811,0.10064765972159712
39812,0.016565610724727228
39813,0.019435486871855322
39814,0.011069376816863081
39815,0.040364674327536314
39816,0.05749806082725993
39817,0.07851883758792913
39818,0.039470997722210195
39819,0.020606818947329623
39820,0.022994377439512905
39821,0.28409940517965226
39822,0.23427681866143177
39823,0.061922824771369143
39824,0.025943506034096012
39825,0.03583146548956243
39826,0.010651591359974594
39827,0.06013950198317246
39828,0.11341541409895393
39829,0.10359683332745341
39830,0.026930045910493368
39831,0.17236676648614468
39832,0.05237749693395062
39833,0.06968769096556637
39834,0.13849516590543792
39835,0.09399685019610002
39836,0.024917652323867875
39837,0.22281008354943838
39838,0.01396063707453962
39839,0.08523132662716287
39840,0.08281086577081244
39841,0.04501091767135567
39842,0.02934279968716385
39843,0.04029254257005999
39844,0.018300575305030677
39845,0.09737386182552815
39846,0.02895865174995276
39847,0.010132126292388344
39848,0.20587857016086847
39849,0.012694438656944682
39850,0.0342432710661032
39851,0.40779322473927354
39852,0.01660099507032838
39853,0.034128619279104176
39854,0.0260062004421067
39855,0.08036686372686881
39856,0.05404274640442529
39857,0.02096293780083698
39858,0.2605388055154647
39859,0.15186920450734148
39860,0.019796775746690493
39861,0.09765005019297265
39862,0.016063577723529787
39863,0.049310076770482526
39864,0.15394536612480886
39865,0.15604829146370414
39866,0.08155310461208032
39867,0.0226085483666117
39868,0.04638542047153952
39869,0.027467606385552304
39870,0.05230141848511953
39871,0.03557143555622164
39872,0.08752406019797049
39873,0.02203233724026296
39874,0.015582272164173683
39875,0.0809338176775227
39876,0.043572031862689695
39877,0.2399572236850895
39878,0.014170990774454596
39879,0.011840510909276805
39880,0.01159723923185545
39881,0.14688970401366427
39882,0.10425921998284007
39883,0.014563519461735775
39884,0.03964588384275707
39885,0.10348376527553835
39886,0.023105939331215127
39887,0.07086134439487388
39888,0.17146628588574037
39889,0.043582134559073504
39890,0.20989241747650325
39891,0.06291193128565994
39892,0.08218803845493475
39893,0.04458224573701069
39894,0.010766040270188383
39895,0.05557137025831003
39896,0.14831321126928504
39897,0.015185754170914712
39898,0.24205402522508576
39899,0.11308541790426023
39900,0.032455425016999925
39901,0.09242318333833983
39902,0.015081202180233608
39903,0.02577002678261442
39904,0.058738559880992074
39905,0.1471835189717539
39906,0.08197456186765459
39907,0.09109155202236499
39908,0.08200669753032543
39909,0.11473768171491258
39910,0.08044773989684242
39911,0.09713441861949268
39912,0.05764067540393478
39913,0.0454198509051305
39914,0.016534532979992512
39915,0.03591783840262103
39916,0.029867482178405964
39917,0.044033599727504744
39918,0.11116338621831093
39919,0.14612547179530921
39920,0.010699361748591008
39921,0.046175225214483556
39922,0.04813020365175576
39923,0.038549675514584936
39924,0.0469457081402975
39925,0.04965221293627454
39926,0.03992741695032181
39927,0.02642738755844449
39928,0.043787960442636116
39929,0.009676067143116474
39930,0.02854244444920173
39931,0.0952772368424968
39932,0.1720450236918421
39933,0.17580629441639167
39934,0.027414739902779806
39935,0.0947159606972816
39936,0.06592311237687641
39937,0.05054212474412076
39938,0.19003289975673013
39939,0.07106465888244376
39940,0.05148123971982297
39941,0.040343602152597025
39942,0.07940883422040436
39943,0.04734865022314628
39944,0.04317757583699018
39945,0.06917841103540961
39946,0.07273444934785331
39947,0.3165916061454913
39948,0.032862282216926816
39949,0.08548239130617184
39950,0.09910495441749896
39951,0.03789183838005669
39952,0.021783128914146438
39953,0.06490947936931218
39954,0.02694455567580497
39955,0.0204594548465789
39956,0.028285324596082864
39957,0.01564147665865959
39958,0.24170674727989555
39959,0.03529690409110545
39960,0.06084001144322464
39961,0.17809576017727374
39962,0.16172090695877436
39963,0.08055727218711894
39964,0.01514804180310688
39965,0.04022749600039763
39966,0.028668812761280763
39967,0.04515749176140751
39968,0.03273269958645491
39969,0.05339839136599024
39970,0.01729227032751545
39971,0.2806926085122151
39972,0.025485949639906302
39973,0.06329905723543766
39974,0.04807929367821115
39975,0.16404075121133477
39976,0.039068600773612384
39977,0.020147866025967572
39978,0.10968457184249407
39979,0.012908736817028414
39980,0.015427471997359018
39981,0.02189225863757311
39982,0.024660629989055775
39983,0.05737218285586211
39984,0.025185278338711224
39985,0.06421943182959022
39986,0.16273185340217455
39987,0.020207504941463304
39988,0.040846796286782255
39989,0.028529300307063788
39990,0.3010899558476
39991,0.029724350772344473
39992,0.11873176024870562
39993,0.07774845233611431
39994,0.22351814818013788
39995,0.03003278723040729
39996,0.028376823795557966
39997,0.3188016031581002
39998,0.0408227047839748
39999,0.030319460442318497
40000,0.03286182872525832
40001,0.03164624954824767
40002,0.019997956941800836
40003,0.017357981047886627
40004,0.012893958185424822
40005,0.05607863789069987
40006,0.06030636136968886
40007,0.022632603476615866
40008,0.1705782486691821
40009,0.05910101907914973
40010,0.025517371835766727
40011,0.03506495215539916
40012,0.026852683185193377
40013,0.04610739646959807
40014,0.22349835581124194
40015,0.1404490798834278
40016,0.02550454706523628
40017,0.02675754673360323
40018,0.06289735956129974
40019,0.01533417431714905
40020,0.022261547042590608
40021,0.06554469160730242
40022,0.03965715623242949
40023,0.016360408014037608
40024,0.22434558749185918
40025,0.02492034821671939
40026,0.03076684692310344
40027,0.029547524480817114
40028,0.12360270493186348
40029,0.038346886792746546
40030,0.05987829894156989
40031,0.29914751032180287
40032,0.03122854317909126
40033,0.18577749958772302
40034,0.015165951612632131
40035,0.33013931522560025
40036,0.018301212442013062
40037,0.2560167407459746
40038,0.04523219342836657
40039,0.04442236565400741
40040,0.043475558902197155
40041,0.10709460678595469
40042,0.1345088424229912
40043,0.023129037515921883
40044,0.020712802530208123
40045,0.03771800505960119
40046,0.014003661260083797
40047,0.05825292168970486
40048,0.045252432731383206
40049,0.010802194480086416
40050,0.06644796116526291
40051,0.013693931274378474
40052,0.0940578015304846
40053,0.040780233017379486
40054,0.03653992963719615
40055,0.08050704113273172
40056,0.045367858129067226
40057,0.01920568407082418
40058,0.11052886246212804
40059,0.024211741624190784
40060,0.017756496674105355
40061,0.022644492736778758
40062,0.022805044591094
40063,0.03289089779650585
40064,0.032113393240454785
40065,0.11755181869453521
40066,0.13775743655114112
40067,0.014358863664374513
40068,0.05824439628228264
40069,0.210749307570459
40070,0.02758166252765895
40071,0.1190564871424182
40072,0.22667773035729757
40073,0.08855702508243499
40074,0.013404059251494767
40075,0.01415837984580684
40076,0.09115019820437653
40077,0.06247035900023652
40078,0.029540459472820246
40079,0.013672922777647615
40080,0.13345321570575705
40081,0.08948919928928253
40082,0.04523747177568825
40083,0.04941243277195945
40084,0.08587818891805535
40085,0.016500898934891463
40086,0.11388807562930556
40087,0.018727626966319803
40088,0.04259340272253109
40089,0.1399984401012484
40090,0.27081532608272973
40091,0.04297864191471745
40092,0.08018794417826983
40093,0.09213163110867588
40094,0.035724073390050584
40095,0.017051532685581912
40096,0.040848360016930374
40097,0.019490909267232966
40098,0.013391491591744515
40099,0.08162363869599282
40100,0.05234315827235138
40101,0.026996811190528658
40102,0.16548709010507984
40103,0.10897610389247626
40104,0.052613577773192616
40105,0.03170530061564547
40106,0.03316173487542775
40107,0.022736071142266664
40108,0.08455462787189663
40109,0.026984158137315
40110,0.4014872597963772
40111,0.02611639479768658
40112,0.02653494431953244
40113,0.022851327811445055
40114,0.05782082242952753
40115,0.017481532675311804
40116,0.017007164303984176
40117,0.015345777935781114
40118,0.031240682343623507
40119,0.015789016844101732
40120,0.02972486425056318
40121,0.07472179823629033
40122,0.03659421661991581
40123,0.025212227202752274
40124,0.03912932357843429
40125,0.034145816052665555
40126,0.030045601646996885
40127,0.15538169044084255
40128,0.06856506799933186
40129,0.0591170377536433
40130,0.043686940260306235
40131,0.019964972213500225
40132,0.056875282634349406
40133,0.1137321344557474
40134,0.010027869131845953
40135,0.0878254772350739
40136,0.10126942629043621
40137,0.41488168482372734
40138,0.09580179258225736
40139,0.01617997869323057
40140,0.08898598004154903
40141,0.10633679223665123
40142,0.09830979253034991
40143,0.02016675712534676
40144,0.0333104651308658
40145,0.03166712229901959
40146,0.044808475401814866
40147,0.0598818511237259
40148,0.09560573517046059
40149,0.05191270261997454
40150,0.08098970646217439
40151,0.15064675711427916
40152,0.199288282890423
40153,0.07632061102598094
40154,0.039974452369060415
40155,0.22947287370815195
40156,0.036019114076628014
40157,0.11076708511252076
40158,0.20805101027298384
40159,0.2536361190354939
40160,0.057053234264337366
40161,0.03341464703981958
40162,0.09264633077864477
40163,0.0474837793996061
40164,0.02413994795222741
40165,0.06106957912950908
40166,0.10569934312219201
40167,0.04192283129062104
40168,0.2511224401997524
40169,0.0543159351134599
40170,0.07908860898602649
40171,0.026683267103706443
40172,0.0564164901864819
40173,0.029286834026223486
40174,0.0629038492374647
40175,0.022240687330809205
40176,0.025549150188010614
40177,0.026673846629838054
40178,0.04693018954543533
40179,0.21937327898105208
40180,0.07965360208942081
40181,0.05714972537620052
40182,0.009718416277710498
40183,0.18734695271647323
40184,0.016664601460530535
40185,0.05465926143648097
40186,0.06631785495444706
40187,0.1550933552442716
40188,0.015381001524424164
40189,0.02899444443103505
40190,0.21644185747799813
40191,0.05627065012611011
40192,0.1015054698234581
40193,0.030347838812750615
40194,0.07083178687438343
40195,0.39559294488098085
40196,0.01883524215850434
40197,0.07146859541340932
40198,0.016970423418667807
40199,0.03124791346034177
40200,0.02819387939034335
40201,0.08396659599456172
40202,0.01458056205520729
40203,0.04019394899431935
40204,0.11725217682689325
40205,0.04663688017188912
40206,0.009055521750592325
40207,0.07470450995284858
40208,0.3677167070646188
40209,0.009625936898190308
40210,0.04756557186250708
40211,0.025294813412232022
40212,0.06280183334844087
40213,0.01984353832611356
40214,0.04888616566824744
40215,0.2550844664387468
40216,0.0325922572833819
40217,0.0242587386122674
40218,0.15957761051069813
40219,0.1389245376702752
40220,0.2578849532009625
40221,0.03206682078652598
40222,0.054059797076003294
40223,0.023692112386267058
40224,0.025556642383907143
40225,0.022572235193873663
40226,0.022019948142530325
40227,0.021437451680184533
40228,0.04820512633602606
40229,0.01862970925706235
40230,0.02759744205656383
40231,0.061967452185102884
40232,0.051436418183302315
40233,0.11343076093217164
40234,0.0826724787130588
40235,0.032709254841215334
40236,0.10811274852245491
40237,0.03828569974370053
40238,0.022460266415173617
40239,0.04573424364687646
40240,0.030854703508626215
40241,0.03405321772643932
40242,0.048495966560485826
40243,0.06764399863246845
40244,0.06082070273983445
40245,0.02972296530413862
40246,0.022551323315582416
40247,0.030023649873178373
40248,0.16638559346123538
40249,0.058745596788509255
40250,0.014797387339939676
40251,0.06592940816142917
40252,0.12349976636477099
40253,0.22550798587995366
40254,0.009418636260097485
40255,0.03573748795322656
40256,0.04778571915284395
40257,0.028573733710786302
40258,0.030617532647376267
40259,0.047453339067626804
40260,0.015780778927731783
40261,0.05990830157009884
40262,0.05306930454351618
40263,0.021510878199748597
40264,0.01610926474404204
40265,0.03749861188618813
40266,0.040572329488541344
40267,0.09859583525244718
40268,0.4595089933617529
40269,0.1550462752992487
40270,0.01717436881437408
40271,0.04094237897093286
40272,0.06043129924065256
40273,0.08189708313480709
40274,0.030483372003031126
40275,0.028590205472441312
40276,0.06252714729222623
40277,0.10175747130487903
40278,0.013718320492581341
40279,0.01268495520537503
40280,0.022768317663610333
40281,0.06252367807248259
40282,0.03417218888719952
40283,0.018508862382574924
40284,0.013499181221889998
40285,0.13729956538764523
40286,0.06974587367579936
40287,0.05519072569561225
40288,0.030524257488686125
40289,0.012742325018702405
40290,0.015423299741958359
40291,0.039379250110859264
40292,0.05494598069364932
40293,0.04179343500541145
40294,0.029474115788660132
40295,0.2238702182634949
40296,0.016114343826994636
40297,0.06579637452173068
40298,0.06957873853552239
40299,0.07805808009157722
40300,0.02266166190555057
40301,0.03569477584724334
40302,0.08844712748503812
40303,0.15780243853629575
40304,0.14342313562173173
40305,0.015429591264766316
40306,0.17228908033252888
40307,0.10540867447625167
40308,0.10419672688283158
40309,0.12619843451780666
40310,0.056411858221158004
40311,0.024735293822110874
40312,0.03419732801747738
40313,0.024424498444309842
40314,0.037223748758896336
40315,0.018073767556588044
40316,0.08658850204066781
40317,0.056450990697215236
40318,0.014830656709989846
40319,0.08960773934636657
40320,0.027132995168202854
40321,0.03656074277879203
40322,0.022576146412213553
40323,0.03497075540855731
40324,0.03646949942086902
40325,0.016031322443128555
40326,0.014919544882545517
40327,0.032380591028575975
40328,0.08947896262448662
40329,0.059397436946544285
40330,0.08864634782775371
40331,0.01993141950856003
40332,0.028744655672914496
40333,0.15087396931989872
40334,0.08653902056742967
40335,0.03183645427131318
40336,0.014835547138855418
40337,0.13069644479145925
40338,0.145942955425245
40339,0.31401046273493444
40340,0.025275187921605692
40341,0.21081823405491834
40342,0.1226435460629544
40343,0.047361503276796973
40344,0.08365765634709388
40345,0.08181868447233386
40346,0.042734765556966946
40347,0.18328447523242547
40348,0.019549619508615654
40349,0.07434359094782803
40350,0.031460955304963026
40351,0.07340586654749899
40352,0.07058227640046388
40353,0.13980973293913398
40354,0.15783826758261407
40355,0.12076895835369171
40356,0.018840865914749393
40357,0.0498836220282104
40358,0.02123406082083373
40359,0.09496566015173351
40360,0.16560960506454858
40361,0.046848281802899745
40362,0.03648031065456589
40363,0.21424418403230633
40364,0.019277286980212055
40365,0.01379718960506753
40366,0.025760093829352966
40367,0.1315021071206721
40368,0.027713812686228148
40369,0.048356346899377414
40370,0.0633051124490637
40371,0.15153736645553173
40372,0.10240824259722914
40373,0.014788239749668634
40374,0.08614215571473834
40375,0.01573736086701906
40376,0.015973895910236634
40377,0.9818347113090076
40378,0.10495165057717355
40379,0.019836077737297907
40380,0.027731732408455615
40381,0.035638305877309664
40382,0.027957399068277045
40383,0.06934930465296027
40384,0.07233815561239013
40385,0.0174872642640446
40386,0.041707569420897816
40387,0.02917306514837854
40388,0.3498686901843898
40389,0.042774657442318835
40390,0.01913785100652292
40391,0.0648308740362021
40392,0.06558182598700063
40393,0.024649002124451737
40394,0.03918892544471605
40395,0.07298423408793349
40396,0.05878568364276374
40397,0.05052059487906845
40398,0.024090659351214336
40399,0.03764926048633915
40400,0.017809496072984973
40401,0.01688867599173602
40402,0.04972091779452875
40403,0.18396362572605288
40404,0.014833280720414656
40405,0.03824588384747342
40406,0.07526389758645285
40407,0.04586330657804862
40408,0.09172854344223573
40409,0.03365738680335088
40410,0.10713914345852282
40411,0.012463190515228206
40412,0.056969084184938984
40413,0.03702159285084592
40414,0.2940101597526429
40415,0.10999389776100275
40416,0.01816672127918897
40417,0.030275318893608304
40418,0.012889047463528031
40419,0.04627541546052791
40420,0.0263852553194099
40421,0.023698757809675147
40422,0.011569753299987846
40423,0.046390315925409424
40424,0.0835052302606711
40425,0.044570929454028296
40426,0.028372338035517558
40427,0.055093499368453855
40428,0.03166038338328357
40429,0.027209052312636896
40430,0.1933942884189211
40431,0.03537937815057705
40432,0.06506912400518677
40433,0.029129512797556167
40434,0.01577900886558518
40435,0.10819277469841035
40436,0.027114042715704702
40437,0.03389608611518303
40438,0.012723513699953297
40439,0.03084810035375757
40440,0.024446991424638177
40441,0.056772161036386576
40442,0.018978161315128618
40443,0.02234118787239451
40444,0.20212669237923286
40445,0.07487285405622351
40446,0.06544772163215001
40447,0.02109405903980078
40448,0.0642881407827702
40449,0.03367170996281429
40450,0.05240518869434573
40451,0.03270608404410054
40452,0.022506405423444696
40453,0.027930733112137576
40454,0.06397372016886546
40455,0.02357693199886665
40456,0.026644322152518
40457,0.024872105165812272
40458,0.029818237650943442
40459,0.034486367772565286
40460,0.038480293434653146
40461,0.181535071286827
40462,0.02251277889213002
40463,0.1159047758371291
40464,0.018855108281976354
40465,0.021120684126370973
40466,0.06371852325196677
40467,0.15103060125504664
40468,0.13485280012620177
40469,0.011086607922147744
40470,0.016294029844617218
40471,0.10568345672173472
40472,0.0851611746279917
40473,0.03194956376319773
40474,0.035314404582450394
40475,0.2622189091760708
40476,0.03680927691713415
40477,0.06605865126453876
40478,0.04891217161563415
40479,0.12911839370662803
40480,0.03962122155775949
40481,0.02369240399976459
40482,0.05984329977207997
40483,0.10698111969004495
40484,0.04998362066668179
40485,0.11967247053834362
40486,0.063265822693716
40487,0.07775014532521307
40488,0.04684818950869768
40489,0.06257853318734756
40490,0.022178956259526206
40491,0.08146831044895353
40492,0.05845610738296185
40493,0.013340370283907384
40494,0.02018091273826676
40495,0.03648748212814715
40496,0.04537192683887443
40497,0.12922525620249828
40498,0.06251802142285295
40499,0.16124115124680574
40500,0.06069023923085456
40501,0.020471669602317947
40502,0.14277028569920483
40503,0.014117075563852756
40504,0.05609889077299358
40505,0.0732226961635925
40506,0.020307404979599944
40507,0.02928942061067522
40508,0.06759478365109968
40509,0.1962046646008028
40510,0.20641236143195094
40511,0.07724425345043227
40512,0.026645179901442023
40513,0.033423044480580255
40514,0.04871712949010142
40515,0.07575138396035166
40516,0.028552806956625425
40517,0.09042823818834421
40518,0.05695673944270833
40519,0.2672802888621042
40520,0.04947496406961616
40521,0.01190559788394014
40522,0.16219085819788107
40523,0.11968229182017584
40524,0.09795074554980769
40525,0.01805727621438643
40526,0.044828780470610986
40527,0.039906005109386494
40528,0.06977615853834417
40529,0.03020044979438724
40530,0.12205363306169043
40531,0.04297595184831738
40532,0.026797722684061512
40533,0.1363751590632691
40534,0.013669907352092924
40535,0.01880115269765582
40536,0.05039572790631636
40537,0.021645649211148834
40538,0.01802905529121641
40539,0.13937280280255665
40540,0.03545780194908948
40541,0.38495032182637834
40542,0.189201184706151
40543,0.051131831628133964
40544,0.040216977607411566
40545,0.03428258171956242
40546,0.06997110426098219
40547,0.03862839611972457
40548,0.1115256650075948
40549,0.024670602568151116
40550,0.028573886055584297
40551,0.0582737182884583
40552,0.10141781626586616
40553,0.10824133723071666
40554,0.02170426526886953
40555,0.0312988088348578
40556,0.02039737555396418
40557,0.020261958863130165
40558,0.039534813920117796
40559,0.02236517122376897
40560,0.025273711614740152
40561,0.037387105020077666
40562,0.018058539817200743
40563,0.04551486889925651
40564,0.07763451294265099
40565,0.06722217246293125
40566,0.029530222921796433
40567,0.12012677840712152
40568,0.044505840261406984
40569,0.048442541773325756
40570,0.05152633179311682
40571,0.05444566335129938
40572,0.01942469603319456
40573,0.15218768154828524
40574,0.020804220910734566
40575,0.025087702886208874
40576,0.38323325202812886
40577,0.008090060776957323
40578,0.04006258748979419
40579,0.025340285416985686
40580,0.03210475960724938
40581,0.08643614549455365
40582,0.031223588753275515
40583,0.07747937440746505
40584,0.06485102360516756
40585,0.05821210927263193
40586,0.025906222551734442
40587,0.02504402735264659
40588,0.01671405353378974
40589,0.027186013533711032
40590,0.010334217244589487
40591,0.04784246962267359
40592,0.017878245127860022
40593,0.041960593519241626
40594,0.11742288530303575
40595,0.030103339054829637
40596,0.1318449045831828
40597,0.05958428710988719
40598,0.03387637492774731
40599,0.041994967301420036
40600,0.02534818430211457
40601,0.119000035590911
40602,0.011641604351194986
40603,0.046659497955609586
40604,0.013710747220175259
40605,0.24086764357926368
40606,0.023881828929182482
40607,0.009850190043753912
40608,0.04369794386709073
40609,0.12421182503431924
40610,0.029511024971982113
40611,0.12744237772576433
40612,0.06675828839549675
40613,0.03436036885024007
40614,0.2562024616565061
40615,0.01423931690046799
40616,0.03295327084738095
40617,0.07854626344064793
40618,0.14401258475867731
40619,0.10686348162033917
40620,0.05372297908608828
40621,0.02576194836831632
40622,0.06717831267598029
40623,0.034646280523256634
40624,0.08687796408896285
40625,0.04354353196867293
40626,0.09588180996032956
40627,0.011676854746039847
40628,0.013487687452678507
40629,0.02658586206901509
40630,0.07496896457249864
40631,0.015867837797098144
40632,0.039883315171688215
40633,0.05721063079195877
40634,0.18615635326054383
40635,0.0911836938530261
40636,0.020869398105041938
40637,0.046467036335059504
40638,0.12833686067558964
40639,0.03852899971661024
40640,0.08367088587425818
40641,0.03572666651727383
40642,0.07853395324298326
40643,0.09950045378536784
40644,0.04331212353432812
40645,0.19831378604905892
40646,0.06593038473714563
40647,0.030245744477876833
40648,0.023909967672733953
40649,0.047453622170061695
40650,0.02984813476770373
40651,0.04979575719516647
40652,0.09624814753494719
40653,0.04967385531008452
40654,0.07057649126926764
40655,0.16120737026454984
40656,0.23148536096300948
40657,0.02069479084229855
40658,0.03710736143604458
40659,0.0507596855551626
40660,0.07960219968213694
40661,0.03798114415927073
40662,0.08292340060645449
40663,0.008260467761581056
40664,0.02985445019363881
40665,0.16348286818177823
40666,0.03268500379331103
40667,0.01820288977091723
40668,0.01108854197612904
40669,0.047349771511476194
40670,0.05926128929451288
40671,0.2396964896990815
40672,0.03149040468222494
40673,0.02473018671556248
40674,0.029128542355789173
40675,0.010701450954779234
40676,0.030394869826345376
40677,0.026600589814078767
40678,0.06456485445503149
40679,0.04340761499637073
40680,0.03197358433950797
40681,0.20080461779805706
40682,0.0180052487596075
40683,0.11853305725602722
40684,0.016795945169647174
40685,0.05303194955791402
40686,0.03401977904081764
40687,0.03505417810505954
40688,0.014092149073897782
40689,0.15413080753987318
40690,0.04168821783439072
40691,0.01709226930274812
40692,0.06259309116778061
40693,0.04948372317022697
40694,0.20562022417292597
40695,0.07046689779390769
40696,0.27554104830843495
40697,0.06260303721017654
40698,0.0548180071996065
40699,0.022206596853579192
40700,0.0216594546017947
40701,0.02713126112420918
40702,0.07748185116812456
40703,0.014820559106438404
40704,0.03364032708026991
40705,0.032770289842535896
40706,0.07151129348166334
40707,0.14503332995023235
40708,0.01603713658555238
40709,0.020289601035130892
40710,0.34459971282849333
40711,0.055027386346204875
40712,0.018364380802699056
40713,0.5303579027922284
40714,0.024224429275848974
40715,0.02535295642986642
40716,0.023716239731312327
40717,0.030942692976474024
40718,0.017225415453220067
40719,0.029435943949226762
40720,0.09708651725047848
40721,0.029550436896687522
40722,0.011795586028622757
40723,0.11010370551067711
40724,0.09828724027039981
40725,0.04327104752163394
40726,0.03347292009888633
40727,0.011190926291896235
40728,0.021373817515870842
40729,0.11192941273999726
40730,0.06449739113820563
40731,0.09709720285349388
40732,0.06086389678690437
40733,0.05091490262276642
40734,0.06205000773050219
40735,0.14465872837869667
40736,0.02375910381358538
40737,0.06358989191557156
40738,0.06651442329717451
40739,0.17332118120862697
40740,0.10427858214715996
40741,0.09878448392118572
40742,0.05179405206027284
40743,0.0412520066043948
40744,0.25594874561891173
40745,0.06572830110425741
40746,0.05458338831693452
40747,0.07307728867990065
40748,0.04845208003519042
40749,0.040350074129817295
40750,0.022913754246183835
40751,0.01550015069218123
40752,0.09391542526451868
40753,0.07295370255550827
40754,0.032822740657311444
40755,0.07618461833897144
40756,0.1912511929008609
40757,0.015039052878770668
40758,0.14675435011850327
40759,0.04713857499016939
40760,0.026939881766085694
40761,0.029664461527004256
40762,0.026503869104711683
40763,0.05516125020582255
40764,0.13150232895201008
40765,0.049917616680004495
40766,0.06457227321601941
40767,0.24210580544124888
40768,0.08376875759756078
40769,0.01727417255130444
40770,0.1316680442054523
40771,0.02588204797806871
40772,0.09330942870795454
40773,0.027245094119566896
40774,0.05360933666746992
40775,0.012654350127898423
40776,0.10624117172006473
40777,0.1126240399151238
40778,0.021120246633012162
40779,0.04284593350620673
40780,0.08199538143974126
40781,0.04677487121069708
40782,0.04683641891895585
40783,0.04389326948402728
40784,0.03760807657043402
40785,0.05581814855831997
40786,0.19162936771358527
40787,0.02497956189160083
40788,0.022815704409337677
40789,0.062417251709720435
40790,0.02987047308252766
40791,0.04795759060658795
40792,0.26989553380818176
40793,0.08341829955800584
40794,0.11791111986452547
40795,0.048290544916719774
40796,0.0623683278986795
40797,0.11390379512516727
40798,0.042959387051104
40799,0.05664688411713786
40800,0.02655234235019131
40801,0.060384176654451574
40802,0.011280433159796079
40803,0.21500137129594293
40804,0.04336212440629769
40805,0.05773505375467223
40806,0.029274753898653146
40807,0.07512502660979498
40808,0.049878067759643444
40809,0.14136756500154468
40810,0.034009603613173976
40811,0.042101488877812385
40812,0.012889773631380927
40813,0.17781530313903968
40814,0.3378460633271529
40815,0.047928260330177476
40816,0.0314061833870782
40817,0.019884913295819134
40818,0.029341695005194412
40819,0.05766325427153335
40820,0.026824379733379443
40821,0.026869993575958734
40822,0.01624476248405385
40823,0.03685322739562346
40824,0.09044138258483803
40825,0.14770257166822628
40826,0.032736354160909635
40827,0.05325826380636739
40828,0.057844569461814266
40829,0.0091880112215512
40830,0.010213224235933627
40831,0.07398012694718054
40832,0.15794039482603237
40833,0.15717049086425852
40834,0.3421293581949303
40835,0.07164340229310778
40836,0.14391989706782082
40837,0.06198175186057621
40838,0.019044986434025222
40839,0.043093738918965084
40840,0.022020310183599383
40841,0.03336636640851412
40842,0.09612358056785161
40843,0.106636804642406
40844,0.12000143472357576
40845,0.054913193066247964
40846,0.08442991139194632
40847,0.06456374802676977
40848,0.06908700918951399
40849,0.07002559787743866
40850,0.0398612206158335
40851,0.013861587330990131
40852,0.041069135644833644
40853,0.08186936271248033
40854,0.032639459667455885
40855,0.05676416022316959
40856,0.03834997960447509
40857,0.03890872723774295
40858,0.062405305479207335
40859,0.059564138466921386
40860,0.024244304510164905
40861,0.20807563129220275
40862,0.11520289144450294
40863,0.10587579824597701
40864,0.09731827081655336
40865,0.03305197554246575
40866,0.07663480502189234
40867,0.06300208696131665
40868,0.05712946287573307
40869,0.04078125209076118
40870,0.10277579733090872
40871,0.03437115072033793
40872,0.26096152349140883
40873,0.027138602023587755
40874,0.06705832090042936
40875,0.10100729887250853
40876,0.03367227353982069
40877,0.09213929301509759
40878,0.05140571418298204
40879,0.013254351847814224
40880,0.015776439002038886
40881,0.03712937761709317
40882,0.11586896995775536
40883,0.06413425922292283
40884,0.06588846615204096
40885,0.017791938181257898
40886,0.03111935489515165
40887,0.037392254279771886
40888,0.01623484693057373
40889,0.030355110914782844
40890,0.06507625968423636
40891,0.1036316581073225
40892,0.22243470105367236
40893,0.13504787724005807
40894,0.15214299667202572
40895,0.017188131296096764
40896,0.15592853094767584
40897,0.10509392035386997
40898,0.034225682335664476
40899,0.033264437666806014
40900,0.11334728324110603
40901,0.5152529467142697
40902,0.18456881007402598
40903,0.05999432752564873
40904,0.05235878219302379
40905,0.01884894252116671
40906,0.14225575716620478
40907,0.01443680827209153
40908,0.6038829497056056
40909,0.23143505641715742
40910,0.031042162737211304
40911,0.14369215856183085
40912,0.11942391166279626
40913,0.014334399297099249
40914,0.08548154823906495
40915,0.035168892611193436
40916,0.01576410671393068
40917,0.104945134238345
40918,0.1226913968242788
40919,0.07847109951940213
40920,0.09296757126528343
40921,0.01864726597671308
40922,0.0173580368582818
40923,0.01650757762915636
40924,0.14071876290331473
40925,0.12257012940833298
40926,0.06339603413839165
40927,0.0747405651841928
40928,0.01576282036840797
40929,0.147023373108821
40930,0.04939689021420454
40931,0.054922117287041786
40932,0.06312472713225095
40933,0.12161961817413294
40934,0.01656586707668741
40935,0.03447921157643319
40936,0.10597311844852812
40937,0.05857336722802817
40938,0.10742312838905527
40939,0.03998904726841891
40940,0.06273417481463146
40941,0.02916073798141432
40942,0.17351615414317387
40943,0.15990539699369272
40944,0.016018414356890075
40945,0.019075033244921668
40946,0.02573017436564889
40947,0.017122121963659292
40948,0.0701320568301573
40949,0.02810440117426402
40950,0.009851878460170507
40951,0.10701451865468647
40952,0.050038293296939054
40953,0.08574968737762975
40954,0.08089343601571687
40955,0.044268689687842096
40956,0.08422979200737597
40957,0.033082631718878965
40958,0.04060184222814608
40959,0.03006442445673532
40960,0.017013954994918565
40961,0.052788355976722615
40962,0.0562493404769972
40963,0.0381971296270993
40964,0.042795484630877734
40965,0.03706756211603687
40966,0.16949652840256862
40967,0.16683609099114372
40968,0.050598069019183324
40969,0.01202310799352671
40970,0.058404930605098215
40971,0.018744939284781485
40972,0.04025250326076457
40973,0.217766689801351
40974,0.0829501421758638
40975,0.14094524165436756
40976,0.037511055622768893
40977,0.03896869879335004
40978,0.08969686807774227
40979,0.05237418700289906
40980,0.09079943102794283
40981,0.05343827653004586
40982,0.1304183109318856
40983,0.05534457652833416
40984,0.017622514993140805
40985,0.025965189372990548
40986,0.05182240924190967
40987,0.16743483599096404
40988,0.05294680087031338
40989,0.10724666744539113
40990,0.02279125325613534
40991,0.022062075320214432
40992,0.04319049497828522
40993,0.017418552764986692
40994,0.04159678874583085
40995,0.07725663159254666
40996,0.07211929531639044
40997,0.15194673898078428
40998,0.0176646994559968
40999,0.19469447940194382
41000,0.10807861061591986
41001,0.01571740355375128
41002,0.02655337698782422
41003,0.035749467720204146
41004,0.10272641117333947
41005,0.08840457834810736
41006,0.04429349591849209
41007,0.052878066553597884
41008,0.018018960166256395
41009,0.010415321179194654
41010,0.14690074065431258
41011,0.04977765323382829
41012,0.08606794525937798
41013,0.028867514704534036
41014,0.02271377158212509
41015,0.04380521928896424
41016,0.050518602120531414
41017,0.01177900954531144
41018,0.10848558824137738
41019,0.04426029680524945
41020,0.12208457617664326
41021,0.03301590281557939
41022,0.015454017936901657
41023,0.06106282954608932
41024,0.013749670958978034
41025,0.016293719874732868
41026,0.01834472358105326
41027,0.03004527143749523
41028,0.03937958956006783
41029,0.043900363924633645
41030,0.05363438583349254
41031,0.014877172964476788
41032,0.14190490976030162
41033,0.03256994885096556
41034,0.048603993554502116
41035,0.012599000645059318
41036,0.0487705756001342
41037,0.04542591140981268
41038,0.03869816210198432
41039,0.013899415250687183
41040,0.04556632405662776
41041,0.09322787689518094
41042,0.010735508466878204
41043,0.05901163155478476
41044,0.015409651015131186
41045,0.08815243892702077
41046,0.24460770020232314
41047,0.034432951935634996
41048,0.07930853231999804
41049,0.1536612483042886
41050,0.01962683734580872
41051,0.017486356820141373
41052,0.174686955463597
41053,0.017030995376052294
41054,0.2130109050500913
41055,0.7313719115339501
41056,0.08537329195428854
41057,0.022480208495188274
41058,0.014100164032642009
41059,0.04201515430584403
41060,0.02216521561722055
41061,0.12116796773667296
41062,0.01899152983236612
41063,0.10874313713249413
41064,0.02363272757662629
41065,0.019065595553895236
41066,0.4746147603096496
41067,0.44215333172373317
41068,0.032422519878071564
41069,0.11355646979770308
41070,0.11763262790163302
41071,0.04636738194761245
41072,0.027117399763938038
41073,0.14104145651360583
41074,0.051075866036683334
41075,0.08679848088952923
41076,0.03960565080430528
41077,0.11247471872314344
41078,0.10038405769930005
41079,0.17319371675598658
41080,0.018675374489929022
41081,0.05111196073089448
41082,0.07033853122976606
41083,0.011611780493903356
41084,0.010254020393520925
41085,0.07243272779397301
41086,0.21906322167505468
41087,0.09248484175030147
41088,0.024120401627375034
41089,0.05812528293914416
41090,0.02768929488515256
41091,0.04502555759771136
41092,0.030995483667270084
41093,0.03712352298104095
41094,0.037876758307779076
41095,0.08929597514225368
41096,0.04481386053688505
41097,0.013447668982390271
41098,0.06938163786075646
41099,0.01267140054557369
41100,0.07181553378089112
41101,0.9363671565653212
41102,0.05542763477757383
41103,0.03675692716580871
41104,0.10106744557999497
41105,0.04197108838337844
41106,0.019094173852189276
41107,0.12891472535954848
41108,0.04943170890524609
41109,0.07724024359573349
41110,0.04798535735164065
41111,0.04923837516308302
41112,0.13054853076821868
41113,0.02069623025262267
41114,0.026803257613053473
41115,0.07285753148756763
41116,0.10038892416650708
41117,0.02769758319869329
41118,0.026653227303415426
41119,0.2733492736373141
41120,0.04168466320337919
41121,0.19921926770382548
41122,0.033201216671759674
41123,0.0489664974843791
41124,0.050188387369340885
41125,0.04755687527657524
41126,0.03520872850073217
41127,0.1453692468680885
41128,0.011486200479281
41129,0.087309601376101
41130,0.02267152001055751
41131,0.13747265992481772
41132,0.021075398649041
41133,0.02875595080660016
41134,0.09736151252977979
41135,0.030588572870744984
41136,0.038823116991801264
41137,0.05948730895988308
41138,0.2238768835720084
41139,0.015877508345926133
41140,0.020181884572786017
41141,0.023465197224164826
41142,0.02990040852821965
41143,0.03466309933272685
41144,0.09445251326633532
41145,0.06920956150821134
41146,0.04095255173542415
41147,0.0677674333071762
41148,0.023468595834204447
41149,0.014485576683926025
41150,0.013866530751258668
41151,0.2754245009876357
41152,0.8046952596388771
41153,0.03852848086620172
41154,0.02099857761414123
41155,0.03517142938127331
41156,0.12984503918735613
41157,0.11674328211002306
41158,0.051564206799337056
41159,0.0443456414967629
41160,0.026847871165420093
41161,0.016126948406803454
41162,0.03165830405806864
41163,0.07025672948529875
41164,0.11731658256580196
41165,0.02389246231785041
41166,0.03967046698179958
41167,0.07585403895620284
41168,0.03210056184845669
41169,0.07508898359246846
41170,0.04744807778509768
41171,0.10547392080189366
41172,0.0736583437719996
41173,0.03479272487774424
41174,0.07824158448743418
41175,0.04088974410894247
41176,0.04979510507669836
41177,0.03317676331163915
41178,0.015076617126450701
41179,0.03293144849487574
41180,0.021931362073932457
41181,0.033569497754113414
41182,0.018997729510207062
41183,0.05695401302509117
41184,0.10126391225011999
41185,0.1091290755391758
41186,0.08962456099773594
41187,0.03172798925973439
41188,0.01687912568825497
41189,0.0130034491317013
41190,0.2966675496163937
41191,0.05187380295947866
41192,0.06961042050829178
41193,0.08190508497929153
41194,0.021904390449647274
41195,0.049193203323548845
41196,0.03361650009645547
41197,0.20667502377802305
41198,0.126844646634171
41199,0.03636672748466001
41200,0.03917314733900633
41201,0.01447078808149376
41202,0.010886869529203739
41203,0.02858096260598877
41204,0.023229599233492722
41205,0.041452775423216924
41206,0.03841041187028148
41207,0.010525424974475882
41208,0.01822555966181457
41209,0.041180787935611
41210,0.09902957724538518
41211,0.076244325563442
41212,0.12214421214412519
41213,0.09432804701421915
41214,0.027591048773068824
41215,0.1580181334380429
41216,0.0326671713458463
41217,0.03173069889936304
41218,0.04542680513801595
41219,0.07556390624361926
41220,0.012064486560930076
41221,0.10508595326844192
41222,0.03935468297133677
41223,0.07234246029069762
41224,0.007909152795637968
41225,0.03042341862777862
41226,0.036622791602005225
41227,0.05914926171390622
41228,0.05558471657338801
41229,0.0336657295818369
41230,0.04346752659570707
41231,0.018896666242364933
41232,0.04732531742227372
41233,0.05224409564780359
41234,0.07827247527572875
41235,0.02862081869624976
41236,0.059265469298049475
41237,0.10508814292782248
41238,0.06668429613826611
41239,0.2830578441191385
41240,0.16787966321682185
41241,0.023070614766599534
41242,0.02749284719208555
41243,0.014982808588353907
41244,0.05149686998583224
41245,0.07718104952709554
41246,0.10033514592418222
41247,0.1320203778314732
41248,0.021000821819662962
41249,0.047996882780493036
41250,0.05397693109544053
41251,0.019354541330165138
41252,0.018336620534058098
41253,0.1066479430179259
41254,0.07978574803005213
41255,0.028161790662005984
41256,0.010472046410613398
41257,0.02131259011167494
41258,0.02924657072241799
41259,0.017890568002953855
41260,0.01463760077581774
41261,0.02297594755633672
41262,0.057430301511756404
41263,0.11778615898155864
41264,0.031831943738771504
41265,0.0887286392276008
41266,0.03020426440284634
41267,0.019037270596585054
41268,0.03853252103547676
41269,0.037809962145083496
41270,0.0121308596583312
41271,0.14785974568487575
41272,0.03893986321092707
41273,0.1373933977948908
41274,0.017021367486057128
41275,0.012812557401302077
41276,0.07504683242327519
41277,0.026488810325061164
41278,0.02890015449114349
41279,0.05472958545675102
41280,0.05706232675417969
41281,0.03621116337891
41282,0.01886630691784091
41283,0.053850462620325536
41284,0.047162756131207094
41285,0.022824922246232268
41286,0.1045156914957016
41287,0.0449699082441549
41288,0.010921797939710277
41289,0.061558190147587226
41290,0.1524839746130576
41291,0.24603457258210304
41292,0.01960503894433936
41293,0.010581235862266248
41294,0.03067416668553546
41295,0.045627183051622784
41296,0.05381716995774694
41297,0.010471855588619057
41298,0.15465935551977605
41299,0.027263275077162488
41300,0.11909294850771128
41301,0.04145238840139214
41302,0.04632547784239242
41303,0.0591899393551558
41304,0.018099373761794733
41305,0.012517221193462592
41306,0.028065723616857056
41307,0.02163210957447584
41308,0.035997754956463346
41309,0.053861080074233625
41310,0.11568597556159074
41311,0.018757657267109203
41312,0.02643083268850985
41313,0.06934734810451998
41314,0.04327909715433144
41315,0.030394284404913464
41316,0.0568377087896803
41317,0.045003756655857825
41318,0.037661439162868474
41319,0.04231553967428028
41320,0.030927339851857225
41321,0.11700114458165758
41322,0.04725924111817102
41323,0.08266268044323113
41324,0.039979287463276954
41325,0.042980033935091186
41326,0.13929168834763653
41327,0.10514983587429108
41328,0.03327260174514215
41329,0.024254926618930986
41330,0.05805935625724405
41331,0.08053658979367467
41332,0.022068515717467225
41333,0.20353209385694784
41334,0.022417200664403364
41335,0.05133693308288608
41336,0.04188331698771969
41337,0.03384655641005317
41338,0.0798104213230273
41339,0.04098527663153385
41340,0.03646107334517015
41341,0.18278517198522004
41342,0.016176152361072692
41343,0.058297417136325795
41344,0.02193064094592222
41345,0.01437506229910596
41346,0.009743930928950104
41347,0.017839317032945362
41348,0.012181164318713389
41349,0.01608348361134504
41350,0.06692559973488213
41351,0.044873641964768084
41352,0.05985150191400239
41353,0.06030111420763022
41354,0.05949327537162018
41355,0.015888318727562096
41356,0.181420329803765
41357,0.06279475513403127
41358,0.0589751217156434
41359,0.03312092808327324
41360,0.12302819488571466
41361,0.07391807584360496
41362,0.048043631768477923
41363,0.10357310419016982
41364,0.012987245784399666
41365,0.06617686089151302
41366,0.11298967325252225
41367,0.07995161022430418
41368,0.04891311524156265
41369,0.010930512428831468
41370,0.04567243149473673
41371,0.05658580510158657
41372,0.13577998676180766
41373,0.04157571612614799
41374,0.05805279553963293
41375,0.06146083986058297
41376,0.09095617525376823
41377,0.07368205788620337
41378,0.033399477819401786
41379,0.02518848716361985
41380,0.11057079094409354
41381,0.05006719281152587
41382,0.07210754552271703
41383,0.029436333359674403
41384,0.013111584480055317
41385,0.029378251398512252
41386,0.018833235312205314
41387,0.030690820294734994
41388,0.029269251983270225
41389,0.02250624228804179
41390,0.033651086703867156
41391,0.06955843831925623
41392,0.025128156254755684
41393,0.01904594822668174
41394,0.2972731314190971
41395,0.08686964249879109
41396,0.044564456691695294
41397,0.03373226279769463
41398,0.026381268570057785
41399,0.1370702025680626
41400,0.030149930885643987
41401,0.05481330341188252
41402,0.28418332453504846
41403,0.033026541024354185
41404,0.01626140708575236
41405,0.16421410008484205
41406,0.020413698301399167
41407,0.052553879354307276
41408,0.03119255602291255
41409,0.011786366532399265
41410,0.026156497116970295
41411,0.02070204100507992
41412,0.03128043720686943
41413,0.0683004375933623
41414,0.05598008637071755
41415,0.0671039887249856
41416,0.06467934842223985
41417,0.019418889895800016
41418,0.08034331770384988
41419,0.07663070030823908
41420,0.012972358101979845
41421,0.06505116379763819
41422,0.20460927467625595
41423,0.07670631867789195
41424,0.02338693796712253
41425,0.02911782072368577
41426,0.07281364503749302
41427,0.16542484203612545
41428,0.010753573355329234
41429,0.023415152814428436
41430,0.029809071812928474
41431,0.018766216464273507
41432,0.08492464662443329
41433,0.045088668986217016
41434,0.01722301511843645
41435,0.02419946879430766
41436,0.033559378958129736
41437,0.11518094171332921
41438,0.02903300563414488
41439,0.1904558248586064
41440,0.07482610552800825
41441,0.017862246276995293
41442,0.03315351542847622
41443,0.015494787049697409
41444,0.058879252656638785
41445,0.01955051321137347
41446,0.03649614082282138
41447,0.09003284529976317
41448,0.019933341957371214
41449,0.013871148811746298
41450,0.04569915662526509
41451,0.044052429775288476
41452,0.16005177421725947
41453,0.13758179317008404
41454,0.16821896551626214
41455,0.022444295600802414
41456,0.16231811854763745
41457,0.030564703525626916
41458,0.05943910829651015
41459,0.014796964595464444
41460,0.09176427047442694
41461,0.011397624052459643
41462,0.06419176228068536
41463,0.15583818315095374
41464,0.2522185861938072
41465,0.05020848810063973
41466,0.009727881975689521
41467,0.017735699469552967
41468,0.07629876452324914
41469,0.06499238910782892
41470,0.02894031067917799
41471,0.07571903541229795
41472,0.0802248422183383
41473,0.03104559079675862
41474,0.026561652573780323
41475,0.024987347729800873
41476,0.019367388227412262
41477,0.09991064531035693
41478,0.01326390022784332
41479,0.1276543312621246
41480,0.10781467647155847
41481,0.09081086942579383
41482,0.04276540666155054
41483,0.09592971324593284
41484,0.07247477439067099
41485,0.05513408636228128
41486,0.035836503691739865
41487,0.018239122546616013
41488,0.025048321090574508
41489,0.3295267445957416
41490,0.07011172501854696
41491,0.12184300429291392
41492,0.09410796981696723
41493,0.018913990404310948
41494,0.013481600428554024
41495,0.05650628037872224
41496,0.10839309673864349
41497,0.03947179997188667
41498,0.025263249995957828
41499,0.030792635421973698
41500,0.192154735039557
41501,0.027394388721641356
41502,0.05488628713988944
41503,0.010793042973658816
41504,0.024436641815520323
41505,0.06860994203789172
41506,0.023499773746959045
41507,0.07860385764391306
41508,0.028192788617978578
41509,0.029912949089974793
41510,0.09494304370162827
41511,0.013090386153039599
41512,0.043457605997386496
41513,0.056821817433490796
41514,0.022032284997527442
41515,0.030831223116963926
41516,0.13326245826014504
41517,0.025166655420878436
41518,0.07094227985444894
41519,0.13447398183730216
41520,0.011452652605865317
41521,0.01479615994413135
41522,0.04051662021444015
41523,0.015368368859707479
41524,0.05130714530599289
41525,0.12476875331505849
41526,0.07095017948222462
41527,0.05642269798950715
41528,0.014971548587456023
41529,0.29101713777681687
41530,0.029870428535029147
41531,0.02148234799146376
41532,0.06304531787652928
41533,0.05510852533157401
41534,0.09627516196056124
41535,0.041775912848660425
41536,0.03702044656371405
41537,0.06134734263666542
41538,0.028688552038476405
41539,0.045452610055806794
41540,0.023579906558596042
41541,0.05205548240420722
41542,0.24563938979030991
41543,0.09464798242012672
41544,0.04402311803083152
41545,0.0349893930222771
41546,0.07331634813482649
41547,0.06353692320471234
41548,0.07886154261411073
41549,0.015937798263289917
41550,0.04427093253921436
41551,0.057297314248864785
41552,0.021370274568961477
41553,0.04073955930597483
41554,0.034741725915937584
41555,0.10315793450132152
41556,0.0440803108451508
41557,0.0579206496044389
41558,0.024086597797868092
41559,0.062066967431924795
41560,0.010497147161442625
41561,0.011300756422498196
41562,0.0876078053030785
41563,0.08649083461155915
41564,0.0567349291067085
41565,0.04174188663680964
41566,0.02660133531990097
41567,0.018224064764077633
41568,0.08092081581509136
41569,0.022731907163065765
41570,0.02460869213578373
41571,0.10875564823058315
41572,0.04848272902204711
41573,0.0437762535563383
41574,0.03672242291346552
41575,0.06888493357732392
41576,0.011384893414848574
41577,0.17880698050695645
41578,0.10819579873557095
41579,0.010403985937998397
41580,0.09669585523773669
41581,0.02203783756421024
41582,0.027308903600144856
41583,0.04267743746297016
41584,0.019051632640100694
41585,0.02348623165881411
41586,0.07187845796064633
41587,0.01868251631337167
41588,0.010638634827810335
41589,0.2221750646731561
41590,0.03985605165225192
41591,0.021048447355954167
41592,0.03929985958783435
41593,0.23069253917637164
41594,0.11632806315918728
41595,0.09130545217806602
41596,0.0793716522400314
41597,0.09264073383891458
41598,0.03652109564728924
41599,0.026739115271316654
41600,0.05839108370846437
41601,0.29588677015912834
41602,0.05583566276400087
41603,0.06503038591160712
41604,0.04970125607415204
41605,0.04250016983792697
41606,0.05141954452455279
41607,0.016086266577899553
41608,0.06235952207025416
41609,0.07599713514276546
41610,0.029355853862691815
41611,0.035414682861097495
41612,0.03520520412182296
41613,0.03918478070981165
41614,0.09334797451533937
41615,0.012497309597238321
41616,0.11505379436556744
41617,0.16895756100897744
41618,0.06954338897393372
41619,0.02285976283635137
41620,0.03996161900529631
41621,0.04994951354283678
41622,0.04599679657407375
41623,0.05437965609223019
41624,0.035276115080086524
41625,0.08852174964171275
41626,0.05232838336565323
41627,0.10663457259808998
41628,0.01909175477810906
41629,0.014357540377846662
41630,0.04823723107517123
41631,0.052367012081832184
41632,0.07162549354436577
41633,0.11756277962499471
41634,0.03439840176579586
41635,0.09616987146092773
41636,0.13864265392238817
41637,0.10331517756769863
41638,0.2164405555179747
41639,0.06453254651889091
41640,0.02260838504820133
41641,0.04225979251966692
41642,0.02258782265167597
41643,0.06850032476879166
41644,0.02235899007914019
41645,0.012531482108085999
41646,0.11574161937041753
41647,0.03612933189820808
41648,0.025759063687329227
41649,0.018658523124206718
41650,0.012909956998575061
41651,0.029619625948714215
41652,0.0195716924412053
41653,0.049011342261392365
41654,0.02731176653222745
41655,0.047280041403910504
41656,0.10153996647337613
41657,0.22861917708955198
41658,0.04461943854110427
41659,0.014048131779962602
41660,0.13006096530939026
41661,0.04908079623846895
41662,0.0739569543268939
41663,0.10154153483881061
41664,0.03379647406917837
41665,0.023295505006346515
41666,0.20208057341449337
41667,0.057632611011966456
41668,0.10700987957522534
41669,0.0424126104769993
41670,0.11354721136683667
41671,0.018158864850700618
41672,0.036492189960218684
41673,0.11192714433026515
41674,0.18882578092742372
41675,0.016936871932058124
41676,0.09691239178624558
41677,0.013383918321766906
41678,0.049880062445836315
41679,0.03442251489127658
41680,0.8883340939264628
41681,0.05005282068230584
41682,0.04086625440236263
41683,0.07070006781355284
41684,0.16687929052727218
41685,0.01874618032068647
41686,0.02064063708315067
41687,0.16399385451601384
41688,0.016541960136794792
41689,0.10536678815804933
41690,0.018993687878232968
41691,0.054198755943084216
41692,0.033457503785079716
41693,0.025409697740643087
41694,0.01845742576763908
41695,0.12141417777080811
41696,0.02611825583889088
41697,0.03503793897526454
41698,0.02617119188916381
41699,0.08901094167095923
41700,0.11148960419871091
41701,0.08538325351523744
41702,0.021299409091106822
41703,0.10318747616390624
41704,0.1300797161237729
41705,0.021536285359119483
41706,0.02786657106320744
41707,0.013671315394756337
41708,0.04804411821093993
41709,0.039661057974961965
41710,0.03172041983415709
41711,0.05648749636143299
41712,0.01898534279103166
41713,0.013358351293579608
41714,0.11656568254518808
41715,0.08056400904038949
41716,0.11731865691445531
41717,0.08330497057759356
41718,0.03475468524486204
41719,0.014320089661843014
41720,0.021908884467873244
41721,0.013886276723507271
41722,0.024367171458714438
41723,0.0587651629416804
41724,0.03528566672592387
41725,0.013999153088866973
41726,0.015527572373095884
41727,0.050838167046335175
41728,0.0366972189348094
41729,0.07808563955982178
41730,0.08784776963881656
41731,0.027774559384969266
41732,0.048913790195972515
41733,0.06959138364071933
41734,0.020107236683102866
41735,0.036629914446977475
41736,0.044210565396125445
41737,0.076445508682312
41738,0.0251784851660656
41739,0.08554961742072355
41740,0.03187791765957258
41741,0.024907253807444314
41742,0.08250875992570597
41743,0.15700836084101566
41744,0.05571296598655982
41745,0.0854731608171986
41746,0.07873908665396259
41747,0.01846954587530057
41748,0.04924218840216274
41749,0.04545264968492315
41750,0.011896215946577575
41751,0.06274755558492559
41752,0.07464306223764539
41753,0.029542833108492587
41754,0.03761447760422405
41755,0.05059482191743049
41756,0.022539395065459142
41757,0.09536908775625784
41758,0.018006580629719077
41759,0.02019673473187238
41760,0.04843183909995862
41761,0.09423567194354317
41762,0.051147989439923436
41763,0.03706069218458605
41764,0.025426416586313505
41765,0.12464620966934403
41766,0.03168416465728183
41767,0.04913675037986708
41768,0.059497662494843936
41769,0.03811104211140476
41770,0.045944319637944646
41771,0.11348837260433572
41772,0.07350078399511141
41773,0.013463971178438679
41774,0.022762785702871935
41775,0.07481819291517844
41776,0.029078535034824916
41777,0.0647206891990315
41778,0.05747485326477182
41779,0.10050923451975409
41780,0.022406590594015587
41781,0.12339297126029962
41782,0.0406107288740646
41783,0.044684553704908855
41784,0.0639609734267484
41785,0.0671933863777607
41786,0.12848738150507577
41787,0.11288441556564303
41788,0.04347113149078083
41789,0.06204063382538576
41790,0.2635832090201099
41791,0.05803315054234192
41792,0.021687584645554855
41793,0.18580334386507497
41794,0.13918598197077847
41795,0.3208592360422532
41796,0.2541714753908377
41797,0.029829689557782493
41798,0.07808427188474285
41799,0.03879786002177418
41800,0.03143506685538824
41801,0.12218138584286001
41802,0.11623087993778072
41803,0.09875643094944556
41804,0.00886100062263671
41805,0.08588740607093537
41806,0.08032008574889263
41807,0.028130155353745162
41808,0.04738191578361857
41809,0.03993401382136681
41810,0.01995326513244397
41811,0.05806254897047693
41812,0.08173953775646561
41813,0.05106960645759772
41814,0.03138927065566536
41815,0.02582702011803606
41816,0.02449510178123269
41817,0.07021738261711219
41818,0.011520453954273138
41819,0.09879874634544278
41820,0.054403999301145894
41821,0.00936983269777196
41822,0.015242209198634876
41823,0.024446418072522735
41824,0.018122147345156853
41825,0.02618549401886263
41826,0.06384520950283436
41827,0.03107957232348251
41828,0.02061668714564474
41829,0.07899020568805509
41830,0.08509913411975484
41831,0.03622587394414186
41832,0.11730757630044936
41833,0.0603017970199666
41834,0.020815614138952807
41835,0.05495667786587105
41836,0.008957908680607762
41837,0.008642499762088784
41838,0.10001776857110414
41839,0.02246664868105487
41840,0.04949592152427344
41841,0.015741836772139015
41842,0.21417943770363085
41843,0.050402047590693416
41844,0.21982851210850035
41845,0.0578488508278715
41846,0.02663649186116915
41847,0.21800542039789117
41848,0.025790308575639798
41849,0.043775358617006155
41850,0.012365563951301718
41851,0.01662834032017516
41852,0.010107352122178876
41853,0.01472738039612314
41854,0.07599228153944408
41855,0.0979881220400878
41856,0.08746285387069834
41857,0.04582252538188392
41858,0.06156611556257201
41859,0.0522671612112231
41860,0.028926326339213347
41861,0.09726370701396629
41862,0.023437801589425218
41863,0.10352319875073619
41864,0.04702104107842972
41865,0.02084553948745414
41866,0.09081493840026249
41867,0.13930877764551228
41868,0.008688841068504724
41869,0.0330995106902634
41870,0.031901478474515105
41871,0.193497186102475
41872,0.055285103864718944
41873,0.06750495701414408
41874,0.1077390972682979
41875,0.16740343349994802
41876,0.03248951604271217
41877,0.11150708402287302
41878,0.06731280385095106
41879,0.11990786050155318
41880,0.15667147985037452
41881,0.013381759217492236
41882,0.23200543426291723
41883,0.06242838220131255
41884,0.035788516989054275
41885,0.041515177220824456
41886,0.0402127588814243
41887,0.023428654125159792
41888,0.08899173566545901
41889,0.05105211035147706
41890,0.14307797616457324
41891,0.04986733039441081
41892,0.13634147854841044
41893,0.03169799252322859
41894,0.041510140413957425
41895,0.027947083103698842
41896,0.03888462730017308
41897,0.05517488248981313
41898,0.0656799739891906
41899,0.04355194247982738
41900,0.05369686466934562
41901,0.017919453679791288
41902,0.1284467226754435
41903,0.015628891335201078
41904,0.026925333345657547
41905,0.06420862111034414
41906,0.0166664694197969
41907,0.02161258434212641
41908,0.0893693396104597
41909,0.052255868668948796
41910,0.032909176886350186
41911,0.206479611699499
41912,0.05503083368498793
41913,0.0690836841614935
41914,0.029511265404302177
41915,0.28122591085259907
41916,0.14131070144919972
41917,0.05227374404860833
41918,0.04657812713699969
41919,0.09430509039204088
41920,0.038842669093680615
41921,0.06974824606991446
41922,0.05305664240782995
41923,0.04289331938929562
41924,0.018539351120229225
41925,0.03978049821095318
41926,0.09558585151049051
41927,0.008369294364785574
41928,0.067961775725713
41929,0.10602284392558345
41930,0.07745139980679791
41931,0.07607691208465972
41932,0.03808124198233023
41933,0.04561782114550439
41934,0.013007002138831651
41935,0.015137566116198983
41936,0.02100201245080946
41937,0.11589050371767651
41938,0.03707646336092443
41939,0.08895749380930822
41940,0.01018218002576616
41941,0.13857337021738314
41942,0.1464523677894925
41943,0.10207079786292751
41944,0.05807584539943396
41945,0.06099225265362888
41946,0.013265268446811524
41947,0.03741771906477179
41948,0.036989283487837116
41949,0.11036010521132085
41950,0.29390015352297416
41951,0.021009175450289956
41952,0.07536166797160326
41953,0.06469605978132809
41954,0.025271807505314225
41955,0.017906792412202346
41956,0.19743549702218915
41957,0.03619972022878581
41958,0.030263731363765048
41959,0.1485549110451783
41960,0.14558968366561648
41961,0.028274277053858755
41962,0.028544730622945547
41963,0.04505926076351423
41964,0.03566316664747014
41965,0.23858319839205655
41966,0.08339936814142193
41967,0.02099578422804889
41968,0.018163682285732796
41969,0.05716855022341122
41970,0.11711860323072368
41971,0.08899662816451237
41972,0.019071213149388498
41973,0.15714982479304399
41974,0.02640137024687935
41975,0.028787553375626704
41976,0.043447362864656315
41977,0.03509954755432062
41978,0.02333467327716224
41979,0.04240427813463332
41980,0.053322994148820455
41981,0.01673863916399529
41982,0.035352877593663616
41983,0.24959921241874464
41984,0.03704656703312199
41985,0.02380887601375057
41986,0.040547853792638394
41987,0.02177232832156476
41988,0.040848606178960814
41989,0.04773961169875772
41990,0.08870767584604797
41991,0.014658659033006859
41992,0.01637760445090561
41993,0.04780073956433409
41994,0.02393479193433638
41995,0.07349678684045528
41996,0.3419907866427508
41997,0.027856603542752337
41998,0.501265984291556
41999,0.05946474651430507
42000,0.19007323783309205
42001,0.03973841005325311
42002,0.1319909245401478
42003,0.025068366271362046
42004,0.023251349520852005
42005,0.07414266317804948
42006,0.01872771981283518
42007,0.08114724624132821
42008,0.00860947080821299
42009,0.07970714540434388
42010,0.014278366534399685
42011,0.056508866622361195
42012,0.011778359330893266
42013,0.07485797534355985
42014,0.10370493567249801
42015,0.025765700716594227
42016,0.1153265386675855
42017,0.18142846418079744
42018,0.12947928447441764
42019,0.06914766349943588
42020,0.0967420900530935
42021,0.05424012148758636
42022,0.47442167319943374
42023,0.08350828800925686
42024,0.03854736206559982
42025,0.04698020250237335
42026,0.18215066674815317
42027,0.019987029006203704
42028,0.02577493600577073
42029,0.09483744647439538
42030,0.03093280291549872
42031,0.014223025566230948
42032,0.05203656953811845
42033,0.023187098281662308
42034,0.021715792355806323
42035,0.07941425469340713
42036,0.0582296319858527
42037,0.08868557911668024
42038,0.021651669981982497
42039,0.029822236090526824
42040,0.012547350107807258
42041,0.1798897156605615
42042,0.12597928335955172
42043,0.053139442785846244
42044,0.05071643593009749
42045,0.14245622022373092
42046,0.01814662123979215
42047,0.06323211556292031
42048,0.08701066877807549
42049,0.02205735161576934
42050,0.052787750277712875
42051,0.04165910010716094
42052,0.023275131611943962
42053,0.05445144028813789
42054,0.033181032638176275
42055,0.15037519367000238
42056,0.14945960611348996
42057,0.32031129933069874
42058,0.015529554240693272
42059,0.14095284968819616
42060,0.06332369768235108
42061,0.08740842616267164
42062,0.05409612083555815
42063,0.048345332322596204
42064,0.23044338383086538
42065,0.029332545504631838
42066,0.26462484248261997
42067,0.03237885315287909
42068,0.031552940384149256
42069,0.04242085852764518
42070,0.042096816291774294
42071,0.023801571813756493
42072,0.054015444320184916
42073,0.06275715495404048
42074,0.0663589687886735
42075,0.022161253017814506
42076,0.06277369422756438
42077,0.06977576547387522
42078,0.1734817255852209
42079,0.08462336292408335
42080,0.03549878712608735
42081,0.028919148334935158
42082,0.035619820117803375
42083,0.08513887666058548
42084,0.02459473777151621
42085,0.01772220908346394
42086,0.03825763469732452
42087,0.047125339871719615
42088,0.015230535056724843
42089,0.16576916423836802
42090,0.15704140109111736
42091,0.016236062829939106
42092,0.02682407120601535
42093,0.04997539453987787
42094,0.03429395750752841
42095,0.03540257884241735
42096,0.09242938284483002
42097,0.05655844828547994
42098,0.07826467060038064
42099,0.08675631361570864
42100,0.6064544869851606
42101,0.021198347249507758
42102,0.042334882525954534
42103,0.016779937200464265
42104,0.03864426270437382
42105,0.03453153811022982
42106,0.027201195087481096
42107,0.045689438489711375
42108,0.07184941993434517
42109,0.12673005511140792
42110,0.18513889033171815
42111,0.18598854165638426
42112,0.041478097529524124
42113,0.06869129635022694
42114,0.06575151625485742
42115,0.17587519410404567
42116,0.01070821632743786
42117,0.06533323878416068
42118,0.08598042742694123
42119,0.67256620404068
42120,0.07731031044402972
42121,0.0394545239921691
42122,0.07827837274419804
42123,0.019754777150586583
42124,0.06552522202753393
42125,0.04739383179851469
42126,0.08294883995627948
42127,0.008919900821675073
42128,0.05378863811994726
42129,0.0610195473974876
42130,0.048820472514897156
42131,0.042438532028876826
42132,0.027594005377143852
42133,0.06402076707515886
42134,0.06706328989726298
42135,0.041743735766028925
42136,0.03902481335904813
42137,0.018275391193306807
42138,0.04931990178394458
42139,0.0414572585195533
42140,0.07170544828183742
42141,0.05757960610671552
42142,0.2773857175681469
42143,0.06516911720612856
42144,0.07071832581000946
42145,0.035841873548248346
42146,0.09555021546687997
42147,0.06007417374790737
42148,0.056983801767675646
42149,0.030097846068149595
42150,0.03932005713204586
42151,0.06871370297491888
42152,0.02386103066780733
42153,0.03209941193891017
42154,0.048995323031406655
42155,0.14106672733728456
42156,0.3791173447704154
42157,0.01764060070109775
42158,0.025686414118141963
42159,0.08132225367667903
42160,0.045000540819043235
42161,0.022262634076655054
42162,0.05485974637507239
42163,0.0374539515917467
42164,0.047337526049305974
42165,0.06538616802184288
42166,0.012875485731089258
42167,0.08856861280289385
42168,0.04930093971855709
42169,0.04460379750384901
42170,0.08458870820807607
42171,0.0640401694878426
42172,0.13029460510188062
42173,0.039942379756968516
42174,0.04495993756559631
42175,0.015424053480304989
42176,0.10400033405063434
42177,0.09752561006855401
42178,0.06463045220159845
42179,0.011098147565995241
42180,0.11304352046681974
42181,0.03502772252600869
42182,0.038042352847246816
42183,0.051237116103875754
42184,0.046412379834754006
42185,0.03886349399299252
42186,0.050876453180796366
42187,0.02908896417758016
42188,0.3938522611990321
42189,0.14251236962259858
42190,0.021948823634387805
42191,0.5035679392852079
42192,0.014339976129367223
42193,0.06449751343140865
42194,0.05187626658225239
42195,0.10498200709873129
42196,0.03069968260512543
42197,0.07036513049768776
42198,0.26596436842476756
42199,0.035508072657487934
42200,0.06363374876257025
42201,0.0347849102910805
42202,0.14745943167399408
42203,0.05461332887858456
42204,0.04665234912025605
42205,0.26292484358904505
42206,0.022241643807570863
42207,0.03626279355676291
42208,0.023395632594437776
42209,0.029574489664952727
42210,0.048274989263994095
42211,0.012838580156804096
42212,0.04102466444059644
42213,0.01656174657083183
42214,0.04819411371467242
42215,0.09929873619066738
42216,0.008976842660018821
42217,0.11400324370708516
42218,0.21481082855410666
42219,0.04786274566134169
42220,0.012838533234638634
42221,0.042931592257134554
42222,0.01912167409655806
42223,0.13205855691486287
42224,0.019930330156088187
42225,0.03232848983261634
42226,0.02324378575449078
42227,0.050030567911685
42228,0.05293238085869598
42229,0.06398092341825022
42230,0.046572710921377235
42231,0.11076813234891639
42232,0.03119555228433573
42233,0.02636454002345834
42234,0.14005489777573796
42235,0.18164841601347168
42236,0.07821832411978867
42237,0.09080118825963075
42238,0.1498231068412499
42239,0.06430991906672469
42240,0.05083776636564194
42241,0.1644281802385533
42242,0.0629065980481985
42243,0.03191515915730496
42244,0.39791306130018456
42245,0.06944611987605626
42246,0.0151103507192221
42247,0.04583572335652791
42248,0.03152039732530968
42249,0.02853879888224667
42250,0.09944149330448203
42251,0.05080784800125039
42252,0.04041333830928846
42253,0.029022999297395387
42254,0.09693231546285778
42255,0.02633526793295657
42256,0.14272722644265134
42257,0.10688642810944553
42258,0.01533827017389277
42259,0.1449086729658638
42260,0.02267682150736089
42261,0.014920799339726227
42262,0.06716532019231598
42263,0.02684569418791421
42264,0.04574215627628456
42265,0.02859874156473804
42266,0.08441727417049924
42267,0.05683280823148002
42268,0.011625111908633313
42269,0.2015445112710363
42270,0.11248257390221583
42271,0.03500253211904186
42272,0.03568410952058016
42273,0.02183942050380179
42274,0.02375126975517719
42275,0.023515486261924713
42276,0.3065783870917916
42277,0.11979108138534997
42278,0.056015058251555845
42279,0.025941596792029363
42280,0.14308493814374784
42281,0.015394162134398193
42282,0.06817668824544891
42283,0.08147452708879008
42284,0.06634592846686607
42285,0.13025617472860934
42286,0.01748851513800968
42287,0.04136487779156446
42288,0.09339203501761567
42289,0.01433362335534413
42290,0.09575601787859997
42291,0.03046133636214776
42292,0.08593145374627018
42293,0.11653901701559402
42294,0.020986982525208923
42295,0.07082959198070506
42296,0.043650004365190787
42297,0.060410618999359865
42298,0.11312458948745215
42299,0.03240506641209823
42300,0.04128742260559889
42301,0.059893755163947175
42302,0.1201174985120288
42303,0.04462478945844996
42304,0.3212742188586297
42305,0.09837618638833588
42306,0.03024056603748132
42307,0.03882450341356866
42308,0.09234814062217829
42309,0.03567648858331706
42310,0.026546046469994672
42311,0.07980484433406904
42312,0.03140959091545287
42313,0.08160886642516277
42314,0.03725668504218402
42315,0.019376721756830955
42316,0.030514680891180267
42317,0.1531683347187656
42318,0.029077993358807477
42319,0.04091947272027566
42320,0.07652101779578273
42321,0.01649795894379595
42322,0.04940647673794622
42323,0.18063882837757927
42324,0.15557366198268063
42325,0.019838408964347697
42326,0.13118797195951729
42327,0.013984106024566043
42328,0.043837287261996254
42329,0.0875111970260542
42330,0.03188890344554021
42331,0.3963409231857552
42332,0.03507080581859208
42333,0.22015230310141445
42334,0.03243914602915806
42335,0.3362539814832434
42336,0.08382892113576423
42337,0.2212512671769379
42338,0.041874961415828416
42339,0.16042431989428765
42340,0.02184317335600918
42341,0.02510906798435107
42342,0.03408535110073524
42343,0.031599080500005046
42344,0.034682801914742205
42345,0.03815608260838009
42346,0.011644032569501955
42347,0.013324531003457455
42348,0.04376975937324458
42349,0.030704108178808656
42350,0.2554996310599119
42351,0.022028299891146255
42352,0.10886220670787902
42353,0.0687083757181904
42354,0.06820563169904728
42355,0.10361228076122593
42356,0.12381352174758165
42357,0.30917857436759905
42358,0.08214849284712931
42359,0.12429278885619306
42360,0.02567116172010885
42361,0.017460252328504906
42362,0.023869046989328676
42363,0.021719068760164946
42364,0.23093472116028932
42365,0.05213047332661424
42366,0.05908571083504998
42367,0.06250180036987775
42368,0.14922749867360538
42369,0.07775611881152382
42370,0.036987967072809415
42371,0.07352808902223194
42372,0.026525339806459804
42373,0.02976301557203031
42374,0.01842672240223253
42375,0.07961022094662816
42376,0.19089655906854874
42377,0.009732021240523246
42378,0.022566175385005643
42379,0.0419019149212033
42380,0.3836233857724878
42381,0.017507958591814775
42382,0.013320295990902975
42383,0.22530469995069127
42384,0.03502428823222623
42385,0.020737516349729073
42386,0.050080750273724876
42387,0.02472582841297194
42388,0.0667619411713809
42389,0.0979260924770298
42390,0.3030320248157053
42391,0.027481818072731444
42392,0.06471809679469757
42393,0.0566508946265078
42394,0.442617662246005
42395,0.031050117367585534
42396,0.17604053572097597
42397,0.037199030896761326
42398,0.023206940899255676
42399,0.03263715152532392
42400,0.051613063525239394
42401,0.0175053261532227
42402,0.0387767000640245
42403,0.04317748595066189
42404,0.043135722836948005
42405,0.03663641746333769
42406,0.09511537607996044
42407,0.03233712330180777
42408,0.0321650672995452
42409,0.02068589570446694
42410,0.013249265700508332
42411,0.01676298720773728
42412,0.21635842579327297
42413,0.009117186691877548
42414,0.014940501835271286
42415,0.09818859469233043
42416,0.04318743249363101
42417,0.11406101918541997
42418,0.023919789080623817
42419,0.01832833858171293
42420,0.02193510725231569
42421,0.009285621406452916
42422,0.012754109803921988
42423,0.4970539192333543
42424,0.04256507785221777
42425,0.08270800225005573
42426,0.11018003206480323
42427,0.16468474114706252
42428,0.03437375168006623
42429,0.04448756757447685
42430,0.040401466673177344
42431,0.05147362875828063
42432,0.04454735124739759
42433,0.02296610121785153
42434,0.11850958810629043
42435,0.02784497731679977
42436,0.07022975726283726
42437,0.012374558903926814
42438,0.1049347196315977
42439,0.06971156648265789
42440,0.027690305381832987
42441,0.2429045848054475
42442,0.009609828610742003
42443,0.11100648925386898
42444,0.03424895530514931
42445,0.08409377707287025
42446,0.04801706581422427
42447,0.0758232201146345
42448,0.053605601146338486
42449,0.07377626846387231
42450,0.07679962702319672
42451,0.06463599217882204
42452,0.049239822415618854
42453,0.3599943860481909
42454,0.03408643617633232
42455,0.015287647162687868
42456,0.07175535610322473
42457,0.05387324157633179
42458,0.09535400686717903
42459,0.02388635201549344
42460,0.11761538648351898
42461,0.015471457607982662
42462,0.025281533267417756
42463,0.09570126813767113
42464,0.08585689199226122
42465,0.014805639561846527
42466,0.03984301778707815
42467,0.019032829412757277
42468,0.016569390421993253
42469,0.05519575817779668
42470,0.10170350313119644
42471,0.021462345674292862
42472,0.07875882442886722
42473,0.09033375352599368
42474,0.07122172520862403
42475,0.042715145644958374
42476,0.060808822941919215
42477,0.07151782609928903
42478,0.5957338114814306
42479,0.0154849187663446
42480,0.013279081900820482
42481,0.021372699282851775
42482,0.06832519958694243
42483,0.05212468481589043
42484,0.02582907139849237
42485,0.025347476758729757
42486,0.03576359406863946
42487,0.04172243253786648
42488,0.0706965933347659
42489,0.09721765195055182
42490,0.03298758882141642
42491,0.045128732842531834
42492,0.1485398612097837
42493,0.19474304124673286
42494,0.03451859752375012
42495,0.017267472516042326
42496,0.040680932502413676
42497,0.13591508131235586
42498,0.05234649391318301
42499,0.1367755364415366
42500,0.06233785935335845
42501,0.03314333799541901
42502,0.017629007301112064
42503,0.013352376423821177
42504,0.25479942594142224
42505,0.016473125980614706
42506,0.04475998540990406
42507,0.03156930317730067
42508,0.03054111855444076
42509,0.023727010245415913
42510,0.08242994011701944
42511,0.2577682523508922
42512,0.04070567341923291
42513,0.13490109574319867
42514,0.02375318660879873
42515,0.03885773308082438
42516,0.11016286140504622
42517,0.027900919643360077
42518,0.29855041159510703
42519,0.13614843161920825
42520,0.060095395144006976
42521,0.021825963796991768
42522,0.012618362262243797
42523,0.040426049564125405
42524,0.21318000828466155
42525,0.020433977873345856
42526,0.02535148019083676
42527,0.043987516877557226
42528,0.06338172223256265
42529,0.050747021693398765
42530,0.012435504184271426
42531,0.011458546648286931
42532,0.13248864706147315
42533,0.10717834569993004
42534,0.016804054326916
42535,0.0668319594000025
42536,0.03761562497728921
42537,0.02294928865205883
42538,0.06326397460450449
42539,0.24176050782543423
42540,0.05759295142236189
42541,0.07191962459945656
42542,0.12652477673970175
42543,0.054674481978152806
42544,0.08510821988056042
42545,0.14658939334160725
42546,0.053083946799241374
42547,0.011747111418133605
42548,0.01916157531334737
42549,0.11214544364521278
42550,0.05286362186772485
42551,0.12617193367234505
42552,0.03185623685710068
42553,0.04393378791999489
42554,0.029910198568822755
42555,0.10847014159548568
42556,0.04893946251884511
42557,0.04634697232793043
42558,0.37171540144341897
42559,0.19385391107181615
42560,0.19806765472831656
42561,0.045835009659320886
42562,0.06501344957722294
42563,0.1347200998612912
42564,0.08440520779471095
42565,0.020117961473976483
42566,0.041093992401693445
42567,0.13042959468061638
42568,0.07582030655925634
42569,0.024233006940718754
42570,0.018658534249553153
42571,0.07944551140110709
42572,0.013793604299011261
42573,0.04193655209735415
42574,0.019548737793616815
42575,0.1277510997751814
42576,0.21261768397424274
42577,0.04449382706358308
42578,0.018008163650091395
42579,0.13102992758669435
42580,0.032586830247031365
42581,0.07821674832121633
42582,0.012736276939900953
42583,0.011663684262957032
42584,0.02961501894505664
42585,0.5076845807147936
42586,0.01897134953898997
42587,0.041356634321536107
42588,0.0212660222449104
42589,0.11618104220394981
42590,0.08501352253518943
42591,0.041968544064468094
42592,0.01984642656405985
42593,0.02019015783421284
42594,0.019661829947589658
42595,0.09501469222196642
42596,0.026582381614243186
42597,0.05203687294328741
42598,0.1008743402151819
42599,0.015838106124270817
42600,0.045219599024159576
42601,0.09578738893922115
42602,0.03476506110747349
42603,0.04475896184029441
42604,0.05572581072750546
42605,0.20181692279066404
42606,0.254007153060388
42607,0.02947550990750825
42608,0.04171783772387365
42609,0.010065956451456684
42610,0.12507363764027396
42611,0.0955618568158452
42612,0.02463217040105831
42613,0.0157209554065994
42614,0.38020616640691013
42615,0.051075736857894016
42616,0.062400661986975414
42617,0.03725746525568907
42618,0.012612903096713432
42619,0.22272010559597133
42620,0.08738027962746363
42621,0.23016499052914513
42622,0.057829615638473254
42623,0.15245557555390848
42624,0.06899041269799601
42625,0.0796354375877147
42626,0.10694271319995247
42627,0.04755482843870652
42628,0.06278075959462899
42629,0.01727544999558724
42630,0.03333768102165037
42631,0.06348119358975995
42632,0.18311706199744288
42633,0.07084972500841019
42634,0.14651676791006618
42635,0.011104668598132205
42636,0.06261134358301955
42637,0.10172489389315088
42638,0.05642899682089357
42639,0.043728768624049744
42640,0.01971740399460582
42641,0.0136640378929056
42642,0.03835890501371214
42643,0.01669170329345726
42644,0.014673957641559354
42645,0.034912901419253
42646,0.01193892835248379
42647,0.2586317822795942
42648,0.016359145492165595
42649,0.08681955382521278
42650,0.036471202236859006
42651,0.024373249503596962
42652,0.17226619981087993
42653,0.06670969950612796
42654,0.031665366823477224
42655,0.03549887141292499
42656,0.05871978556087754
42657,0.08937236539059437
42658,0.05634213336065003
42659,0.011756691223502622
42660,0.09560408338988943
42661,0.05001164231988925
42662,0.010788771507979038
42663,0.3938625624769669
42664,0.1737768084543158
42665,0.1307912139607226
42666,0.03136823559356999
42667,0.030149345267828597
42668,0.013711922877912782
42669,0.05224698616964245
42670,0.01344782293751179
42671,0.01811371535819653
42672,0.058538621250246864
42673,0.07645950231191498
42674,0.14715156155073983
42675,0.13818272291044495
42676,0.14321876637286657
42677,0.034560890661622136
42678,0.08442225082540389
42679,0.0331226862351291
42680,0.055314674536593944
42681,0.04729025993228397
42682,0.04577032856759873
42683,0.12744155034023158
42684,0.011128649918554456
42685,0.02376870000095468
42686,0.022014633102202516
42687,0.12810729915197963
42688,0.20107125422910366
42689,0.05499013768261689
42690,0.014412525149100994
42691,0.07707179281262166
42692,0.12311894517724986
42693,0.05405986837536203
42694,0.016832668159298427
42695,0.030546808781567188
42696,0.07300965901205228
42697,0.023032630506966245
42698,0.07603630186756763
42699,0.04508141247962054
42700,0.09466480834288044
42701,0.18142957727602987
42702,0.29623192115374686
42703,0.05878957879864509
42704,0.0227828643991366
42705,0.096990196452056
42706,0.030030024022737536
42707,0.022649466156091265
42708,0.017542979382018382
42709,0.010300861798853235
42710,0.012082378672282545
42711,0.3267015434894326
42712,0.024862046994729412
42713,0.03672895846036528
42714,0.043392501838170054
42715,0.04562013307619804
42716,0.1688788568672969
42717,0.01773437452112951
42718,0.013761365606836003
42719,0.07968384103594986
42720,0.05728908196938087
42721,0.08091365559111174
42722,0.027500487833666203
42723,0.023233750199143244
42724,0.06093603385429494
42725,0.06625702972684588
42726,0.19536865614175403
42727,0.042051258169355135
42728,0.02119748343832977
42729,0.04334229879348742
42730,0.02821624544428885
42731,0.05769052673797545
42732,0.17101950423591677
42733,0.08206229413983307
42734,0.03158138618202721
42735,0.04165434504471435
42736,0.8722937862668646
42737,0.3053484013295681
42738,0.23439524472207585
42739,0.025251167672004055
42740,0.027910835277586366
42741,0.04382210414072028
42742,0.02244256103369709
42743,0.0402709071144136
42744,0.20401584415311294
42745,0.12174992660970146
42746,0.03852826032090485
42747,0.01293294817093107
42748,0.040452537613818534
42749,0.2047773247908799
42750,0.06857658887135204
42751,0.01913887361088219
42752,0.030778293846593432
42753,0.016101677514777774
42754,0.06177748240208207
42755,0.03761547721126319
42756,0.016772900060657583
42757,0.04835701466214166
42758,0.09741083823829279
42759,0.056530643095262484
42760,0.020826099899315033
42761,0.019705239344530633
42762,0.058899764090648885
42763,0.07857980025848738
42764,0.053873466033993664
42765,0.011239530309493734
42766,0.016856274615527262
42767,0.09690107320739712
42768,0.009289964609289825
42769,0.15528605911376706
42770,0.05795406811914865
42771,0.010683991902617778
42772,0.03877468673478719
42773,0.02917587178809946
42774,0.042695711064198096
42775,0.047898399494089784
42776,0.24001600744055968
42777,0.24765839778271598
42778,0.08445564045545591
42779,0.014681133931640077
42780,0.021384797977712037
42781,0.023371147979714013
42782,0.011458960628855607
42783,0.13341429194279808
42784,0.010824244429299208
42785,0.017265945468007995
42786,0.09697611138947305
42787,0.13994477143322473
42788,0.02041674778033949
42789,0.04182098563899793
42790,0.049607791763699345
42791,0.033431724747532185
42792,0.05859701293140043
42793,0.08488758439998274
42794,0.022428916639172833
42795,0.010164880813131383
42796,0.010894657583569946
42797,0.02845283243752939
42798,0.10274133260884225
42799,0.00992659889265771
42800,0.01585415733499798
42801,0.05544086657166736
42802,0.0882172116217138
42803,0.08603232222105858
42804,0.20303921028959449
42805,0.0967285985643562
42806,0.25850441123634177
42807,0.04318934454314719
42808,0.0221188274819366
42809,0.01943961412590059
42810,0.027059748974026417
42811,0.02118426351361039
42812,0.03991344220968246
42813,0.06738605508916765
42814,0.023776596614826156
42815,0.09214851221838695
42816,0.058678321254810095
42817,0.026139866369961094
42818,0.026115120404511187
42819,0.027092665134220918
42820,0.01990499270810815
42821,0.0372354218319349
42822,0.19005749114806697
42823,0.024030880657078355
42824,0.01913149392023385
42825,0.15982212016033218
42826,0.021379560598136407
42827,0.06775788343260238
42828,0.010870839441263996
42829,0.03952838281375554
42830,0.022073164384419405
42831,0.01579381920130533
42832,0.39111705771718164
42833,0.21161446593518907
42834,0.012533420868769303
42835,0.08357982899279558
42836,0.034374803099097156
42837,0.05289463402286869
42838,0.04960804904758549
42839,0.025110437886235
42840,0.22976769885414833
42841,0.05601115005756679
42842,0.022172589523982888
42843,0.02795575938598261
42844,0.06855519322159132
42845,0.4536753450922729
42846,0.03470600848360955
42847,0.008093285870099406
42848,0.16560908692280848
42849,0.033694437057219154
42850,0.023660262031956383
42851,0.02277207552573048
42852,0.03669630834321375
42853,0.060589848417679004
42854,0.017819836458206686
42855,0.02547865306756981
42856,0.02649794728899388
42857,0.3525472481683129
42858,0.18480908927125103
42859,0.037273501858254815
42860,0.08532899207618137
42861,0.027102399680307927
42862,0.17057874859686734
42863,0.12368419588520235
42864,0.0420273825225653
42865,0.045698206645299146
42866,0.07063203632073194
42867,0.06447665274040892
42868,0.07627076392061688
42869,0.020412705188833317
42870,0.024866486829373764
42871,0.09486043849718355
42872,0.025968567407211773
42873,0.017675401973907583
42874,0.2375509209712941
42875,0.033216130623796705
42876,0.0177581284759871
42877,0.9438198350008407
42878,0.018762754997949646
42879,0.11850837913544321
42880,0.05127771537410039
42881,0.08659196616555195
42882,0.14685679997670387
42883,0.032276390226583476
42884,0.045361876287937954
42885,0.08139765963624564
42886,0.02723534072953239
42887,0.03633862789258981
42888,0.10838372808577729
42889,0.012442625583519846
42890,0.04074443388241584
42891,0.04372753542708237
42892,0.030341274255590082
42893,0.08201702435642562
42894,0.2386415666650772
42895,0.12484727870503783
42896,0.0202828735982405
42897,0.16923672588356692
42898,0.09153479051483107
42899,0.05517766729858335
42900,0.0649663993933226
42901,0.047004548144084335
42902,0.07916896283711136
42903,0.08352142062507575
42904,0.025539945249283873
42905,0.06305444985326544
42906,0.07278888187461129
42907,0.05678066947740361
42908,0.02701207533851485
42909,0.0223338217885975
42910,0.0467025432643048
42911,0.057504862493209075
42912,0.060662382329147946
42913,0.02529404867940914
42914,0.01579045929609184
42915,0.012394685674670477
42916,0.03242382475965904
42917,0.019953450627805933
42918,0.015094791830915328
42919,0.20408641618740433
42920,0.019566907548034126
42921,0.26455087121517246
42922,0.2556774995887211
42923,0.04989004048997815
42924,0.018376233948841313
42925,0.06321923698022378
42926,0.02786402665529425
42927,0.02121520110607331
42928,0.02726901546086411
42929,0.12354327200529086
42930,0.034612018008374046
42931,0.029726797019721266
42932,0.12742102086882973
42933,0.047769627031537615
42934,0.05062408602007676
42935,0.2684933062341658
42936,0.02714834642665669
42937,0.01357756397085577
42938,0.11129295138657913
42939,0.04612810276174577
42940,0.07329061097811931
42941,0.08793068079567883
42942,0.05308180810310776
42943,0.01796992224236311
42944,0.04694924536655437
42945,0.024176211573587722
42946,0.08577652126365493
42947,0.07542205774685905
42948,0.011341138461398687
42949,0.03519169655278429
42950,0.03229154422414938
42951,0.01976381135646794
42952,0.12723552654158618
42953,0.06768861569088072
42954,0.17847511286279782
42955,0.07775473828210919
42956,0.04140171654654811
42957,0.3296527457118841
42958,0.05165571898484396
42959,0.08304927238474605
42960,0.08320698298693185
42961,0.043598857048368286
42962,0.016214227731143324
42963,0.03760622177572438
42964,0.054412989960949246
42965,0.025674096337606346
42966,0.019000219565977607
42967,0.09457187528782085
42968,0.033760936206784234
42969,0.03973379211666775
42970,0.039239932222808985
42971,0.029527654835653522
42972,0.12459176922027092
42973,0.012827123108110574
42974,0.010841667573016155
42975,0.08765495203098599
42976,0.018147548847007942
42977,0.025828829192869433
42978,0.06594366190786582
42979,0.05098700803938244
42980,0.01972804886568385
42981,0.11917834244925699
42982,0.055972788455415895
42983,0.017281045233588775
42984,0.06256465597577832
42985,0.09635441201693909
42986,0.0242353372468376
42987,0.09708620097307005
42988,0.020106497204940035
42989,0.011666449166057014
42990,0.21033773702462155
42991,0.03412735564005187
42992,0.08119010776551332
42993,0.07275860069291293
42994,0.027290657293492997
42995,0.11137455357426329
42996,0.012365152718814935
42997,0.058010758962465284
42998,0.041440607893174636
42999,0.07806724266627678
43000,0.019025423794996957
43001,0.11882637602806476
43002,0.07468151083903052
43003,0.007118149569881296
43004,0.04029241872005854
43005,0.07910018485317796
43006,0.03633043750788491
43007,0.04584192240694422
43008,0.021189792533578833
43009,0.06084675043451514
43010,0.08597437722827277
43011,0.03569211233741741
43012,0.03641518415375667
43013,0.07873625286048937
43014,0.0287375600286777
43015,0.04222283577125889
43016,0.7754068861865759
43017,0.07194430680593705
43018,0.065938762458911
43019,0.08836550225395148
43020,0.16910064641948694
43021,0.12647964119183805
43022,0.06964453019219419
43023,0.5160360420951876
43024,0.06475434484861713
43025,0.023697444235344357
43026,0.09038283849472474
43027,0.1666104211406984
43028,0.18814579821316332
43029,0.01711538694554156
43030,0.01701790508397629
43031,0.027771001476546892
43032,0.014731340723414614
43033,0.18902071290280523
43034,0.029651663078405454
43035,0.0377242751894269
43036,0.030499652242822913
43037,0.011298182363988753
43038,0.027697357282115996
43039,0.27011064229600024
43040,0.05133102282145127
43041,0.08142634484693959
43042,0.03251281975250102
43043,0.1173248686276844
43044,0.1010635801998247
43045,0.0530829708358618
43046,0.047247289981098714
43047,0.03277420489081869
43048,0.034827938574150424
43049,0.045208147698271244
43050,0.019769051575611013
43051,0.10309385884223646
43052,0.1750598194565074
43053,0.02456476906483856
43054,0.02401233859960191
43055,0.19467693659854962
43056,0.2301020081781958
43057,0.12683998695983623
43058,0.10116281672975763
43059,0.04217466459289953
43060,0.04440420507364995
43061,0.022225035768312165
43062,0.04477922667906008
43063,0.0840864439850065
43064,0.03939826693375503
43065,0.027041301917259175
43066,0.4048929587811068
43067,0.04446298075024604
43068,0.6546669672802795
43069,0.14350323937695098
43070,0.10918558001835957
43071,0.04273686002538258
43072,0.015270553059227514
43073,0.1803746191971604
43074,0.08807481571644599
43075,0.042893591948297886
43076,0.02361265267092455
43077,0.1457643168675773
43078,0.02958369875324507
43079,0.05224985085316084
43080,0.10482832165591592
43081,0.12413541074135089
43082,0.09809015716263933
43083,0.07636506258782226
43084,0.08724923591691351
43085,0.13407710887324215
43086,0.021482779841956248
43087,0.04727902571323027
43088,0.04810666856176442
43089,0.17250255157826308
43090,0.06398511330625398
43091,0.012169874279163684
43092,0.02075892431046381
43093,0.029883299553743664
43094,0.01982959526515559
43095,0.04430254779518825
43096,0.020530301137112624
43097,0.0641409118183274
43098,0.02429411216004613
43099,0.057949166609733635
43100,0.01280865445090447
43101,0.07622466183578742
43102,0.04536725381024366
43103,0.051177440706672475
43104,0.05504132891770516
43105,0.14337174403698683
43106,0.044917226536270644
43107,0.016535374994136657
43108,0.03999984030158319
43109,0.04784718693324114
43110,0.020380124842577292
43111,0.015896035355104178
43112,0.021404406679464805
43113,0.06585983114672873
43114,0.025167928582240193
43115,0.03136082816997186
43116,0.02160318711811909
43117,0.11154853539276194
43118,0.04454296068467707
43119,0.15653020195897552
43120,0.5073397721589972
43121,0.38373506356560805
43122,0.09138117024893211
43123,0.04616450116691371
43124,0.02554012388743805
43125,0.1133507535591214
43126,0.049519754768536685
43127,0.023918287807689065
43128,0.05837507129204057
43129,0.04366254357969186
43130,0.11974818035094743
43131,0.036711033673948935
43132,0.033753961378591414
43133,0.0221566123982852
43134,0.0687552138210806
43135,0.08710526239590076
43136,0.024344366969150887
43137,0.039091681065791396
43138,0.039267740844297384
43139,0.08579602291703889
43140,0.020682973702169843
43141,0.030882420974666064
43142,0.09885499547784848
43143,0.08638749741815778
43144,0.056809887144744164
43145,0.06408856644361476
43146,0.20822988247281096
43147,0.01326420649935639
43148,0.021496358825903387
43149,0.048127936403219655
43150,0.02980242598528378
43151,0.01685293560100796
43152,0.04511159698212361
43153,0.021242268370031098
43154,0.023828320200998936
43155,0.0366550047549338
43156,0.01719774256044864
43157,0.024694716907117144
43158,0.029144351038160016
43159,0.030367596274871168
43160,0.03216407965953773
43161,0.05181131003623428
43162,0.011399804686126745
43163,0.21081099795985017
43164,0.02533048797802098
43165,0.01111046053803184
43166,0.03087427304826332
43167,0.20890652574668922
43168,0.02326217018737515
43169,0.040034632004896396
43170,0.11629360960173402
43171,0.6567372265412718
43172,0.020470842193482188
43173,0.024765677115313224
43174,0.12569328183406775
43175,0.03319183260070449
43176,0.1557363517026778
43177,0.08934060370998242
43178,0.05898984840867834
43179,0.01447675469049372
43180,0.03207101038797987
43181,0.18635371099962983
43182,0.010181691970499566
43183,0.030965598252286747
43184,0.11269037331094615
43185,0.022553110019401478
43186,0.11327837722913453
43187,0.2759003133757654
43188,0.10589309419232203
43189,0.28422932711203386
43190,0.02980926908411264
43191,0.025530783959894866
43192,0.040571282363775524
43193,0.17341732305383817
43194,0.059882750524092254
43195,0.03007104518956453
43196,0.020628441580558772
43197,0.08126028239589735
43198,0.04612909923838632
43199,0.03998669822768236
43200,0.02014982775377511
43201,0.06454645949743937
43202,0.014827784661648767
43203,0.13608573169654134
43204,0.06113891182959147
43205,0.03880302523756945
43206,0.11543104671567897
43207,0.061095129524065844
43208,0.013141973457010752
43209,0.02602376699424646
43210,0.13839849342140859
43211,0.655852061219085
43212,0.01709889867185038
43213,0.060839734430078576
43214,0.1551062326471017
43215,0.07205762360083855
43216,0.17650054640044227
43217,0.039480686817439506
43218,0.04973531913813412
43219,0.02343437364186829
43220,0.06140616062136088
43221,0.06542005678439192
43222,0.07854381382184836
43223,0.04473474314232439
43224,0.02314397518601302
43225,0.09980254263216726
43226,0.08887910012074123
43227,0.011213082332666383
43228,0.017110691640047263
43229,0.031867777067537253
43230,0.03576204094071151
43231,0.03162568476093228
43232,0.0067725029370667225
43233,0.01822436646831931
43234,0.03327658445091951
43235,0.015390114845818433
43236,0.05488637633463916
43237,0.06391346545623722
43238,0.013285119685702909
43239,0.14518510722345135
43240,0.023999045243022297
43241,0.027125590175600803
43242,0.01503282728374866
43243,0.06708792306211794
43244,0.10860951884248224
43245,0.6071698789692481
43246,0.04944781359729796
43247,0.03958961611735212
43248,0.10194317458175095
43249,0.09455936554864185
43250,0.11600641051079791
43251,0.01377944240470053
43252,0.10403915731833975
43253,0.013882821924870902
43254,0.17240474470170294
43255,0.35144123270900823
43256,0.06413799384441424
43257,0.04443936655787726
43258,0.4399400214606498
43259,0.10553905835739699
43260,0.03715548340608705
43261,0.07136933113921205
43262,0.04477310611194136
43263,0.13808602406765635
43264,0.09559222139257256
43265,0.18883496314090886
43266,0.0535872710590737
43267,0.020885769147189176
43268,0.021404716426040846
43269,0.10331183179456098
43270,0.03884155978120915
43271,0.06926709841418084
43272,0.03296081390867648
43273,0.03135494644694536
43274,0.1865849789972776
43275,0.08401635264346105
43276,0.10474246916296168
43277,0.0868162843367007
43278,0.17214374208760386
43279,0.1251588123442755
43280,0.04014851426156635
43281,0.0741086307990811
43282,0.02069318994104977
43283,0.07208254173064053
43284,0.15088291500184858
43285,0.06877750091266642
43286,0.02982874239598389
43287,0.06283039159965623
43288,0.04034642189362752
43289,0.027755563536458135
43290,0.28441457910320744
43291,0.016997247604717675
43292,0.028070752084848348
43293,0.056773783222444335
43294,0.14828154488616443
43295,0.013500741366738107
43296,0.2776429333019568
43297,0.15823617989578687
43298,0.03505419189999839
43299,0.012886096935620935
43300,0.020386648695914354
43301,0.049249666307731976
43302,0.019700632569639723
43303,0.10568072649264584
43304,0.00772191820412625
43305,0.02718452542174503
43306,0.0609937501607635
43307,0.05020584873965117
43308,0.08868630018297181
43309,0.15466094871047706
43310,0.08077920256648448
43311,0.020136484954175134
43312,0.023994046516494047
43313,0.020625373576091142
43314,0.08582568612899212
43315,0.045430459179385596
43316,0.06924998226703596
43317,0.013846884990475714
43318,0.03758888272947829
43319,0.04104270369600023
43320,0.06580837811391735
43321,0.052300425869279195
43322,0.050829691281554235
43323,0.18410286078817467
43324,0.031746744596747666
43325,0.21260611910113733
43326,0.11064778941672235
43327,0.02586337849490979
43328,0.05411918065943364
43329,0.015068215559547165
43330,0.09283629196998383
43331,0.061626814106739626
43332,0.06557444341584615
43333,0.19923739580076216
43334,0.03615229409912401
43335,0.03643811377200459
43336,0.28961801942596116
43337,0.08577358886191745
43338,0.15024128058093603
43339,0.11264185180706657
43340,0.013783605676801846
43341,0.02696146422099023
43342,0.05348965468200442
43343,0.05860840053318099
43344,0.022886984060010156
43345,0.04961419980297206
43346,0.026406338689049128
43347,0.03100004286172231
43348,0.024889137522287958
43349,0.03180536195908124
43350,0.06029616351285315
43351,0.02630432828786118
43352,0.0291215771067517
43353,0.12309874198580038
43354,0.01008452480785249
43355,0.04125521670109282
43356,0.03075571121503838
43357,0.1689721440560227
43358,0.0753389729266416
43359,0.03809556507570826
43360,0.02203624190028016
43361,0.2165159270068306
43362,0.026519920203342973
43363,0.033881974864233354
43364,0.06265985881924899
43365,0.0300844616125479
43366,0.05952574415302807
43367,0.0732039320930111
43368,0.07596837294442163
43369,0.050816323879033724
43370,0.0288582286134448
43371,0.04450651556044151
43372,0.05194483869314606
43373,0.023153929070554392
43374,0.2667343321566236
43375,0.06404451941839823
43376,0.09367193217697906
43377,0.09733645985482244
43378,0.03528090354779686
43379,0.044955176435771606
43380,0.029962691746398637
43381,0.04383470739933429
43382,0.07832098056621928
43383,0.01595253318667559
43384,0.20800086892721276
43385,0.033358564357494395
43386,0.05292123938985758
43387,0.14689390831016455
43388,0.06531295792607711
43389,0.09911329134500253
43390,0.015213970579611352
43391,0.12614195023211133
43392,0.06332757969546635
43393,0.016841723454353384
43394,0.12080265305196941
43395,0.05597577462759033
43396,0.020929785309989873
43397,0.026914624098289788
43398,0.04513083898595799
43399,0.035911330584272635
43400,0.012767044590709185
43401,0.02454257361902805
43402,0.034380847462995544
43403,0.05743323396418362
43404,0.03472228696380619
43405,0.16556078556056178
43406,0.09471918946158871
43407,0.0856647967289883
43408,0.05048599517287205
43409,0.041855278243595806
43410,0.05051498623176746
43411,0.024255051373789444
43412,0.062357132734462445
43413,0.04426283823874708
43414,0.07053403230953686
43415,0.016242072024082815
43416,0.013735319322188138
43417,0.04131635470666156
43418,0.04686652042742981
43419,0.06617419142967451
43420,0.1987777707444244
43421,0.12663466815759275
43422,0.03593522252387909
43423,0.18594855581222172
43424,0.038542242942873284
43425,0.012181845990987266
43426,0.03545463663707481
43427,0.053196180711881785
43428,0.15288963490061128
43429,0.013758879196581673
43430,0.41595787632466535
43431,0.0670797061650929
43432,0.03502140242837023
43433,0.04449672400081017
43434,0.07857787762466903
43435,0.027597458135893857
43436,0.08916821011169793
43437,0.0637026921399225
43438,0.03764313430828134
43439,0.14537101735919408
43440,0.019940553904995474
43441,0.029619675163635673
43442,0.04210750813818549
43443,0.07979073469904752
43444,0.05409969482702327
43445,0.04767670177968292
43446,0.06175501048793912
43447,0.09018179534044798
43448,0.02699171461209967
43449,0.07850682316478517
43450,0.04462438220467849
43451,0.023759596799803544
43452,0.03069391617467692
43453,0.07453829752909163
43454,0.032854428997948784
43455,0.027635821552048256
43456,0.03399084196150444
43457,0.01250458416178667
43458,0.023210076256160724
43459,0.1275157480548294
43460,0.04773731802959856
43461,0.019115826744518775
43462,0.020216061010577147
43463,0.014317055046977717
43464,0.10379422129714586
43465,0.009168075860812442
43466,0.01443069024168926
43467,0.03487368516917384
43468,0.015109363431758992
43469,0.030591716165631715
43470,0.047608984832951624
43471,0.0979966889745412
43472,0.03745242927687391
43473,0.016171850517814005
43474,0.01714828618918722
43475,0.0713259774436935
43476,0.026597632979399717
43477,0.023096817259730777
43478,0.11498686798872346
43479,0.04891904651220906
43480,0.06350687914825781
43481,0.0670370477640772
43482,0.09747523357838513
43483,0.03822477926921157
43484,0.023184123043880445
43485,0.0759780234637822
43486,0.07633247916305431
43487,0.029382373853311945
43488,0.012211908482135696
43489,0.056277454667374875
43490,0.08532870568456967
43491,0.06398635745000503
43492,0.08431593380934688
43493,0.02692267342169787
43494,0.028777390114409128
43495,0.07644613178291995
43496,0.12346925497172777
43497,0.0265811602344554
43498,0.012105077596827194
43499,0.04776947078298869
43500,0.0395070087712677
43501,0.03689275342802253
43502,0.02472580814414274
43503,0.12757571714835245
43504,0.01365380229492422
43505,0.11573135823782112
43506,0.044519176646866526
43507,0.025947990850728016
43508,0.3745562994721972
43509,0.08585968536019763
43510,0.055359517334821175
43511,0.0820669768222489
43512,0.04457158618534625
43513,0.14624556023331844
43514,0.010798539235065558
43515,0.07915030515311976
43516,0.08061929958163536
43517,0.10130104235178859
43518,0.04207423190043674
43519,0.06358731821085425
43520,0.04261945521504341
43521,0.1324929129367955
43522,0.053465886574568786
43523,0.11376169305378703
43524,0.013487499360309458
43525,0.06057740273166082
43526,0.049804060059191274
43527,0.012021397185954364
43528,0.01658127719423397
43529,0.01005852603731839
43530,0.13062751361715655
43531,0.08228712106029373
43532,0.07505087003850723
43533,0.0156792179156405
43534,0.025362612378752154
43535,0.22683960088584215
43536,0.01845858350292123
43537,0.02520268534260407
43538,0.04409900973091524
43539,0.09205065393102455
43540,0.047615340916355164
43541,0.16556141464752613
43542,0.018850329946373073
43543,0.03485268938470926
43544,0.09147089183679553
43545,0.155812322810288
43546,0.13461890792205386
43547,0.3526177671018154
43548,0.014226777461459244
43549,0.03492247911411112
43550,0.01462680767014702
43551,0.034301817579662074
43552,0.058544458630208435
43553,0.43334025267800974
43554,0.1926233241689825
43555,0.3818275001487064
43556,0.045618754428383215
43557,0.18442257208230278
43558,0.02533372006606289
43559,0.04240842994266051
43560,0.05358776577136471
43561,0.01520707069589201
43562,0.04394431362653036
43563,0.14151001901147914
43564,0.09757006863441077
43565,0.05994866731096259
43566,0.031231274669980186
43567,0.09153197786637933
43568,0.02350726933887932
43569,0.09439662138957951
43570,0.01947689910804431
43571,0.047395196604836494
43572,0.03895281329686286
43573,0.022981494012983675
43574,0.0858928930112387
43575,0.061506657963920415
43576,0.03618284401775013
43577,0.023751301209133702
43578,0.014745296542562975
43579,0.013471714165131026
43580,0.049991155295659284
43581,0.08894223875089036
43582,0.02848924963042362
43583,0.011857586076247126
43584,0.05791148332516757
43585,0.02846624285840067
43586,0.02206867817498867
43587,0.0414686997445349
43588,0.030273505162393403
43589,0.17425196159709583
43590,0.04711802731154445
43591,0.05421002286232999
43592,0.014290020783221521
43593,0.018870074237776223
43594,0.23251231245088613
43595,0.0971094030194388
43596,0.02048859654106605
43597,0.08314282924988761
43598,0.01863784976316825
43599,0.013655928277226094
43600,0.14460703158362448
43601,0.023866978356656576
43602,0.0500887122440749
43603,0.03705194711643899
43604,0.020928916115035754
43605,0.066063161807447
43606,0.040919601033600046
43607,0.024690304568483985
43608,0.02443769854165501
43609,0.033567654175869606
43610,0.038835469197716986
43611,0.019739832145700513
43612,0.018792965179431756
43613,0.045549800452026515
43614,0.07727326893614278
43615,0.05100584071722654
43616,0.05381508064403861
43617,0.07753048137565906
43618,0.061363406108598736
43619,0.0355905230014447
43620,0.048598942119902455
43621,0.07666922990477698
43622,0.012098672567044173
43623,0.13917873384821636
43624,0.09049999045907683
43625,0.037785373908165984
43626,0.090981348729684
43627,0.02421282984665743
43628,0.11759825515210795
43629,0.032899382531873814
43630,0.028052077552740227
43631,0.04051525089475379
43632,0.029859944845434146
43633,0.04405346269439889
43634,0.009034935758824329
43635,0.04574968586584288
43636,0.03261501273253102
43637,0.0457959410957976
43638,0.02296886301634157
43639,0.026601140725194934
43640,0.10113898231773649
43641,0.054009558683088356
43642,0.046917332749451875
43643,0.07575936936432127
43644,0.02274363997047946
43645,0.22445629746031928
43646,0.03919663732411711
43647,0.020245346623284394
43648,0.016245803355950952
43649,0.05562316286126208
43650,0.10459434961308534
43651,0.11754721296366284
43652,0.017188970723628072
43653,0.024893580322819638
43654,0.017227831647987656
43655,0.026359431618924907
43656,0.06301429036582754
43657,0.040215565459424556
43658,0.06847816355392554
43659,0.04156626558152075
43660,0.05055589332485289
43661,0.07279671951494246
43662,0.009428897212037563
43663,0.4236281222340451
43664,0.04313660862180775
43665,0.17035559166334355
43666,0.06819445894443753
43667,0.03197580288353388
43668,0.2789014244626994
43669,0.057172541666873855
43670,0.054443882692596896
43671,0.03151833238081364
43672,0.016910890226931957
43673,0.026691980897662386
43674,0.04301911279132667
43675,0.11381386261321175
43676,0.014333586505689343
43677,0.018137611149146107
43678,0.07475877659857626
43679,0.045822295689313744
43680,0.10948650007909863
43681,0.017462240307155107
43682,0.07263739067007573
43683,0.008183463304843245
43684,0.0743554365762144
43685,0.06465442779486685
43686,0.36249367283292866
43687,0.01698721506790088
43688,0.019002134880013132
43689,0.03414850131829942
43690,0.04442091132514822
43691,0.05202044055806438
43692,0.03451933972455441
43693,0.034416943278541015
43694,0.025684292294362452
43695,0.027671759836451898
43696,0.03665484359070147
43697,0.08237381535579491
43698,0.06083407822048999
43699,0.052558141616800357
43700,0.03408775113770197
43701,0.07104100742573564
43702,0.015244227456368373
43703,0.028633183686628497
43704,0.19958586853200205
43705,0.15245354710409442
43706,0.17387130015463825
43707,0.05325708880475518
43708,0.06130141197171042
43709,0.051244229188792734
43710,0.13230102510314332
43711,0.01239877765609196
43712,0.022525532920775197
43713,0.02569197266749034
43714,0.09067395248801746
43715,0.0428379296267197
43716,0.07310186470782118
43717,0.031070916500514766
43718,0.08173157993795375
43719,0.1298800494230383
43720,0.05083731483493468
43721,0.024568862514569034
43722,0.07200850229155356
43723,0.020179755194936706
43724,0.01066875555077186
43725,0.06533549629427676
43726,0.051181351797433085
43727,0.030873800581120322
43728,0.027581568603167485
43729,0.08534148848704037
43730,0.24977089435233618
43731,0.03441023934555972
43732,0.1354644391172165
43733,0.01691321598462818
43734,0.05631521347771653
43735,0.051893077830093066
43736,0.02818133107893084
43737,0.03060561535252906
43738,0.04920000804901205
43739,0.02637422669095047
43740,0.04700187164383178
43741,0.015789302297986953
43742,0.11885704996633868
43743,0.0549868120834263
43744,0.0965924491365675
43745,0.011502446485272412
43746,0.10588534409486418
43747,0.09437179650809997
43748,0.12296642951616882
43749,0.014326526745987117
43750,0.029462660627178686
43751,0.01414330389879549
43752,0.25339300969372713
43753,0.037261189471977194
43754,0.08153794625755303
43755,0.02701127337731578
43756,0.07312191367399938
43757,0.02766090706112361
43758,0.15427473980082326
43759,0.2679089323947306
43760,0.1720813336566936
43761,0.0706588542147991
43762,0.02212668421635088
43763,0.014670887990168038
43764,0.035228482858278405
43765,0.08976233450787327
43766,0.019812531031052003
43767,0.05120808572172843
43768,0.18510543426039147
43769,0.038425931356369035
43770,0.07194277604142842
43771,0.16663883951114983
43772,0.5742031397961013
43773,0.12332079986629163
43774,0.11927122294652269
43775,0.21975612754473806
43776,0.016254616091313387
43777,0.054480874868408205
43778,0.021498951715689434
43779,0.01186450964343772
43780,0.1291102155940717
43781,0.043169500377003435
43782,0.03918744703041349
43783,0.021445538523789817
43784,0.1325148944891065
43785,0.12242811371621415
43786,0.08676903933786234
43787,0.059151386060873286
43788,0.07598443985089977
43789,0.03841938992173105
43790,0.01012049810331099
43791,0.16258241827067094
43792,0.012202783935150983
43793,0.008225661741108814
43794,0.041456472170127844
43795,0.05843832478671058
43796,0.01649238809488411
43797,0.08364799190587824
43798,0.05533063206261228
43799,0.2596052756837691
43800,0.014096721324572355
43801,0.09851086009936555
43802,0.03326740923552699
43803,0.041677831208900264
43804,0.019430147923571037
43805,0.09420185689342493
43806,0.024369138332628548
43807,0.0564978196667454
43808,0.017334387493159346
43809,0.03781699394366788
43810,0.0948157264332872
43811,0.04834173891665329
43812,0.028234857439185843
43813,0.04308653999926837
43814,0.13202016019752721
43815,0.045649379777213346
43816,0.032525009949511775
43817,0.11096154110469406
43818,0.01623049569845712
43819,0.016088813960863483
43820,0.1298737534285504
43821,0.030075568633941535
43822,0.1259577103366151
43823,0.050004069193521225
43824,0.06988910234785314
43825,0.047590398629491555
43826,0.03612733567221144
43827,0.02926024206330588
43828,0.17041221370336443
43829,0.28535964580053846
43830,0.06684891889952134
43831,0.07094600651250511
43832,0.07209088462683533
43833,0.15026832688476432
43834,0.053287320321635134
43835,0.20492476056150732
43836,0.02884385171365996
43837,0.11639831807573142
43838,0.025038874053978546
43839,0.03016801517628081
43840,0.06516114258589899
43841,0.058622431763504984
43842,0.03966900148619103
43843,0.014731928508137735
43844,0.07716889856253843
43845,0.05892184407943362
43846,0.14042182215754134
43847,0.04785303256643546
43848,0.08068801737964687
43849,0.14776777019237636
43850,0.013447026081662901
43851,0.15234042762411248
43852,0.055024442121543816
43853,0.02829580135417214
43854,0.044650853483950315
43855,0.06549330613839235
43856,0.062401469289199527
43857,0.04764249019686391
43858,0.0166784025717876
43859,0.03894061373150734
43860,0.05061487225399718
43861,0.19420533171165366
43862,0.02023935329094485
43863,0.0725553467840834
43864,0.056498362531379936
43865,0.0574388766857859
43866,0.06188772197992967
43867,0.1379004523373198
43868,0.16366638529905655
43869,0.025642624365381346
43870,0.05534982809793876
43871,0.02234404940777663
43872,0.06356498593115839
43873,0.23086311034988832
43874,0.03875427952321597
43875,0.0244178925817473
43876,0.043648608964012243
43877,0.03903569725826187
43878,0.1724045045753264
43879,0.02822503246184785
43880,0.013753647137194206
43881,0.018579848178401213
43882,0.042562343953396926
43883,0.01749170329297231
43884,0.034560758795789695
43885,0.015411834246154624
43886,0.009792421815930895
43887,0.025684245450384995
43888,0.04017448311373268
43889,0.03718761314729023
43890,0.031636305643821284
43891,0.03504113353197136
43892,0.0425237902888025
43893,0.02348430321630487
43894,0.037653548001319
43895,0.021910162609358345
43896,0.08384584241402455
43897,0.021324365339455705
43898,0.20791645310286117
43899,0.09066258066389674
43900,0.08878093637517567
43901,0.04712732323094683
43902,0.853122526872068
43903,0.03711600290475253
43904,0.03906540523182892
43905,0.051202061308485855
43906,0.017860928204611787
43907,0.02048937332691869
43908,0.023511936921292872
43909,0.12345871736655323
43910,0.0635271718412608
43911,0.018749439421190086
43912,0.05015315479961025
43913,0.18438310161726126
43914,0.029644246852377994
43915,0.025447050762059907
43916,0.021467949848618797
43917,0.007605795931145319
43918,0.01423720991053196
43919,0.01613302589724776
43920,0.019903061497284616
43921,0.08291085024996231
43922,0.013903715486533443
43923,0.07785478339207673
43924,0.051091286096707905
43925,0.04858515121501293
43926,0.2483073952673644
43927,0.07053947887124684
43928,0.2920252271002006
43929,0.20071595494845904
43930,0.11378060798861858
43931,0.0357902006842837
43932,0.09022972584321606
43933,0.013656861238444076
43934,0.01267784391060714
43935,0.0848935989421092
43936,0.012159589179031025
43937,0.03168960296812322
43938,0.02494664135944367
43939,0.03318366576630366
43940,0.02666475594443953
43941,0.07747472584685644
43942,0.22239859971435116
43943,0.03662506607671413
43944,0.0361327812334586
43945,0.11494553858224567
43946,0.03749692452856072
43947,0.03106138922488837
43948,0.019206646453330284
43949,0.023427956683864066
43950,0.03872749573207156
43951,0.019332092913112192
43952,0.011967224498911057
43953,0.04048954864417301
43954,0.044627563305008874
43955,0.2938350029406565
43956,0.02472617914723618
43957,0.022743795421064916
43958,0.08520264975154583
43959,0.0343105036455261
43960,0.012766295122944365
43961,0.13955353723411956
43962,0.05185653646134171
43963,0.08436977317121548
43964,0.34556648216600266
43965,0.08637612673960071
43966,0.030944851569628704
43967,0.07698677082604868
43968,0.11670546009752182
43969,0.028597481936210256
43970,0.04210815528701578
43971,0.02051285888156759
43972,0.10189237753354902
43973,0.028278505501837484
43974,0.12391950334185678
43975,0.10766562155478514
43976,0.05251559305428046
43977,0.019787652408724772
43978,0.11887012909612862
43979,0.08771489214728358
43980,0.03501908736499407
43981,0.009801566370048621
43982,0.04659125079052006
43983,0.0759116170705339
43984,0.027874480963556263
43985,0.019153143532834527
43986,0.08521767863171836
43987,0.016662716866386977
43988,0.017226335109057953
43989,0.02172727626150486
43990,0.03254253599732039
43991,0.0363110947319167
43992,0.06839172701438567
43993,0.05902353269030661
43994,0.019651103749529553
43995,0.5250344862789671
43996,0.02598584618360372
43997,0.07091715245297564
43998,0.11731341650240096
43999,0.03953140686345091
44000,0.1044520460953069
44001,0.01731123858684917
44002,0.06219990996189184
44003,0.1689350472153487
44004,0.08571363095471335
44005,0.05514772652759811
44006,0.045667492921878994
44007,0.035849669697118995
44008,0.051440963557089596
44009,0.033615090225187924
44010,0.01873864631970827
44011,0.046270043804327116
44012,0.04619771960095333
44013,0.056378797407249014
44014,0.09750332555522424
44015,0.027465072267807488
44016,0.051045501431631106
44017,0.08791525645107942
44018,0.042076111029063244
44019,0.0395757119794839
44020,0.015322610933676794
44021,0.03435854340976458
44022,0.037609658237738125
44023,0.03668870220348149
44024,0.02221406122077871
44025,0.050259969624094424
44026,0.11959153422889565
44027,0.045321306635373
44028,0.017596892241180863
44029,0.06293439208433081
44030,0.033568567487743756
44031,0.034928942098298915
44032,0.1447839416016895
44033,0.015785196630870472
44034,0.04741689470150737
44035,0.02412387815470531
44036,0.1045791460110846
44037,0.015447197312058916
44038,0.01649851713614449
44039,0.04460087338705011
44040,0.07338774821702869
44041,0.07801009114479981
44042,0.12621429198287634
44043,0.0776962136378902
44044,0.04297140359126892
44045,0.008784839699200412
44046,0.05512587732064156
44047,0.02671840752562337
44048,0.022352907213562527
44049,0.1063693904754994
44050,0.05765989810817114
44051,0.07632909289751655
44052,0.027936029313506645
44053,0.06150561633333511
44054,0.024017059194322808
44055,0.05929424876862971
44056,0.11778420274555433
44057,0.041867336699815315
44058,0.031211638996901304
44059,0.02810954351495045
44060,0.07790364792143033
44061,0.045645344895579525
44062,0.1488359072742556
44063,0.2632389777413445
44064,0.05762781984145366
44065,0.04386656063390619
44066,0.0223383296979043
44067,0.052516107443160015
44068,0.04941152082362807
44069,0.41986639954526334
44070,0.16940552352646168
44071,0.025660890901465797
44072,0.07418675035442365
44073,0.019758248864334606
44074,0.04264440464716621
44075,0.17176913965432855
44076,0.026786137766622576
44077,0.01760685497624198
44078,0.31530633081677983
44079,0.008795462798042036
44080,0.028403602543123144
44081,0.1267752315795445
44082,0.02621114930679063
44083,0.02053106071522811
44084,0.0871517297886227
44085,0.09770648215767384
44086,0.16130824241810682
44087,0.04920303789710892
44088,0.030537844721584273
44089,0.05560115407769436
44090,0.10039999880015459
44091,0.021653644818024776
44092,0.014627797546027645
44093,0.03917983766441698
44094,0.07232467550023751
44095,0.24180883016651086
44096,0.012306782930016493
44097,0.03051801337034788
44098,0.16896912708597933
44099,0.06365752317163831
44100,0.057496448464119276
44101,0.02858186889634358
44102,0.274388506649535
44103,0.12695465830608968
44104,0.012248819212599304
44105,0.12287486361093194
44106,0.024784632332000244
44107,0.03210219948507534
44108,0.064735915781716
44109,0.0705286574136231
44110,0.050340664404720056
44111,0.052611150142290564
44112,0.140260038509176
44113,0.2718318755732995
44114,0.03922681734878682
44115,0.03887329094129824
44116,0.022922798564382906
44117,0.016548374676905907
44118,0.051867375429296765
44119,0.1458775450929343
44120,0.31854063897819296
44121,0.15961280907153977
44122,0.03089045600878787
44123,0.12080195196313062
44124,0.05424222713131096
44125,0.13501477306365564
44126,0.09899641996490133
44127,0.049344326458614245
44128,0.042248056306386964
44129,0.028476980454493234
44130,0.03534187724614368
44131,0.019238371131387728
44132,0.03570554612564433
44133,0.035375554380631044
44134,0.03955407766233451
44135,0.02057223696678331
44136,0.08451892985446732
44137,0.041362167280926856
44138,0.07001331164653012
44139,0.008435504970872146
44140,0.011420904302095693
44141,0.01737572761087755
44142,0.1164824021668964
44143,0.02787539559090457
44144,0.06168501822893835
44145,0.07539034143714499
44146,0.023606306960796068
44147,0.06501923894735057
44148,0.0876984126127874
44149,0.10753415851680447
44150,0.05120407074742605
44151,0.06031691457301705
44152,0.06354892283475436
44153,0.03588803190333462
44154,0.10233767665750873
44155,0.04949011867108491
44156,0.051842673181281745
44157,0.2608588401825195
44158,0.048483294490751686
44159,0.022688084265132535
44160,0.06128791171125654
44161,0.04090834580338375
44162,0.10857886738021277
44163,0.02817382627014849
44164,0.284055596597287
44165,0.02331958008741741
44166,0.023675905413751946
44167,0.09495184207303846
44168,0.05751468670499021
44169,0.11288484056848105
44170,0.018330248256202223
44171,0.052091846548629445
44172,0.025048205977240175
44173,0.029895935291644894
44174,0.026890717606541454
44175,0.05767319093856259
44176,0.06773030199068623
44177,0.037352367795778475
44178,0.04217961958965308
44179,0.028038945586682275
44180,0.07311791163671164
44181,0.030651707047294568
44182,0.01033125043980608
44183,0.09270512478054527
44184,0.025843318379678914
44185,0.07507338947968856
44186,0.030021548185985396
44187,0.014913530170943181
44188,0.08976779391830181
44189,0.059697423194339724
44190,0.10427477769612092
44191,0.03667792492238473
44192,0.05543447587361556
44193,0.03274459538398369
44194,0.033318127254286234
44195,0.015232755346290951
44196,0.021757917702526934
44197,0.02320559195110211
44198,0.11884829645677523
44199,0.05026151987288324
44200,0.012608757490704336
44201,0.01923951113997579
44202,0.13972632773121363
44203,0.19306145077735937
44204,0.09207669845774634
44205,0.14395636753158125
44206,0.07415302467670427
44207,0.03190984789185463
44208,0.038387970207416626
44209,0.023985269265374726
44210,0.0191577218815843
44211,0.13361631732246732
44212,0.03447149312539575
44213,0.06119281944012241
44214,0.10073094611334565
44215,0.04421878371053513
44216,0.054224259865418095
44217,0.03075847812987078
44218,0.0700557368017314
44219,0.05500512724915192
44220,0.0405674335749298
44221,0.06263248119360679
44222,0.010345153947497814
44223,0.08086398775949805
44224,0.01029099557251991
44225,0.06506762466667465
44226,0.030575374315947028
44227,0.07521986742654828
44228,0.052860069811736465
44229,0.01844758981493571
44230,0.07778044590603402
44231,0.0991077910219049
44232,0.17111169752705763
44233,0.13368949236189742
44234,0.07749552579832061
44235,0.02756750420066284
44236,0.05148026289481312
44237,0.013065690191779531
44238,0.06615652018046085
44239,0.024023587224045233
44240,0.06005620220886273
44241,0.018882450878052976
44242,0.049856415772878075
44243,0.0228242012906731
44244,0.05719067536285581
44245,0.07711773846383305
44246,0.025296387727164964
44247,0.0205026876733293
44248,0.027800637956166066
44249,0.12452500538219599
44250,0.03473436693203418
44251,0.04505798735703751
44252,0.09297280479330952
44253,0.00830503032536798
44254,0.069325127929804
44255,0.015405153823842641
44256,0.027906628094037194
44257,0.08413084240771034
44258,0.014296137501916016
44259,0.02702681677781613
44260,0.16510322798713095
44261,0.36284875134261757
44262,0.20396645078894882
44263,0.020786247910430225
44264,0.1556489127034346
44265,0.1212614362398837
44266,0.0295785862369354
44267,0.08015456622112022
44268,0.04888711256873273
44269,0.018227150912770218
44270,0.03023210930616228
44271,0.030366113988581155
44272,0.03470636268379558
44273,0.07994370608819976
44274,0.01929962951256209
44275,0.2436042445618624
44276,0.020953792371211234
44277,0.2492120857367816
44278,0.02669748606046405
44279,0.17493894798486076
44280,0.03752103691786682
44281,0.39725930545351473
44282,0.11722586462055358
44283,0.013626136489491411
44284,0.03659305744014225
44285,0.05235715398799256
44286,0.07472606853032238
44287,0.04684411052844798
44288,0.4691599036011982
44289,0.024491350421007176
44290,0.03162635686652455
44291,0.02485447049362531
44292,0.11496958147061948
44293,0.10339569286839542
44294,0.06261570399753202
44295,0.1375810828240585
44296,0.0527067467938577
44297,0.043910827129580506
44298,0.039240591263630414
44299,0.026009248270815792
44300,0.033599480503719206
44301,0.22379733519875922
44302,0.05175994969021938
44303,0.04538121878626667
44304,0.058089971075861474
44305,0.05854589700978727
44306,0.03159368772851914
44307,0.07420120230512724
44308,0.019030858887696518
44309,0.041299035334758136
44310,0.04131151820824234
44311,0.017851297770433615
44312,0.06871936013005231
44313,0.12522918731824073
44314,0.030105677041037136
44315,0.06474961975208716
44316,0.043087652384734006
44317,0.41077845413133085
44318,0.0356599832359333
44319,0.12070233450350187
44320,0.017191644778465423
44321,0.012637465757697069
44322,0.054626989280727026
44323,0.011329901753593278
44324,0.009498171448364852
44325,0.08301329303216806
44326,0.014549273342242673
44327,0.10560569324569297
44328,0.011041422616401205
44329,0.02987722493874839
44330,0.034668091160707924
44331,0.017434011910091193
44332,0.010108128939061614
44333,0.025326247002493776
44334,0.025844639902941613
44335,0.028421490036411524
44336,0.07155729419755757
44337,0.05222703070551296
44338,0.05655803848001026
44339,0.015601958633085469
44340,0.06028698257397959
44341,0.19422437125007014
44342,0.03010624404341701
44343,0.019511490515064154
44344,0.06089259651412643
44345,0.06202327142592677
44346,0.02834982857623606
44347,0.024697211365480636
44348,0.023479337225626777
44349,0.024969035711421464
44350,0.08452761977076391
44351,0.14588916099541904
44352,0.059270278015192
44353,0.056470309131561806
44354,0.04498291151066694
44355,0.016585378471049322
44356,0.12254721074981195
44357,0.026717313340810338
44358,0.06520059252158841
44359,0.07654864695501112
44360,0.035450404344923234
44361,0.05460742292208713
44362,0.027412522753885425
44363,0.02467123597963016
44364,0.02260627191364393
44365,0.05138741516041495
44366,0.04344637725228011
44367,0.05155855405230732
44368,0.025009312743036534
44369,0.06371155363408798
44370,0.07824798818411077
44371,0.036956738318312636
44372,0.01574703195719676
44373,0.018378058918033277
44374,0.011489405617770631
44375,0.09183603730671833
44376,0.2623756301151553
44377,0.4278173747241125
44378,0.009381796709648983
44379,0.04150783370421386
44380,0.0485974500568085
44381,0.07079580741904058
44382,0.15398582752465376
44383,0.024074168592919963
44384,0.07104004578358608
44385,0.05011211202406246
44386,0.06801089920931101
44387,0.14624445954095017
44388,0.04669665408962805
44389,0.11991014378464541
44390,0.01770399193615598
44391,0.1533125635200835
44392,0.04761603016918543
44393,0.09642689603244249
44394,0.13201749300367993
44395,0.0330442558563173
44396,0.05433775427027937
44397,0.018949537344347345
44398,0.10119365137866508
44399,0.047122968560482745
44400,0.10315017135817126
44401,0.038554420260182576
44402,0.014965566636977857
44403,0.020812442346961696
44404,0.0791221206786836
44405,0.7447689778463472
44406,0.36221558623779926
44407,0.06530109743641507
44408,0.01810231418631791
44409,0.027747736183496782
44410,0.10595994659625016
44411,0.009807529508721595
44412,0.017498419589307708
44413,0.018181793142914626
44414,0.026857974387156137
44415,0.014804279703193646
44416,0.18367055911248792
44417,0.18221623661250763
44418,0.012098883689087982
44419,0.4086198002287598
44420,0.04294779647592075
44421,0.07139601064884979
44422,0.03763916324604226
44423,0.09572932547876885
44424,0.026443596621650543
44425,0.06301151230216824
44426,0.03860925662289886
44427,0.015009118050401955
44428,0.05108901781507638
44429,0.1665506961106893
44430,0.033367593988648275
44431,0.023295067309606163
44432,0.029460984922147965
44433,0.19468723464515325
44434,0.032872691205638044
44435,0.0617690305036971
44436,0.05483323105408993
44437,0.08386020071186015
44438,0.20473712674243633
44439,0.029677573281168122
44440,0.22431359103417348
44441,0.04276373002750125
44442,0.11012039247487393
44443,0.03197995069799566
44444,0.02390643760554959
44445,0.048797067752135076
44446,0.08507463433978464
44447,0.09618573850523676
44448,0.05315437523429399
44449,0.07385284535243453
44450,0.018453465592292623
44451,0.012486741821520304
44452,0.05562393589852131
44453,0.018608992048190675
44454,0.030852429332060068
44455,0.11886224440397311
44456,0.046349059241412575
44457,0.02064127015654859
44458,0.027714888508005374
44459,0.042848838746042256
44460,0.1756188151620511
44461,0.02453614782401145
44462,0.07905713914254837
44463,0.06935365202146006
44464,0.017448071144441624
44465,0.01583739417776809
44466,0.09237084876705551
44467,0.048068479131110405
44468,0.1262053158109088
44469,0.021055124372765584
44470,0.13662607686197187
44471,0.020382429991972074
44472,0.020715702880440993
44473,0.07113060020720366
44474,0.01504414114281226
44475,0.06952945823345577
44476,0.08734269700616368
44477,0.03298380018661999
44478,0.13478412206748214
44479,0.14851606541888135
44480,0.01566986229985823
44481,0.060482636819041105
44482,0.06572779684477081
44483,0.0339173978356629
44484,0.014590136054001914
44485,0.02916437202878839
44486,0.01692917578166489
44487,0.016769555315997754
44488,0.03572762256551053
44489,0.11528025491240945
44490,0.016249119938432508
44491,0.017187263388561774
44492,0.02810537509581954
44493,0.052425405091797286
44494,0.02283186052013697
44495,0.05695784102510329
44496,0.065487001823887
44497,0.720124676954957
44498,0.05271654404936778
44499,0.025916550104784726
44500,0.12121650649263538
44501,0.016034678532403975
44502,0.05362123945247439
44503,0.04849048233698718
44504,0.03447889652085276
44505,0.1125599755768324
44506,0.06252123862214591
44507,0.016863849857128865
44508,0.02503837458724779
44509,0.04747494376609259
44510,0.11199163737359152
44511,0.1057129275825148
44512,0.07461342587597147
44513,0.025414461005104735
44514,0.0668500137101317
44515,0.01706138725426314
44516,0.19652925476998578
44517,0.013303376901532164
44518,0.02781793150411398
44519,0.03794404420075497
44520,0.13832846006092517
44521,0.02528449045899234
44522,0.017684620781575594
44523,0.02989294428848465
44524,0.1127324443651351
44525,0.03172129105290242
44526,0.26803374094867677
44527,0.015602471211716509
44528,0.05223568772601592
44529,0.040908249299552016
44530,0.09803743952811855
44531,0.09948069529421075
44532,0.04502060351437813
44533,0.032560741549641975
44534,0.0332920739646662
44535,0.15147067343368592
44536,0.04456072849380518
44537,0.027478982266381933
44538,0.02888532646466348
44539,0.15837541480230855
44540,0.040795376252263045
44541,0.17648619604659183
44542,0.025174798437352285
44543,0.017710242570743585
44544,0.04798016085379337
44545,0.2156738706673121
44546,0.028138003217316028
44547,0.01577340962431876
44548,0.30693070625953056
44549,0.019997665321514896
44550,0.05976355107155196
44551,0.014521204458157865
44552,0.047950793688643446
44553,0.01880242725813891
44554,0.04723508215368444
44555,0.028596981989889657
44556,0.050442032511668664
44557,0.031804540609508235
44558,0.023737043478532872
44559,0.016882406554120558
44560,0.030293831544259762
44561,0.027505813265494485
44562,0.0744964322300175
44563,0.010445238968249042
44564,0.018948944617648688
44565,0.13317717032860787
44566,0.07015699611353357
44567,0.01512349503903602
44568,0.09631621744556253
44569,0.07777044250283414
44570,0.02036705069315374
44571,0.02442027335214396
44572,0.012127302241898006
44573,0.011214974342075917
44574,0.07015341840238298
44575,0.19019142905536207
44576,0.029653227739405902
44577,0.039683774656726165
44578,0.030022939428915436
44579,0.05996237978885777
44580,0.04614044605897716
44581,0.022600689491423402
44582,0.012332649512574023
44583,0.040438657976410476
44584,0.05366273375570952
44585,0.1913399934163394
44586,0.04931188943630821
44587,0.041580099900787114
44588,0.051754750204442104
44589,0.02958341091446126
44590,0.041330578114088606
44591,0.09346519608984782
44592,0.01604734647482479
44593,0.25226674036865704
44594,0.019646460508469896
44595,0.05977511626810467
44596,0.04972080154261926
44597,0.100402185868874
44598,0.04279338564898778
44599,0.18640912658741254
44600,0.023990115246923238
44601,0.04729421839376538
44602,0.05651302079144452
44603,0.025175188576805875
44604,0.11517063213649868
44605,0.05270659255964762
44606,0.05721663511469943
44607,0.06356227149927812
44608,0.030471140311463904
44609,0.04005323375549397
44610,0.04343435696986256
44611,0.16191398837442111
44612,0.05596418558040678
44613,0.06682465436800246
44614,0.014943638337326561
44615,0.02362254133168524
44616,0.07108476928715954
44617,0.029971597877841604
44618,0.055196408446555496
44619,0.028152840865764212
44620,0.1615430415661353
44621,0.1517130149140166
44622,0.1308757754522041
44623,0.009637028365419298
44624,0.01890144718931193
44625,0.16271366700464082
44626,0.14263017338015094
44627,0.03685280894239575
44628,0.17125989924058904
44629,0.01533402479092366
44630,0.022378192932665304
44631,0.029999108444234132
44632,0.10668126772081522
44633,0.037200332678388306
44634,0.13938008284498432
44635,0.10328778746186053
44636,0.056764297146621095
44637,0.6263967327633152
44638,0.02247477978863284
44639,0.06799013647258144
44640,0.06160777179644636
44641,0.04439419097083107
44642,0.09319823019268084
44643,0.056825930710834555
44644,0.009698493946870463
44645,0.06149302788155486
44646,0.040022358362786475
44647,0.018026630267707445
44648,0.02934262865976066
44649,0.07155922254719058
44650,0.038494477908528967
44651,0.036628938917509284
44652,0.05191835802844794
44653,0.05085947695472284
44654,0.03512051901000675
44655,0.09127095912445399
44656,0.022087397297024646
44657,0.03266412471819889
44658,0.027343796395242842
44659,0.033265118868064936
44660,0.05087103904995571
44661,0.033645569012714135
44662,0.07436266674665393
44663,0.17911993791601505
44664,0.13940850636327634
44665,0.049143750204527825
44666,0.08729136814784885
44667,0.05981285268078271
44668,0.03914607857757248
44669,0.049077769058058586
44670,0.02824642571287069
44671,0.03142187375291666
44672,0.04294896379831204
44673,0.020900284986763405
44674,0.02469700807434618
44675,0.02236101675020935
44676,0.32861539484361957
44677,0.023823929198114477
44678,0.03200271218240018
44679,0.0653437145733377
44680,0.039423177204434764
44681,0.029205930822874086
44682,0.017545489126897525
44683,0.14317590869313718
44684,0.03527109547655503
44685,0.035666390898531075
44686,0.13814019913896772
44687,0.024365384211534204
44688,0.09504737342967988
44689,0.08674834519812069
44690,0.12517645209281258
44691,0.00914198521095847
44692,0.17590172013743005
44693,0.029228481062853588
44694,0.021874161038694818
44695,0.40403034023498896
44696,0.08650069190601546
44697,0.12076404118238984
44698,0.1113088634029954
44699,0.04340354292485491
44700,0.053336305612697185
44701,0.019987060931720653
44702,0.09086793220583594
44703,0.2378875733832413
44704,0.02089461507766491
44705,0.23751896644050813
44706,0.05229267534991391
44707,0.037387298558252804
44708,0.10545889394525643
44709,0.06177904641595157
44710,0.037364157914770005
44711,0.013396120136058513
44712,0.5801590654256572
44713,0.032134979297346676
44714,0.22626764395680482
44715,0.02007795399838752
44716,0.034455641538976005
44717,0.04055805872038565
44718,0.06220374717556253
44719,0.035542574045364345
44720,0.07469282220370523
44721,0.04404723851469485
44722,0.08799769385622828
44723,0.029998596253351474
44724,0.011307855652906297
44725,0.027742089397770082
44726,0.02527466464710988
44727,0.019716522771902376
44728,0.11292675581646208
44729,0.07362446501022318
44730,0.03628976833655371
44731,0.34494159251887047
44732,0.01876756761627379
44733,0.048705296360968486
44734,0.035589466947205786
44735,0.05055730939836514
44736,0.1513197103931901
44737,0.026785266752683872
44738,0.06798356701111487
44739,0.09946179690437122
44740,0.02425582267076667
44741,0.05876176643003027
44742,0.1788693412241475
44743,0.13499344702304095
44744,0.021367839919492263
44745,0.04273186414586224
44746,0.04136792518267858
44747,0.012176239128211041
44748,0.009146663284759111
44749,0.05459557960700592
44750,0.17823503376500013
44751,0.05541368482548332
44752,0.40833875161870764
44753,0.04895157579118263
44754,0.0468028393289059
44755,0.07125715082279596
44756,0.050566638230097605
44757,0.0800399328746415
44758,0.0428263741547338
44759,0.03237123032489981
44760,0.049077381681588
44761,0.06690135922629428
44762,0.05191657917944061
44763,0.049487838563113784
44764,0.01910429491377809
44765,0.01256705055106987
44766,0.11018698893472945
44767,0.026620323899585317
44768,0.08023971125352675
44769,0.22671529934257525
44770,0.0214435601830001
44771,0.04980380248712535
44772,0.03331951026735755
44773,0.050024114557614734
44774,0.11109749157958301
44775,0.16859396962044215
44776,0.2742353991834239
44777,0.05903222639858385
44778,0.0961865097390641
44779,0.18754570235706383
44780,0.06307171058275404
44781,0.058084790733779965
44782,0.031392390849886376
44783,0.06945858426686992
44784,0.04345809489780886
44785,0.01175949832308268
44786,0.06769823634002589
44787,0.25515301753007963
44788,0.08422099705172388
44789,0.08479243863428891
44790,0.0856307403230753
44791,0.05557036584749655
44792,0.05702024972896037
44793,0.03181536598186427
44794,0.05465909786629668
44795,0.011087666076769722
44796,0.05053750971490513
44797,0.06762680271196031
44798,0.02958643937236254
44799,0.06969429590788645
44800,0.025771245765685603
44801,0.01868315556082917
44802,0.03825002623874342
44803,0.09006760652190499
44804,0.013288347806435227
44805,0.08806330548180595
44806,0.19641828581658666
44807,0.04909302455328915
44808,0.08558090422280878
44809,0.07905918966736306
44810,0.030661123219968462
44811,0.05972088239299478
44812,0.13592217224729292
44813,0.12256545583204317
44814,0.14570766115910078
44815,0.03582710948195199
44816,0.008815459638019335
44817,0.05212941123818832
44818,0.025573123626015465
44819,0.028892239646529757
44820,0.027676603315912693
44821,0.055734102083421
44822,0.08610239194217705
44823,0.017380119702808512
44824,0.23149912756931917
44825,0.0786357797680228
44826,0.01790303529209922
44827,0.0416567208190265
44828,0.09298861690313019
44829,0.026366825230908116
44830,0.02681886784994751
44831,0.05332079206520934
44832,0.19600008713953243
44833,0.12529761353587068
44834,0.07820094413989767
44835,0.13048100526869433
44836,0.13785954315248355
44837,0.047300618685167814
44838,0.025439002924292832
44839,0.04701304318880921
44840,0.03153166868969971
44841,0.036450705296653244
44842,0.01325057503349827
44843,0.16782991663930286
44844,0.029080869495180295
44845,0.046787835247255244
44846,0.02297701592002238
44847,0.016979313768649588
44848,0.029870417298801424
44849,0.21651278237887311
44850,0.04260116968142085
44851,0.012023747559384613
44852,0.14980986154793496
44853,0.04468481928741793
44854,0.07262755208011405
44855,0.1858496175977856
44856,0.04544873926635412
44857,0.03162315214588009
44858,0.13443213855353195
44859,0.1000503146232616
44860,0.026681951991708877
44861,0.010058551736762648
44862,0.1453588212827468
44863,0.020332807215238224
44864,0.0525855710140671
44865,0.007469286510846815
44866,0.09005279619878152
44867,0.03671752122229588
44868,0.04308325665126474
44869,0.028606363095783377
44870,0.030583839158650695
44871,0.17131805947768747
44872,0.011021572971414092
44873,0.05862971675375479
44874,0.018667816779768902
44875,0.06587632728146967
44876,0.03530880747785454
44877,0.1047983338523467
44878,0.01809190190358019
44879,0.06035437286184806
44880,0.013639193712663679
44881,0.024694712706185312
44882,0.021111339443451695
44883,0.026525136734906855
44884,0.07567781480116952
44885,0.020601020183079792
44886,0.04828661224026417
44887,0.1019878253840342
44888,0.015642056956180386
44889,0.039191054436697494
44890,0.04432652588959567
44891,0.07874727724785083
44892,0.0392247635563891
44893,0.032843640828851633
44894,0.16188683886648797
44895,0.031427409665997386
44896,0.19093686276234045
44897,0.03289541705525166
44898,0.08395056519942845
44899,0.023311200122315218
44900,0.04031617922011407
44901,0.025547859437355484
44902,0.06886313683036471
44903,0.01322449297792441
44904,0.2248892617761497
44905,0.031281963504891555
44906,0.08556059171128588
44907,0.0861288276787836
44908,0.04202716432221945
44909,0.1918166268103709
44910,0.027910004693525926
44911,0.05005748951508393
44912,0.11249991951712471
44913,0.01255820712121639
44914,0.21057190349136504
44915,0.01583487238024627
44916,0.0349093219546434
44917,0.02159436609609578
44918,0.04470848185729641
44919,0.03883223298861729
44920,0.06061123238186586
44921,0.09589661330090415
44922,0.05368046735503965
44923,0.02356371313910476
44924,0.12868965755858017
44925,0.0281872897142446
44926,0.019405111576532644
44927,0.0569573125818638
44928,0.04955867632819845
44929,0.043590921227499184
44930,0.07389108298732348
44931,0.04761316059066212
44932,0.07003394545528949
44933,0.20808989758817137
44934,0.0356992385154904
44935,0.011576722087070564
44936,0.02463611614445866
44937,0.33131295843380903
44938,0.1020489592298276
44939,0.038106730489877366
44940,0.035951484294086705
44941,0.049017012599928377
44942,0.018453389040227367
44943,0.030374832009199326
44944,0.04036995036225787
44945,0.06667577899263524
44946,0.033623283366377786
44947,0.018513983054202408
44948,0.10097797410237279
44949,0.04611690812984695
44950,0.027132811991141998
44951,0.0539130015302738
44952,0.07989073071484495
44953,0.015166450944308822
44954,0.14877064323077213
44955,0.0307304431245486
44956,0.1973818373743235
44957,0.039530626314666015
44958,0.02067244543692747
44959,0.011568215453705627
44960,0.030282021672067366
44961,0.02663047781750834
44962,0.04350244604643352
44963,0.11353531681011203
44964,0.08906026195950087
44965,0.020744302760838974
44966,0.17481626954628507
44967,0.032749744065989905
44968,0.013519333836067933
44969,0.027189104087124653
44970,0.05780831814581985
44971,0.16658761783290904
44972,0.0375647611393453
44973,0.04358844790878878
44974,0.01686663966561409
44975,0.1023878815468051
44976,0.012425497208486205
44977,0.009509873310166093
44978,0.3309784302841562
44979,0.030233270728389876
44980,0.02124460492361111
44981,0.269552372012651
44982,0.04410594628340558
44983,0.5100652099790028
44984,0.23038243377380982
44985,0.02240022553207876
44986,0.04477622534705885
44987,0.2347733827994591
44988,0.018576881941941202
44989,0.09000939182993811
44990,0.17127897639660725
44991,0.1703495151639836
44992,0.03501980232550292
44993,0.08021090356721564
44994,0.025543289269190528
44995,0.03911348379804776
44996,0.06560739216417563
44997,0.076438417980058
44998,0.05142593482522042
44999,0.05511901065210445
45000,0.017788317732326787
45001,0.14300157108804945
45002,0.2093552644939161
45003,0.017756651462162293
45004,0.022833117729491773
45005,0.12330996906627882
45006,0.013026878428979404
45007,0.048110083212310396
45008,0.03352598179751616
45009,0.014875462287180162
45010,0.12094909099353053
45011,0.08576690364998057
45012,0.011446955318530289
45013,0.052235603357554186
45014,0.048486507836969756
45015,0.06872725155754641
45016,0.024091728687211746
45017,0.025752821645044742
45018,0.015931574442857952
45019,0.2402828847522146
45020,0.0450438917951246
45021,0.0609156949245919
45022,0.04529594780608212
45023,0.08723896774587639
45024,0.04896298675940999
45025,0.05305586909503586
45026,0.10620479909491415
45027,0.04587149352899965
45028,0.04045593218029589
45029,0.010401618524769521
45030,0.10021861884956702
45031,0.03523939097735674
45032,0.01705838780869532
45033,0.06564119903805263
45034,0.012273188641044583
45035,0.012935153193076513
45036,0.031635676532067364
45037,0.04498760369401057
45038,0.037964342693116535
45039,0.0974096349762881
45040,0.6185172140622781
45041,0.38625522913070864
45042,0.035238497234648454
45043,0.03591691075840315
45044,0.01163526591979843
45045,0.030355336411927288
45046,0.0995080064030531
45047,0.011903930643709591
45048,0.13693282228586245
45049,0.027705406348329232
45050,0.07680276858048654
45051,0.02462869530753693
45052,0.036039421694363194
45053,0.10023110377393757
45054,0.0561757959281179
45055,0.024952764382841625
45056,0.1980686920013014
45057,0.05641443394311901
45058,0.4731318507248062
45059,0.1776464191251567
45060,0.04091716006879067
45061,0.025645162761337093
45062,0.014550859260601411
45063,0.08959981836893419
45064,0.09998817341757463
45065,0.16375609988713397
45066,0.04080293511847122
45067,0.017810794069924283
45068,0.03809325679353611
45069,0.013772372752594467
45070,0.049538683095249274
45071,0.03452518134463902
45072,0.13699189356389654
45073,0.009852531362215818
45074,0.022657761789508
45075,0.028561380150436504
45076,0.032876940529555185
45077,0.01713241215978634
45078,0.12795243416572288
45079,0.0283900945523067
45080,0.029506724766203356
45081,0.040890407446894206
45082,0.019691590398330554
45083,0.03413741745510475
45084,0.015816436102701607
45085,0.01947392529622014
45086,0.014343711071448582
45087,0.2358729011526694
45088,0.02940423048461159
45089,0.24592267520945657
45090,0.06438681973717839
45091,0.037122002881844904
45092,0.04307494878889376
45093,0.09318142261871053
45094,0.04038714625228937
45095,0.06819874466918283
45096,0.10339194806762922
45097,0.02994037455129141
45098,0.02860024579504114
45099,0.032940058821235026
45100,0.0714343772240073
45101,0.057322164779263135
45102,0.04641449951593754
45103,0.07109733160826939
45104,0.05785344212412673
45105,0.011857331016712502
45106,0.025845956036922017
45107,0.02907265370220481
45108,0.016609483798687645
45109,0.04544755716087627
45110,0.06502308042454011
45111,0.09599447079988951
45112,0.04859837458679886
45113,0.032374117904062416
45114,0.021688326633055175
45115,0.2759483721650272
45116,0.01574962520232163
45117,0.012072282689425215
45118,0.008741612323852519
45119,0.019742642117486397
45120,0.03295635967461176
45121,0.06643921489246105
45122,0.023267268907058505
45123,0.08172497377886043
45124,0.1266220477065523
45125,0.04796417885122001
45126,0.05383754392408214
45127,0.017826245942643183
45128,0.02794099781389734
45129,0.07140921209612704
45130,0.04220512296452152
45131,0.0631721213552057
45132,0.01518074723349196
45133,0.13308632408558568
45134,0.02854298991247964
45135,0.044548573276589475
45136,0.8553070445121476
45137,0.014567715821331926
45138,0.020935542649019406
45139,0.010926949726969063
45140,0.028215828705632332
45141,0.05052759543547327
45142,0.029028323857006773
45143,0.028664696391931827
45144,0.11598475243613626
45145,0.03617592501062297
45146,0.03436474475705197
45147,0.03500581880659699
45148,0.07583116254677753
45149,0.07495537652159136
45150,0.02120412978543812
45151,0.12093473822484843
45152,0.04784855053508192
45153,0.0622857733060531
45154,0.0795940664428408
45155,0.04433510642675119
45156,0.04654887611733159
45157,0.017681496758650776
45158,0.028176451721493245
45159,0.018749085621950295
45160,0.03625465131080981
45161,0.014814536145213799
45162,0.26073329996147915
45163,0.050120619528471924
45164,0.06534175865109565
45165,0.052755318653666804
45166,0.3066438745475928
45167,0.06530986136001085
45168,0.019470896806857062
45169,0.018172000217228458
45170,0.028066885390507015
45171,0.023392480031877945
45172,0.48224137719174276
45173,0.03424424126959723
45174,0.03773793472055753
45175,0.04673191749690523
45176,0.011307970551490316
45177,0.05146735240599645
45178,0.1636149159869515
45179,0.1839134139170441
45180,0.03413473844428943
45181,0.09898854259311132
45182,0.03219985363851646
45183,0.05743973692780523
45184,0.023813747812045087
45185,0.06097096856975259
45186,0.03459452864900235
45187,0.07691284196709464
45188,0.02561077136054312
45189,0.012140217090513421
45190,0.0689674066846097
45191,0.16534729267332848
45192,0.011379275505957817
45193,0.11618630902444613
45194,0.05757851159264882
45195,0.064120454350619
45196,0.16512929255960496
45197,0.07495468275039631
45198,0.03835821930843961
45199,0.043757133467850144
45200,0.042407762738384355
45201,0.31988229551386804
45202,0.03071779333708455
45203,0.02438725362915926
45204,0.07596199722252937
45205,0.12619410803435213
45206,0.062089765118199136
45207,0.030749521547638797
45208,0.07071743311107305
45209,0.05332734695328708
45210,0.042041823214651323
45211,0.05717293058770228
45212,0.14623734046013406
45213,0.09528380107722384
45214,0.015626727088145297
45215,0.25705183324839304
45216,0.01963922149377425
45217,0.025965728128916087
45218,0.017659122693581202
45219,0.15689830057246634
45220,0.03811755425331739
45221,0.01654379030427305
45222,0.046283358090426746
45223,0.2419418417482433
45224,0.1471559122365382
45225,0.09841742196141182
45226,0.007124770971139333
45227,0.05798579739426614
45228,0.031060013681164962
45229,0.050113597394748216
45230,0.061043704195418616
45231,0.03381983894643895
45232,0.02526833241104016
45233,0.02850571472735803
45234,0.21197681367969354
45235,0.03400834920267848
45236,0.08884735933314074
45237,0.05556436107098503
45238,0.06950974011522623
45239,0.03045910006158068
45240,0.04471401946363571
45241,0.08506032717593999
45242,0.08767709312844581
45243,0.10738518542459144
45244,0.05749154472185704
45245,0.032900557734638985
45246,0.02764485588906521
45247,0.20904428343345127
45248,0.04706694393599311
45249,0.13004293105679346
45250,0.03614604869561325
45251,0.167119849580832
45252,0.10410435244161118
45253,0.0414462286273376
45254,0.07049286058779143
45255,0.49343956882447126
45256,0.06462393759127423
45257,0.011573339237112356
45258,0.024545199888987228
45259,0.036010750008987256
45260,0.15520254714112003
45261,0.1319254290486746
45262,0.1053412840715217
45263,0.049696729160093434
45264,0.030198598865594867
45265,0.024665814690203017
45266,0.06110540350330204
45267,0.030225524645506895
45268,0.04342206826715668
45269,0.016278477150715284
45270,0.02092719764726217
45271,0.09020205492996769
45272,0.02104422122962154
45273,0.09118577602646155
45274,0.03912252637272869
45275,0.06507065848194639
45276,0.020863294598684433
45277,0.062296387897419064
45278,0.023024563032941953
45279,0.015723573447161625
45280,0.022409282737476253
45281,0.022598076425022234
45282,0.061650784230051534
45283,0.16211901044746244
45284,0.10009276254333196
45285,0.26859681677551944
45286,0.021537160010954556
45287,0.06601405306579751
45288,0.06278634255706188
45289,0.07023170795549792
45290,0.07496748466889089
45291,0.014142418870758865
45292,0.12492919581871934
45293,0.07599001136283456
45294,0.03351012216858418
45295,0.0424867759616026
45296,0.025652844603808372
45297,0.0375916182620577
45298,0.028142290060635018
45299,0.08190370879080233
45300,0.0341447501295654
45301,0.19598799611733775
45302,0.07078566870847945
45303,0.03894247618212571
45304,0.2335629834443396
45305,0.03219602781053681
45306,0.04253836028123731
45307,0.04606463135687299
45308,0.07071838273537304
45309,0.01696154038682743
45310,0.12241576608580018
45311,0.07243241244062065
45312,0.03905326350443215
45313,0.0133245634275791
45314,0.10879267961740335
45315,0.029838904556141896
45316,0.020090731857421978
45317,0.02307658482822319
45318,0.06805272722470146
45319,0.040228074513321145
45320,0.014236476565806084
45321,0.2170177925435091
45322,0.07744562656096207
45323,0.04437011189912228
45324,0.14874698034630074
45325,0.013353811436189177
45326,0.02452211397709561
45327,0.022893273291270826
45328,0.160502818602332
45329,0.03973232372993234
45330,0.3313921654625517
45331,0.04675631824905478
45332,0.036638461347992146
45333,0.019203802883388486
45334,0.09102879328337705
45335,0.0197834148711322
45336,0.03265349878357694
45337,0.009162832168580274
45338,0.032414043842664456
45339,0.021325008748200557
45340,0.05581211177713245
45341,0.07421265709052911
45342,0.026936139777172588
45343,0.0469797283478354
45344,0.10558741967211215
45345,0.04414517536047207
45346,0.0719069404242229
45347,0.12068995892713096
45348,0.039653851925379686
45349,0.060470763870210276
45350,0.07623051631929971
45351,0.034946792057786426
45352,0.05521293900470077
45353,0.02318654324201673
45354,0.028288366800678713
45355,0.05007888045264248
45356,0.08723819664597976
45357,0.07949436155151986
45358,0.17363907449712448
45359,0.15480980680218
45360,0.07851681206220928
45361,0.014681616379981343
45362,0.05661431610895483
45363,0.03844201945700167
45364,0.03843259517254808
45365,0.02795208311782328
45366,0.20993747624505987
45367,0.2115022510344211
45368,0.02070203818859272
45369,0.029301957391875244
45370,0.2783700564697425
45371,0.017976666219068696
45372,0.03346251818608542
45373,0.028716485987077146
45374,0.03762048956135261
45375,0.08120609661568867
45376,0.03905769029176012
45377,0.06548641682929714
45378,0.08926007716711422
45379,0.008810066498111935
45380,0.013284120408351996
45381,0.07612525459425419
45382,0.05424417038254105
45383,0.057500505735483994
45384,0.029989170012149766
45385,0.09670330912038305
45386,0.05475744016714051
45387,0.02075209295753116
45388,0.20630513781984922
45389,0.06513942346638076
45390,0.04219797456181789
45391,0.19052383963234792
45392,0.21081233783909492
45393,0.08388492957846005
45394,0.0825436842013913
45395,0.06732873075808919
45396,0.09273029416921488
45397,0.0818649133757442
45398,0.07474392406411935
45399,0.04785182215398884
45400,0.13493080866313717
45401,0.0630145729691079
45402,0.045518579320379914
45403,0.038462992256427936
45404,0.2518169721248474
45405,0.043158806854759896
45406,0.045506897931658255
45407,0.11517110668301257
45408,0.08702385443014371
45409,0.16121967503978535
45410,0.12089617517073772
45411,0.037421489371151556
45412,0.0225267400238581
45413,0.06420404272215419
45414,0.06088110534643779
45415,0.04423592798293804
45416,0.02472109048193702
45417,0.051411518006416836
45418,0.05153978434699404
45419,0.10026834736122298
45420,0.19237817543067298
45421,0.14352500602427737
45422,0.02352798506974301
45423,0.05772884257289722
45424,0.03761150298692503
45425,0.049378817788861926
45426,0.020714780459494587
45427,0.04105662992266737
45428,0.09853091342477052
45429,0.07645451513169642
45430,0.03422075721640007
45431,0.0683675207602514
45432,0.05294189208369271
45433,0.03843641904330651
45434,0.030758768980901068
45435,0.06622504860294119
45436,0.024665447313725226
45437,0.01625750038960733
45438,0.10579088211504217
45439,0.07009292473190143
45440,0.03555076109740604
45441,0.04018175477888865
45442,0.01874656466646934
45443,0.01962968986783432
45444,0.06047638988813051
45445,0.05495336844450949
45446,0.04123055289125929
45447,0.12406810404114049
45448,0.10437018071960187
45449,0.09074963207266881
45450,0.04533912089049775
45451,0.29161208682178563
45452,0.029583485038150625
45453,0.06383427337950529
45454,0.04951547532258774
45455,0.15077760056791745
45456,0.013459090409904442
45457,0.05262679900334921
45458,0.13603411544526967
45459,0.00784905086754963
45460,0.01995990020948653
45461,0.12931757725137713
45462,0.03504703760628197
45463,0.05727653533632178
45464,0.01775498203170936
45465,0.012016587704762854
45466,0.16474539197050597
45467,0.03648864267728116
45468,0.04747465351597907
45469,0.04118116160700332
45470,0.04949785415518372
45471,0.018848250561345734
45472,0.03519769169671133
45473,0.019484357658102105
45474,0.02291426038703283
45475,0.09050809615721003
45476,0.14340942055077704
45477,0.063897149702561
45478,0.03562623231612764
45479,0.0508305424642231
45480,0.012888748951268887
45481,0.06465699363213365
45482,0.01905296523801321
45483,0.021605841473957565
45484,0.13917575501090096
45485,0.04958390587697647
45486,0.08442254037695057
45487,0.02800578873384764
45488,0.07931707297091112
45489,0.028998293263206524
45490,0.07798288133525148
45491,0.03525435532099752
45492,0.01443771007462612
45493,0.027065364837766167
45494,0.16080490750820323
45495,0.015293666196896068
45496,0.06457429916276483
45497,0.09030361951442006
45498,0.14665293437096208
45499,0.010756338155551784
45500,0.1116194068398823
45501,0.019241048526933334
45502,0.09338268231139493
45503,0.038683748094065606
45504,0.012076976972076256
45505,0.050326295843668475
45506,0.022858732206522965
45507,0.04445801425815751
45508,0.1403395533489386
45509,0.07678071892894979
45510,0.04496851438818732
45511,0.014384758940266806
45512,0.0366389276653725
45513,0.07766605116405044
45514,0.0704717180820092
45515,0.1620537104368272
45516,0.1455018800102158
45517,0.010143710450275916
45518,0.013952794192553974
45519,0.472907514840019
45520,0.01004658138890403
45521,0.05573289306108728
45522,0.019414009609024445
45523,0.11368794834387727
45524,0.08751114561245661
45525,0.05660766560182148
45526,0.012846469712991861
45527,0.7457010774652068
45528,0.022383600999726572
45529,0.07423277263631313
45530,0.02832944836827879
45531,0.138817512897564
45532,0.03206979346254667
45533,0.059796678097482445
45534,0.018187607212352463
45535,0.07006049063447235
45536,0.04137801971065442
45537,0.05323600451457709
45538,0.008051191072458042
45539,0.01892149707006441
45540,0.187134236542537
45541,0.20638602084348215
45542,0.038790958605161144
45543,0.049777759498336537
45544,0.02740689772416402
45545,0.044711186276740644
45546,0.022118531570158986
45547,0.03881690445143911
45548,0.2809434586235025
45549,0.09751701654820022
45550,0.031836137116857524
45551,0.025696469571054915
45552,0.051999214045738665
45553,0.219734079487975
45554,0.019167661237863263
45555,0.1603128925065656
45556,0.05547461601951496
45557,0.10622563998924191
45558,0.2581736713212265
45559,0.04604951157098678
45560,0.35985096060688404
45561,0.14564194953516385
45562,0.022594665496936055
45563,0.07182899410765434
45564,0.1270808891386054
45565,0.04179649215005534
45566,0.012840283050204269
45567,0.08882813320256994
45568,0.0341845029580871
45569,0.018272392997010473
45570,0.012207452785321779
45571,0.043517798914033325
45572,0.030452476145345075
45573,0.036225177055376506
45574,0.22938149137890934
45575,0.08720350866382263
45576,0.01437726160662947
45577,0.07566535618112033
45578,0.05054469239951801
45579,0.013348442925651783
45580,0.045641568766432536
45581,0.04109992717170101
45582,0.033442496380287935
45583,0.011810479856215366
45584,0.024363236415723
45585,0.08564611852514986
45586,0.02595016688529398
45587,0.05497538263706513
45588,0.03421948057105897
45589,0.1453964742160953
45590,0.0750913200348668
45591,0.05115176064434726
45592,0.02354769381299844
45593,0.008496454413933924
45594,0.16709634459730383
45595,0.017900649578039413
45596,0.10985109522129738
45597,0.00886708032085078
45598,0.1900978527355645
45599,0.10340459712151329
45600,0.1427356324774196
45601,0.06662102953196415
45602,0.028796755321157462
45603,0.28271660665439957
45604,0.0195646461415478
45605,0.019914642449224154
45606,0.09864457010996941
45607,0.09187102382454404
45608,0.09026615210700313
45609,0.10151908695117812
45610,0.056917105646205786
45611,0.12794261861389597
45612,0.08311985112821206
45613,0.026625686352302766
45614,0.012602216030601014
45615,0.019996937577601775
45616,0.11181782035605206
45617,0.022046054527215312
45618,0.057588454071009154
45619,0.08107766961931312
45620,0.03286751669827517
45621,0.1951499285799823
45622,0.049823195003487794
45623,0.884967344268581
45624,0.09148421312051236
45625,0.025845037828924
45626,0.05328530734648472
45627,0.02690084774395363
45628,0.08113475064672254
45629,0.07925398078846449
45630,0.020258559666020665
45631,0.37366673974352793
45632,0.03544538912753303
45633,0.048117128093524586
45634,0.043247219109500475
45635,0.011599589218835391
45636,0.0852252106000702
45637,0.010659179578485162
45638,0.08095993351245581
45639,0.06930671295492502
45640,0.025497116406325144
45641,0.06657210266619683
45642,0.10121103886619326
45643,0.0140232302662864
45644,0.05231356212745704
45645,0.02054541739161556
45646,0.04958835734616806
45647,0.015447141475015802
45648,0.044998240785069275
45649,0.06929271082949257
45650,0.017970066764464547
45651,0.07466157780822656
45652,0.016034787315892963
45653,0.10523044670104136
45654,0.026247188185398333
45655,0.14926084245686394
45656,0.05197073630543797
45657,0.025276367426347913
45658,0.2384912698350582
45659,0.0615548026870507
45660,0.25223378761522247
45661,0.06112868559044413
45662,0.019797517042734133
45663,0.08822526735153029
45664,0.05683808792548983
45665,0.07915893407255453
45666,0.10045213142491016
45667,0.05798336518527311
45668,0.01740264880103411
45669,0.03521537897480765
45670,0.01708634740850848
45671,0.025778064862103305
45672,0.0344103346764956
45673,0.011600195082911937
45674,0.0167371444393442
45675,0.017638897488428427
45676,0.03813857761067396
45677,0.07812862928017164
45678,0.020015963220453414
45679,0.09988907452192677
45680,0.05288762669126332
45681,0.03991675997637611
45682,0.01508752933320744
45683,0.09587725598461899
45684,0.011418726256038732
45685,0.019869580690368253
45686,0.10739907240861818
45687,0.04297878565778616
45688,0.06215862284409078
45689,0.18400101153208098
45690,0.009381599097620614
45691,0.016167704547505442
45692,0.058258197249957205
45693,0.06275859754106312
45694,0.022682566786910052
45695,0.06001254997087607
45696,0.04140939512822769
45697,0.07074298787101187
45698,0.009978089244786341
45699,0.05265184375232628
45700,0.015992159132180845
45701,0.009186345233082944
45702,0.010529996129874205
45703,0.059542118010881044
45704,0.03733878451173477
45705,0.04523376577384776
45706,0.05153110477650508
45707,0.1201481166944318
45708,0.023334998405243668
45709,0.02373767730671127
45710,0.051086425242786074
45711,0.0334209867512367
45712,0.015123333437306492
45713,0.023212826925023
45714,0.027066092098175135
45715,0.05015944659959015
45716,0.017438804392114256
45717,0.024198436216832212
45718,0.0459398990051773
45719,0.02722328719490595
45720,0.009871523270769456
45721,0.0516674370676066
45722,0.0263188914226382
45723,0.019326766800662587
45724,0.10763874793879094
45725,0.18957032967459356
45726,0.045993141647632296
45727,0.15103445798585313
45728,0.18349645237588136
45729,0.13662133180333433
45730,0.019252824118996367
45731,0.08135762948166772
45732,0.01036692558408157
45733,0.204223114466465
45734,0.014503216945432244
45735,0.026710865296525547
45736,0.031995052986074766
45737,0.03870560051805625
45738,0.0648418317456992
45739,0.017841238105837563
45740,0.15685769721060563
45741,0.038932228614967465
45742,0.01746952128323697
45743,0.13223379606859503
45744,0.04041864108411518
45745,0.01889048069584229
45746,0.04459780062147566
45747,0.02763404678713205
45748,0.28596386675687757
45749,0.18556185131522349
45750,0.017713558061943767
45751,0.02469514898502112
45752,0.12120782598645176
45753,0.039197503976074674
45754,0.04115997314496955
45755,0.11725862679173768
45756,0.16757048889339016
45757,0.06309704527433836
45758,0.04201692409873292
45759,0.09151585237583466
45760,0.03959487813809893
45761,0.011162283018419325
45762,0.025870489609607535
45763,0.12043836735590996
45764,0.07693445754380726
45765,0.018421956768864205
45766,0.02709710251332983
45767,0.03129159756923788
45768,0.06243686973558297
45769,0.04443874525434252
45770,0.18256300613312731
45771,0.043356736266362196
45772,0.10444797328544522
45773,0.06081222458789377
45774,0.06315313414275711
45775,0.033245753522795046
45776,0.2493141414008474
45777,0.025034396472497132
45778,0.04105203282958255
45779,0.051679206499673905
45780,0.059691101134952074
45781,0.02549505517458784
45782,0.05833827171385924
45783,0.012106530890464687
45784,0.0618530819808
45785,0.029286234009618238
45786,0.19566279933018943
45787,0.09084463841128813
45788,0.09814627936649772
45789,0.02234152415286788
45790,0.028344344345192167
45791,0.012133997406876849
45792,0.029705605151766783
45793,0.05227622834654423
45794,0.10261331049476774
45795,0.027362908364627563
45796,0.0928602085976115
45797,0.06762115463351576
45798,0.028200405547009408
45799,0.0272101745766498
45800,0.028558104348622403
45801,0.12720733851521984
45802,0.09388442521663136
45803,0.12025809979066232
45804,0.01219593755676256
45805,0.04672876703221372
45806,0.031707591325963014
45807,0.055811052019733985
45808,0.0602486037006851
45809,0.03654987342666419
45810,0.04759802313824034
45811,0.028031465973748664
45812,0.028820648270975205
45813,0.02334285312549248
45814,0.051162689861881244
45815,0.03035760910581127
45816,0.023046612174308048
45817,0.11856339695203691
45818,0.02786902563553972
45819,0.10636386621646467
45820,0.07037828950693963
45821,0.06466002905895697
45822,0.3204092372184384
45823,0.015606708338587186
45824,0.030722899621734204
45825,0.3608358823062956
45826,0.0302686714479401
45827,0.16136243614260362
45828,0.0407574258785475
45829,0.018266537382403112
45830,0.02077082977947829
45831,0.06328599118034223
45832,0.045049832226813455
45833,0.29617373773108313
45834,0.008908198990424594
45835,0.17490475036285144
45836,0.03145381970283331
45837,0.07082773492895857
45838,0.05544432420990937
45839,0.03762272642934303
45840,0.0911641094120999
45841,0.027611330116012106
45842,0.030975601662077183
45843,0.02321451787407552
45844,0.08164727641225787
45845,0.022489068743820628
45846,0.032643425703830345
45847,0.027214450953085466
45848,0.014772813427837865
45849,0.019907631826085515
45850,0.014335770278547957
45851,0.016186347173511726
45852,0.026673741501514282
45853,0.1496557194190865
45854,0.03556084629951244
45855,0.02099737682271301
45856,0.04589519248891634
45857,0.04107943100496413
45858,0.13633751987604875
45859,0.018911440615666984
45860,0.02808300942406789
45861,0.20936949529716578
45862,0.06496131171140962
45863,0.07120888350018781
45864,0.03367664937807692
45865,0.04763266249235103
45866,0.010217112694107034
45867,0.04305639984744118
45868,0.013500926545549526
45869,0.03293244754004686
45870,0.018985847041274977
45871,0.061429276057694764
45872,0.020611518665549132
45873,0.03537970240740723
45874,0.02283146706874213
45875,0.0551297674496985
45876,0.024805725924886342
45877,0.025716985917444625
45878,0.09152559931384495
45879,0.17163218501407196
45880,0.013328676821740635
45881,0.10449888388939713
45882,0.19482922600706096
45883,0.0293537426633765
45884,0.07706038019650295
45885,0.020808113641386697
45886,0.019695485814207443
45887,0.0727420517360339
45888,0.032381554772931455
45889,0.022282848117356955
45890,0.02005007876952604
45891,0.11373491980518052
45892,0.12376968269720892
45893,0.03166097079037745
45894,0.23147164439575021
45895,0.05654728690958198
45896,0.01814209954743419
45897,0.050292550345940754
45898,0.018062273779779627
45899,0.010177039305496786
45900,0.0150541417655412
45901,0.09994163288346705
45902,0.03638068449856101
45903,0.23570792649020303
45904,0.013777383571819134
45905,0.021001758562496135
45906,0.032037324827576125
45907,0.015890186459272603
45908,0.10110551044195798
45909,0.025493461202429183
45910,0.09158556882921398
45911,0.0749542951908736
45912,0.054019392475564275
45913,0.10900234801047719
45914,0.015164406777176228
45915,0.029686240960467288
45916,0.05377229313006655
45917,0.09580440933745722
45918,0.054983945955779275
45919,0.07100504950210074
45920,0.15368593967146008
45921,0.04202240740296891
45922,0.03791781812798988
45923,0.09149983563544598
45924,0.039192830365212095
45925,0.06284920979087198
45926,0.17165216523497226
45927,0.14658086031942777
45928,0.015058117195812902
45929,0.10220482544588926
45930,0.04542946414743648
45931,0.07720472880988812
45932,0.05493481608111736
45933,0.06509273768584983
45934,0.10404236258632288
45935,0.01327582167952963
45936,0.024767872334962998
45937,0.08184114517898063
45938,0.08848038056859824
45939,0.03295889768418565
45940,0.10644094327447157
45941,0.1341942517387702
45942,0.10904911582438682
45943,0.06702324427155233
45944,0.12865769612316455
45945,0.040720284273239815
45946,0.029341495661215418
45947,0.07347406607675817
45948,0.0145856926471117
45949,0.027720026323697956
45950,0.3177943190629608
45951,0.13394206695730043
45952,0.10026257414007644
45953,0.19205351181120248
45954,0.017454090483287707
45955,0.03672344658813337
45956,0.01627906568781598
45957,0.01443694712175674
45958,0.016367921371617272
45959,0.14132425250873584
45960,0.0375254129176149
45961,0.0222320753057304
45962,0.07301700796546483
45963,0.05998682074657722
45964,0.06646407400200018
45965,0.03217537431657779
45966,0.08179714291813306
45967,0.027603690882330903
45968,0.019268402560429037
45969,0.02126880542904717
45970,0.04061486095852156
45971,0.16982635576889113
45972,0.1266510596689725
45973,0.024658546873865303
45974,0.05528635521938648
45975,0.11832463402670493
45976,0.07070661614933596
45977,0.043880356533627075
45978,0.02296818617510715
45979,0.05344974423092954
45980,0.027836724607023144
45981,0.08055866924028834
45982,0.03687045167104898
45983,0.022480872175781017
45984,0.11575534427152236
45985,0.1199482414466087
45986,0.2053085691432634
45987,0.10979371267351623
45988,0.031119423693991795
45989,0.030773249259858353
45990,0.056193920708649606
45991,0.02789025503126221
45992,0.029585322138730104
45993,0.07078923790550139
45994,0.07498026257508877
45995,0.025689363719161397
45996,0.07802571262134944
45997,0.1000395111288905
45998,0.03464091825864758
45999,0.10111834274305967
46000,0.07132747586647434
46001,0.030259241427384745
46002,0.046998779429104624
46003,0.08081620423120413
46004,0.031539237641284336
46005,0.16308926830037757
46006,0.02727310421404623
46007,0.12413808821321048
46008,0.13303093209394154
46009,0.09440203705892336
46010,0.02929331158316904
46011,0.016812844435552175
46012,0.015161502444020238
46013,0.017373137712808653
46014,0.06760341578778231
46015,0.01076146517732048
46016,0.039872922918696714
46017,0.07364139418042819
46018,0.02200344804897384
46019,0.03118424405729322
46020,0.036290056498113565
46021,0.024410965234803392
46022,0.05029876815303596
46023,0.1735279137884908
46024,0.01979730062521679
46025,0.050377227930508306
46026,0.2278043264969694
46027,0.035230628787441674
46028,0.04052281084561062
46029,0.02891498683805926
46030,0.026540443262986064
46031,0.039425275670520635
46032,0.01731332047734408
46033,0.1022490705086598
46034,0.011119277730343753
46035,0.11407725882329904
46036,0.13121649735735041
46037,0.02504409453115996
46038,0.018369232123467603
46039,0.08125758796976151
46040,0.06664604057920005
46041,0.015256139801586913
46042,0.018731267610042974
46043,0.021515842355298905
46044,0.009427411561574076
46045,0.06809867897752322
46046,0.06066600860902406
46047,0.05859381057593342
46048,0.14217109552561014
46049,0.1403249024846348
46050,0.10347846064041882
46051,0.15866998690309786
46052,0.2661564564715644
46053,0.03571515665867385
46054,0.02919340018025968
46055,0.09227065676831173
46056,0.02503891731745451
46057,0.035011723540958384
46058,0.13238244847971847
46059,0.08044200020474342
46060,0.07855838712105878
46061,0.031306996891863115
46062,0.03412845967787412
46063,0.04485674423542184
46064,0.04031767432225798
46065,0.28231185238097617
46066,0.012289545331206206
46067,0.01853291001111512
46068,0.09609419855788498
46069,0.15458009953928648
46070,0.054967803940341745
46071,0.1881495001247009
46072,0.027176235564568045
46073,0.029226899456278065
46074,0.04923427212853472
46075,0.02202925594004461
46076,0.10479418670690242
46077,0.05698101193455837
46078,0.027054186500743902
46079,0.057984253372136044
46080,0.20035860737458344
46081,0.4809458109461587
46082,0.05678488772430852
46083,0.043886429029367666
46084,0.20437779459943134
46085,0.04009079980516263
46086,0.010472756824171803
46087,0.04558086242200597
46088,0.057360887421663107
46089,0.05689598324329363
46090,0.07435337411973808
46091,0.05498830047546742
46092,0.03619525636569402
46093,0.03921217382764367
46094,0.008145916076599086
46095,0.04798690356441147
46096,0.062220358161356265
46097,0.02663926046497462
46098,0.028422698411028166
46099,0.044555948375189246
46100,0.04312725309142093
46101,0.07140063216261569
46102,0.03037523746276963
46103,0.03444654626514748
46104,0.12889973003524388
46105,0.055836257902962164
46106,0.03816174308761386
46107,0.047446522795895195
46108,0.03753227553021299
46109,0.37854445206222775
46110,0.033937851672994436
46111,0.03260939489033774
46112,0.038322989001317205
46113,0.08866437557101306
46114,0.1362373191820324
46115,0.037471783796928164
46116,0.08943223791845564
46117,0.042555763897402676
46118,0.3390024849186198
46119,0.09938393105595644
46120,0.280699919371039
46121,0.08368838525928304
46122,0.04968160218875525
46123,0.0596710574886799
46124,0.03599522973717006
46125,0.08467316037456608
46126,0.027918681597595738
46127,0.17132092646912228
46128,0.04806117826262432
46129,0.136809306494527
46130,0.047947004742386834
46131,0.04416323819158059
46132,0.01760040592838617
46133,0.03329546746278208
46134,0.06397683695864533
46135,0.0304067741689736
46136,0.2072518467313489
46137,0.04938185607859797
46138,0.036090734185727745
46139,0.020854573597863697
46140,0.04531935976996957
46141,0.18067669348690357
46142,0.03868673469388155
46143,0.04027810837146299
46144,0.11485371512056927
46145,0.04681464221411671
46146,0.015047573935314577
46147,0.16529810829965252
46148,0.056711185265357664
46149,0.02880839788283237
46150,0.03555180478860198
46151,0.09963703603370379
46152,0.09079459997423532
46153,0.054260190993373765
46154,0.0557954756170291
46155,0.06164858607002559
46156,0.022352795515339426
46157,0.06390551953067297
46158,0.040270948599748925
46159,0.026834419550469946
46160,0.03317016795024172
46161,0.022673898195679543
46162,0.010885978205882508
46163,0.024430462832025185
46164,0.1517922874411379
46165,0.06382305977588432
46166,0.024812625900462026
46167,0.3061095209966458
46168,0.019687316090988498
46169,0.03758754303202985
46170,0.15616868161810826
46171,0.027568264692045614
46172,0.11863951657367174
46173,0.024666145919237478
46174,0.13363827876024112
46175,0.05761621792137002
46176,0.04748302937562045
46177,0.07634268745278527
46178,0.015704710286864227
46179,0.015803839563734778
46180,0.069271778054967
46181,0.047090139849845995
46182,0.12794345544727379
46183,0.02041095713132889
46184,0.02254295662802063
46185,0.05152933736199431
46186,0.016423786880698857
46187,0.09818159622891542
46188,0.102891532443812
46189,0.02888964079604543
46190,0.023732419597661442
46191,0.08487674614604848
46192,0.026134077358248346
46193,0.07862598552180554
46194,0.029848878975511733
46195,0.04068532268167735
46196,0.03185420183430716
46197,0.02758124361938043
46198,0.015116448358728366
46199,0.06300492293806956
46200,0.04256264342248928
46201,0.18572514488092237
46202,0.05299985599671013
46203,0.04213971377068201
46204,0.025350007218503254
46205,0.04594458948917848
46206,0.05046584983561662
46207,0.020817492452814883
46208,0.025219684451017337
46209,0.09369173835647338
46210,0.045608201831054476
46211,0.03106895165401591
46212,0.029152107366249604
46213,0.19407074566380642
46214,0.09078184453696429
46215,0.014053581016816193
46216,0.0658172139674334
46217,0.18722354015288256
46218,0.07106501029116014
46219,0.045190501381736844
46220,0.021331802085885088
46221,0.0554349660856907
46222,0.04787168704949153
46223,0.10447491744491597
46224,0.00956372772477338
46225,0.08766723392587031
46226,0.03035508012102515
46227,0.028535362663345647
46228,0.29979630135382107
46229,0.02847906357177581
46230,0.04087166139395285
46231,0.051471371670877605
46232,0.09817702280579632
46233,0.012396274842183792
46234,0.05008127869410317
46235,0.030515059203739474
46236,0.039092685927036096
46237,0.06752252017476351
46238,0.046956245190283186
46239,0.1351733822984812
46240,0.06097947661357177
46241,0.02704741912006196
46242,0.7562716407237262
46243,0.0948088030368309
46244,0.008872058819866718
46245,0.023277723286151943
46246,0.01640768663773875
46247,0.04987878718132226
46248,0.07761592710876808
46249,0.02927268161161955
46250,0.048791057882263345
46251,0.040434938162934156
46252,0.04063054222233042
46253,0.0672579369808249
46254,0.01758474330718493
46255,0.020807545291154167
46256,0.02456204768665894
46257,0.010233416047634496
46258,0.060079207243591705
46259,0.03736455019684209
46260,0.027634714104166794
46261,0.07395850450778509
46262,0.13327721529394748
46263,0.05190066794478029
46264,0.150172039027394
46265,0.046903086258516254
46266,0.023324604473823153
46267,0.0818564536215535
46268,0.08702596723297429
46269,0.052381953303268725
46270,0.04566623358349038
46271,0.015027982147863075
46272,0.014546814189061025
46273,0.02954206126667669
46274,0.08807872516444476
46275,0.015578776899288398
46276,0.11780311661535768
46277,0.017135447579566646
46278,0.019314775099604962
46279,0.1873928670504673
46280,0.05532188390553355
46281,0.017243443289596566
46282,0.018263215728977107
46283,0.011836285913006365
46284,0.12286601723243291
46285,0.015452851745993713
46286,0.0791344881550619
46287,0.15716232087045773
46288,0.05111534293327615
46289,0.02873800414060463
46290,0.025205495726403855
46291,0.025449793941569848
46292,0.01338734851750559
46293,0.02309582779196096
46294,0.02532531223469758
46295,0.1343226992701129
46296,0.03719193484684965
46297,0.12688754472085473
46298,0.2602188702260907
46299,0.09546173526921442
46300,0.02891888798507103
46301,0.09278109141906819
46302,0.04309473488475994
46303,0.0649453180076234
46304,0.153026225663661
46305,0.03383034089090972
46306,0.04099906452141931
46307,0.02524792348899524
46308,0.06271639033755733
46309,0.033275173009426534
46310,0.1085220282065609
46311,0.032005892623370995
46312,0.029401931421937207
46313,0.04160417406288692
46314,0.04836720507945153
46315,0.044169991045138565
46316,0.06364907215390397
46317,0.02492618436698198
46318,0.055068112453673664
46319,0.01950162982584352
46320,0.18751907231904144
46321,0.03657143068790801
46322,0.15254749599288608
46323,0.04404682635745852
46324,0.048463390889260285
46325,0.07461213834354759
46326,0.05997834334066466
46327,0.045263907230203695
46328,0.02491345926405928
46329,0.041152949661342475
46330,0.03735942422656559
46331,0.04482960930993129
46332,0.07226593550131793
46333,0.09749986929651838
46334,0.04398963474769932
46335,0.01394011108496488
46336,0.05084507761294052
46337,0.013745332669367494
46338,0.0768418305543346
46339,0.02969023692076401
46340,0.013063498912626505
46341,0.10279958474417496
46342,0.019304578659758168
46343,0.020691194752460822
46344,0.09655568740143193
46345,0.13933975421294717
46346,0.021897649234504935
46347,0.552153262463251
46348,0.06799978688894785
46349,0.08347487219293186
46350,0.06733324948871602
46351,0.04708052629785057
46352,0.048920687983853677
46353,0.014326628339519669
46354,0.03378391197667056
46355,0.08418647188141444
46356,0.03937166009018616
46357,0.10314977861283292
46358,0.029907782295741373
46359,0.059117527506374536
46360,0.03228037543652543
46361,0.1149281753961553
46362,0.12826285528879788
46363,0.054142904483772236
46364,0.017783321406137906
46365,0.1247829823483408
46366,0.02940630231878674
46367,0.07225441059423533
46368,0.03115970832084635
46369,0.024703674142170458
46370,0.07761265573396671
46371,0.04169008682755983
46372,0.023135728763165234
46373,0.39749157022798337
46374,0.1096478354177269
46375,0.012867175529287
46376,0.08908314549746288
46377,0.15551095143542287
46378,0.18379206418192334
46379,0.040692981363222955
46380,0.037036849567108385
46381,0.05111158654214131
46382,0.04563176299205231
46383,0.03150750640094589
46384,0.07367783485248754
46385,0.10919107796741392
46386,0.015615356709387844
46387,0.016541066631422564
46388,0.2332121054966749
46389,0.024476465380675595
46390,0.039236819679552296
46391,0.11565242630343112
46392,0.03741711305938711
46393,0.030192246012132537
46394,0.018875241019866547
46395,0.025595230630223065
46396,0.04890189125068237
46397,0.10497825071705187
46398,0.029145851257764446
46399,0.02150391467903815
46400,0.052088326451882785
46401,0.024738884946919972
46402,0.04645928099193615
46403,0.0831589356373886
46404,0.05754192791223352
46405,0.013907949949622685
46406,0.019128445210132083
46407,0.15146239083846297
46408,0.039683301127973074
46409,0.053324949446413986
46410,0.07584490440170141
46411,0.1420419312794831
46412,0.01496078700333027
46413,0.012701908541431446
46414,0.0666008101506179
46415,0.15817449836969072
46416,0.10377306431001866
46417,0.07039953128894533
46418,0.04228964670619751
46419,0.017149718462325884
46420,0.07414753261805179
46421,0.03146168209898778
46422,0.14514685747807815
46423,0.09154236507705019
46424,0.9875672083300554
46425,0.06593074820960286
46426,0.04749418422860725
46427,0.0717841957345633
46428,0.016073077333151248
46429,0.1152392104041781
46430,0.03492469427257159
46431,0.25498227348938496
46432,0.05606427269905087
46433,0.04432406038622124
46434,0.0788372124008279
46435,0.23496272539220517
46436,0.035543386583592164
46437,0.016027470974936887
46438,0.014582269229394557
46439,0.09410407190689907
46440,0.022529371965902562
46441,0.23881792724607903
46442,0.024513840617579538
46443,0.032154618401482475
46444,0.044898942623510026
46445,0.013163477469186538
46446,0.026055152305850805
46447,0.029913722823967568
46448,0.055592917357077054
46449,0.012916520467312446
46450,0.02536815703117977
46451,0.012782347619181848
46452,0.009589605850801246
46453,0.035911210291004844
46454,0.03371959826299761
46455,0.029929845330690177
46456,0.04157518714324248
46457,0.028545771990475942
46458,0.03772371346616049
46459,0.02822740417662609
46460,0.028343105665398077
46461,0.020201659262321245
46462,0.06810271699926945
46463,0.07705186876016147
46464,0.07111611857254195
46465,0.12176713135109021
46466,0.018252566593560723
46467,0.07512975378399936
46468,0.08564867248986718
46469,0.1156323825580656
46470,0.019568563551154307
46471,0.2820670160053619
46472,0.04928948636276265
46473,0.050965620678546694
46474,0.15182223504569545
46475,0.09549246291889872
46476,0.023739412910451875
46477,0.018298054191338838
46478,0.01494970943190294
46479,0.07391007138957247
46480,0.12241216523067952
46481,0.02057656447737963
46482,0.07301500447886951
46483,0.028547918876756062
46484,0.08699879844780152
46485,0.012362572770384054
46486,0.07022394730194649
46487,0.0218514408056664
46488,0.028739676381523395
46489,0.03771482903930127
46490,0.04592033573404343
46491,0.015667678277107244
46492,0.20575299842184702
46493,0.09967127498481063
46494,0.11532553318087593
46495,0.0600566098811922
46496,0.06849462934154019
46497,0.041565722401304614
46498,0.04257331206496664
46499,0.009154101491239153
46500,0.06962135694196853
46501,0.03668059878526961
46502,0.056140326652685146
46503,0.038723553817903746
46504,0.041077120139207134
46505,0.21076911122086261
46506,0.02609625883606518
46507,0.8928559618738938
46508,0.09464972816715972
46509,0.04584479720624452
46510,0.12228352123279518
46511,0.02233151772939303
46512,0.0853146866325954
46513,0.034497126967825496
46514,0.033584142489421584
46515,0.12121324950341202
46516,0.18223602485030616
46517,0.05489758951224613
46518,0.040772578932945905
46519,0.011092560393506347
46520,0.04133778899430253
46521,0.3077598951190589
46522,0.13293210137935382
46523,0.1320367071937836
46524,0.016806029142125426
46525,0.012157562703168028
46526,0.14782827401656015
46527,0.032064873167998484
46528,0.189846654993404
46529,0.045178905660356754
46530,0.050808271690244794
46531,0.0387842857785757
46532,0.013257274168682635
46533,0.05079224310199062
46534,0.028553669755784754
46535,0.050958132764549496
46536,0.022877400496412216
46537,0.027903279346355586
46538,0.016120279874371993
46539,0.15141840458300843
46540,0.18510417594322115
46541,0.06408562967526259
46542,0.024388904957972947
46543,0.27212410616436716
46544,0.04644278916635448
46545,0.028517013163690177
46546,0.08311952888247909
46547,0.06121089218887575
46548,0.01639957157859683
46549,0.10236687610712787
46550,0.11654795962193354
46551,0.04371898355326231
46552,0.06545468696399986
46553,0.24331758026724887
46554,0.03375653044068448
46555,0.08383503606106539
46556,0.036672158121917424
46557,0.048108171607188346
46558,0.15919624450958914
46559,0.16303425956657652
46560,0.038670719159597244
46561,0.03795461634515254
46562,0.009402044576547568
46563,0.05375418195256963
46564,0.012623396071853839
46565,0.03375030714527534
46566,0.1980051451887349
46567,0.029587475719303723
46568,0.0688460544700677
46569,0.020672103343101985
46570,0.037823317543088895
46571,0.06173408220318567
46572,0.04160145250771836
46573,0.025279256925285543
46574,0.0758986220805923
46575,0.01697538529620353
46576,0.04675043150452387
46577,0.08536190956777484
46578,0.06650125663510319
46579,0.0771314851150918
46580,0.02075199932688429
46581,0.05893405738916289
46582,0.09174956019035649
46583,0.016920404781798355
46584,0.03444721241479617
46585,0.11846378468064994
46586,0.020573999001690713
46587,0.029449611331782928
46588,0.026751642580678473
46589,0.06573034511510754
46590,0.2144601004002712
46591,0.15194724737857268
46592,0.03036553638350368
46593,0.030391812326162514
46594,0.03606734754267544
46595,0.14666868632368574
46596,0.02775533223080876
46597,0.07157006468130545
46598,0.04793624913046743
46599,0.1643440006872366
46600,0.04210421676226178
46601,0.07493291832117882
46602,0.02608403787111652
46603,0.29760524053959647
46604,0.009523927802560922
46605,0.0537410884468478
46606,0.02519000597594047
46607,0.056139480476004935
46608,0.08538817091606918
46609,0.0336923061296298
46610,0.0512522161288118
46611,0.03893014782032607
46612,0.04149932625324279
46613,0.02126345385481241
46614,0.06432675713205149
46615,0.07434392535503614
46616,0.023535224583147565
46617,0.025665308136938375
46618,0.029430842719800718
46619,0.0534701670952728
46620,0.025233460837805057
46621,0.1937810461640913
46622,0.016927038042804564
46623,0.01585606376107629
46624,0.04722059613566074
46625,0.024041025257952618
46626,0.557643787623105
46627,0.026151316604310672
46628,0.1346095492331007
46629,0.08857385236751882
46630,0.17873990387142397
46631,0.0817415189081153
46632,0.026525722707325516
46633,0.3006801322515711
46634,0.043872734077798806
46635,0.03633588499409118
46636,0.17132271771313595
46637,0.05481038617625847
46638,0.02374148802558401
46639,0.06990018188765047
46640,0.043313618241198296
46641,0.10480088291381587
46642,0.07268000333970334
46643,0.25852410222877076
46644,0.03287997019747211
46645,0.02874780140616993
46646,0.022277892889471965
46647,0.042915002564365264
46648,0.03917249545198324
46649,0.022232429739984707
46650,0.032700719011757876
46651,0.07999867094361848
46652,0.023894701486987704
46653,0.03193798770173542
46654,0.09750322041356568
46655,0.0253256999301699
46656,0.114564048513806
46657,0.06342745086811329
46658,0.02686718427682935
46659,0.04056329574045082
46660,0.45981493545222324
46661,0.028356074453569427
46662,0.06796412286279231
46663,0.06007968750488716
46664,0.02206941472151512
46665,0.12705795212713167
46666,0.030694773732840026
46667,0.11306799458168129
46668,0.09332368709077857
46669,0.05753715164994344
46670,0.02682751242373685
46671,0.0545727794656372
46672,0.06777236084810179
46673,0.08152113819880372
46674,0.07116736133846802
46675,0.046700552363318576
46676,0.07153027223892788
46677,0.04846021489638192
46678,0.0247039397897315
46679,0.023647562440781325
46680,0.048522301370029296
46681,0.0617776225730883
46682,0.028348452819184963
46683,0.07023650603291771
46684,0.21271829585104096
46685,0.14304796233804126
46686,0.031204829081369262
46687,0.0674881664446838
46688,0.08963345477384221
46689,0.09799472412175153
46690,0.17952498448086376
46691,0.007924251369375227
46692,0.041188687622105695
46693,0.10019081614614156
46694,0.03215298000797552
46695,0.015402354212147236
46696,0.12437366722112612
46697,0.13329321509324446
46698,0.05922375930664816
46699,0.0443471688523447
46700,0.06093317972098301
46701,0.03901791956360291
46702,0.042770987267670146
46703,0.01781600182180792
46704,0.03551396472534736
46705,0.2935309303982364
46706,0.05031386599064552
46707,0.1264948670754472
46708,0.018418560235509876
46709,0.014694219514040836
46710,0.017248044183290952
46711,0.030620100709298565
46712,0.20269913374880746
46713,0.16026354099987308
46714,0.017504016202527003
46715,0.03657895150110229
46716,0.06753106114429899
46717,0.04760542249342034
46718,0.022733854040712525
46719,0.016024863587806765
46720,0.3949184500284252
46721,0.018903104709891056
46722,0.04024591264847006
46723,0.0191457566718466
46724,0.014025164597720668
46725,0.03945622440152963
46726,0.1494643324107326
46727,0.05111051452361488
46728,0.04581688750071845
46729,0.0811025614974274
46730,0.03838484396175293
46731,0.1201458432857787
46732,0.013092196575925159
46733,0.04579046029429954
46734,0.021303214966028407
46735,0.023250315187852477
46736,0.027404816943210255
46737,0.03826136190623042
46738,0.023180756293510175
46739,0.09246826151473998
46740,0.029240648567909346
46741,0.056285964280086066
46742,0.043886034776192226
46743,0.05957443492440193
46744,0.05599693180360761
46745,0.09005163698999413
46746,0.025445634402718895
46747,0.03271545058079291
46748,0.12636302229781912
46749,0.08401285019745885
46750,0.05481826957511501
46751,0.02867443150338314
46752,0.13105742461378767
46753,0.020189542677186343
46754,0.09641097757152665
46755,0.12072465857568548
46756,0.043471178616605884
46757,0.08525570691374137
46758,0.03384422231586115
46759,0.049828983211603894
46760,0.22736643669690415
46761,0.19340973158475866
46762,0.036204677592455874
46763,0.061409875212280016
46764,0.1299379105781498
46765,0.037080531932268436
46766,0.26260791311465553
46767,0.0608846205797509
46768,0.07551171992169882
46769,0.015282115211099068
46770,0.010552287174040805
46771,0.022021919399124762
46772,0.044499152502536554
46773,0.039913682116590916
46774,0.0569238669782689
46775,0.02368615777101148
46776,0.05789099700014666
46777,0.05482394984376398
46778,0.07262911226210911
46779,0.0453443947088051
46780,0.04826439643788144
46781,0.024824291932164705
46782,0.07453433214298175
46783,0.01854623700110132
46784,0.05516486669265725
46785,0.03231997864721819
46786,0.09054199941237251
46787,0.020724200238790902
46788,0.022177388651767695
46789,0.13896816026221231
46790,0.025289996733584008
46791,0.0661471890747642
46792,0.011538107083478903
46793,0.1453365503085982
46794,0.07433399738117275
46795,0.010283591869370362
46796,0.06375453942124192
46797,0.04043332679706853
46798,0.21326331179187658
46799,0.13658400783091076
46800,0.027620850481911194
46801,0.11014984305309783
46802,0.02496460214047619
46803,0.3041909896003905
46804,0.07642136010597847
46805,0.0488353474145226
46806,0.01820286178692708
46807,0.009856530033358409
46808,0.0892870020872685
46809,0.021622008443446
46810,0.03901554114188625
46811,0.017659138284331584
46812,0.04330199341653696
46813,0.21963923850813688
46814,0.022665472676839583
46815,0.04701425550236452
46816,0.007815608090243951
46817,0.02589666417670351
46818,0.020824679241950535
46819,0.09986818214302809
46820,0.1914780205162526
46821,0.21741103742180062
46822,0.04678748076671908
46823,0.03247818947429427
46824,0.02301263721616378
46825,0.12590111427059827
46826,0.03421290927704102
46827,0.11492208172048965
46828,0.09218137669543783
46829,0.017363976885508104
46830,0.05442878810849236
46831,0.10511078070721314
46832,0.08906172067769481
46833,0.10107789690929952
46834,0.025974852946753835
46835,0.1124989135610138
46836,0.020901751400155454
46837,0.09608387310242647
46838,0.09914272035854443
46839,0.05639351300078366
46840,0.06628005858334383
46841,0.1008869901025275
46842,0.06545714671534594
46843,0.022036367420429984
46844,0.7249639992562674
46845,0.01620960582568909
46846,0.01647524668295143
46847,0.0550859272799365
46848,0.02798309285040892
46849,0.03729128231549103
46850,0.12564370261960706
46851,0.21044851923250146
46852,0.03827998474619375
46853,0.033718455550237156
46854,0.09552956828441503
46855,0.02448779335870472
46856,0.027608176861535536
46857,0.10517516519883814
46858,0.04895457739066853
46859,0.025388529358405756
46860,0.08459133442625473
46861,0.12527447935189118
46862,0.04651390020624824
46863,0.01091070458781565
46864,0.02715252705201226
46865,0.026139803101268615
46866,0.01585660555304889
46867,0.05662550233342355
46868,0.018972205256420516
46869,0.022975221438398592
46870,0.05362767654154516
46871,0.03790116878002631
46872,0.11388019373376136
46873,0.025725193307357827
46874,0.02418602187702097
46875,0.22974964604005835
46876,0.03940900027719871
46877,0.0533338774451604
46878,0.058307189978019695
46879,0.019253912282018164
46880,0.08362172920568595
46881,0.03246513365010008
46882,0.048661829935817656
46883,0.015405510007846167
46884,0.032740676890146155
46885,0.11713524754653322
46886,0.1116714332081356
46887,0.02398020467417759
46888,0.06797356036789612
46889,0.03528348909996711
46890,0.053909312318967485
46891,0.03244734951052386
46892,0.051093511320822044
46893,0.061542205672119564
46894,0.191905541976847
46895,0.06980096168867626
46896,0.02131852715464466
46897,0.06601025661135536
46898,0.054016565131863134
46899,0.015296741155371609
46900,0.1195729203639738
46901,0.033617151419521915
46902,0.033587514969502054
46903,0.027217331723225588
46904,0.01487137898808929
46905,0.05005525284350061
46906,0.03144687032150317
46907,0.050519174677135466
46908,0.07102601545666729
46909,0.022570058486446068
46910,0.058263979267606084
46911,0.04047114816491338
46912,0.03877918727747029
46913,0.19307670409195068
46914,0.0656675438485306
46915,0.015527657425379478
46916,0.026780400418361456
46917,0.02612953685853509
46918,0.10248674678986479
46919,0.04429104851200976
46920,0.034264098490532975
46921,0.012934046377050238
46922,0.3489449789336406
46923,0.025485129873579072
46924,0.09884031352398337
46925,0.04056068334766709
46926,0.03961437558397515
46927,0.017447379216458028
46928,0.03801350368617188
46929,0.2119755960977332
46930,0.07584079471202168
46931,0.04675017170489187
46932,0.023472420005871415
46933,0.0314580264677325
46934,0.043107288064086
46935,0.018650454123134916
46936,0.08674425820321113
46937,0.08811442410567441
46938,0.07616857363610763
46939,0.023640639315880778
46940,0.07176364453044118
46941,0.035199819549101924
46942,0.07732338073824174
46943,0.08727442299727249
46944,0.04313261681294134
46945,0.07572963042865274
46946,0.03277871936279233
46947,0.10367915090400902
46948,0.014809556486677852
46949,0.14062765627238516
46950,0.07149457765832562
46951,0.08325632008346501
46952,0.03323520018581403
46953,0.030865438111438805
46954,0.936910453661921
46955,0.1051177926149065
46956,0.04889937285297363
46957,0.04442982719653319
46958,0.04984084835758683
46959,0.015841323913288446
46960,0.1064155772472362
46961,0.02467472252067992
46962,0.20366929045898527
46963,0.08401993356228407
46964,0.07065673202344014
46965,0.019978658051194007
46966,0.05141313235059443
46967,0.1475553650518578
46968,0.08617911620812474
46969,0.09876102706236958
46970,0.040774299794124155
46971,0.0791618137162898
46972,0.05180714959413507
46973,0.04371608555535503
46974,0.10375931923411173
46975,0.021053019096322796
46976,0.05643939654486393
46977,0.05488642418809474
46978,0.026349124579755193
46979,0.13050237544803106
46980,0.06826460244703081
46981,0.06921084924379706
46982,0.1026855744978991
46983,0.03520438069471015
46984,0.022334989728999315
46985,0.03281121306204335
46986,0.016752460593359705
46987,0.047773373732878995
46988,0.11939029839104198
46989,0.043984415636852243
46990,0.0362171069869479
46991,0.031122025590748916
46992,0.09817733241583039
46993,0.03716150495726247
46994,0.02288879413816189
46995,0.031042938601085236
46996,0.03642330995113638
46997,0.014451330943830477
46998,0.031620713105363456
46999,0.018069651997880205
47000,0.01265190414077786
47001,0.08548007331985251
47002,0.04471093813440076
47003,0.14604341207188304
47004,0.019658637873445607
47005,0.036911485300605985
47006,0.04644539029112214
47007,0.039971470110762006
47008,0.024069922456265155
47009,0.12953309632555027
47010,0.020852073799243958
47011,0.013736180586131061
47012,0.018701498629328857
47013,0.05929289789839466
47014,0.18156202873106836
47015,0.0371718441706908
47016,0.021519760378535282
47017,0.1625416330293975
47018,0.013331287781367687
47019,0.30279087293068496
47020,0.04297288348679222
47021,0.050395752173348254
47022,0.041845008536691264
47023,0.016406577457123296
47024,0.09023467584763578
47025,0.30190643513911786
47026,0.10121573082987821
47027,0.09406042101309028
47028,0.010197256106521235
47029,0.0498645743550664
47030,0.024438948722835478
47031,0.1120377725591574
47032,0.11194985657266698
47033,0.055974832795930865
47034,0.02918268187156689
47035,0.07321439961206498
47036,0.022727986413003873
47037,0.09202956513239302
47038,0.16964566351636626
47039,0.013818396179800364
47040,0.04527659062058218
47041,0.018672884299086086
47042,0.069901249872381
47043,0.056127771930893355
47044,0.02978482647342553
47045,0.03179859155514752
47046,0.018904139349589115
47047,0.029217096650096083
47048,0.04851201630543109
47049,0.02475261592683943
47050,0.012119704582525467
47051,0.05784979515091426
47052,0.010123035022255337
47053,0.04143785009952929
47054,0.07376858864758956
47055,0.017581004294382953
47056,0.012061268603902178
47057,0.38929793947112606
47058,0.031405883424517875
47059,0.04329003562492629
47060,0.06648597321131781
47061,0.13462328150929842
47062,0.02202498519875673
47063,0.04565987548852318
47064,0.06988021702879862
47065,0.17668881923815327
47066,0.03609837524278375
47067,0.017314899884803805
47068,0.048423767830845066
47069,0.05342551084275951
47070,0.041509407799276414
47071,0.022310615449454112
47072,0.04266008681117666
47073,0.048254001676131725
47074,0.068961694580182
47075,0.04724949854246058
47076,0.08205019616284709
47077,0.03386500385843907
47078,0.06517849191109631
47079,0.3095248697571661
47080,0.016100821414144553
47081,0.08145543228454406
47082,0.03198713392199935
47083,0.06960600433622086
47084,0.0209714458426508
47085,0.01817287198194405
47086,0.031227297196731892
47087,0.07179107201372358
47088,0.05605317121646539
47089,0.48587550894533693
47090,0.17182549024151494
47091,0.030527182000452343
47092,0.05203760801960589
47093,0.011906832123322438
47094,0.09648336503083726
47095,0.019358359381103894
47096,0.031659762231334584
47097,0.08018637092038844
47098,0.02790643574480102
47099,0.31260369391223625
47100,0.024019981815783024
47101,0.012731726153573953
47102,0.024558823421523435
47103,0.03032919754769038
47104,0.041490312140439106
47105,0.03107235955399782
47106,0.0333958457124275
47107,0.029500950742727388
47108,0.02631042473472458
47109,0.12165682520830516
47110,0.029858574516209217
47111,0.019663962857928836
47112,0.023378343810290136
47113,0.026275008409205106
47114,0.16722549239592976
47115,0.02131290228471619
47116,0.28075027636212546
47117,0.17699026317643296
47118,0.039167160210405276
47119,0.020663621134765185
47120,0.081402249428848
47121,0.02995157201058864
47122,0.04073801113988374
47123,0.014483498163290223
47124,0.0810700056511964
47125,0.02511123626045003
47126,0.010955156044004136
47127,0.018210656100149963
47128,0.0172436016943443
47129,0.021261253665079857
47130,0.0451583130931335
47131,0.18481569442395848
47132,0.07348402452521785
47133,0.06010047776387652
47134,0.03770553483304335
47135,0.03276256159039204
47136,0.016540047055459625
47137,0.03042366057748296
47138,0.01601230383392256
47139,0.06426929846990105
47140,0.07699008264211386
47141,0.04541474618873761
47142,0.019559494441828872
47143,0.09322426427346243
47144,0.06689121936822982
47145,0.04200774542372693
47146,0.027726273994834048
47147,0.011303159171764748
47148,0.15719347193523459
47149,0.017016029062016796
47150,0.0393941288382173
47151,0.04124235558999069
47152,0.021129854239771158
47153,0.031776199869772315
47154,0.14177686791781244
47155,0.21325416076508108
47156,0.03351663538847508
47157,0.08637963074109352
47158,0.028296090747864766
47159,0.028995803812787574
47160,0.05948021618065047
47161,0.04405481436459888
47162,0.18445260208994155
47163,0.0655427079017401
47164,0.033006685868945146
47165,0.019914802025925674
47166,0.024538277327919654
47167,0.03287329427718844
47168,0.06941842221492296
47169,0.025450128250866542
47170,0.022833299745545297
47171,0.022066483520107497
47172,0.12297678836388076
47173,0.05060181212934822
47174,0.022273544088494836
47175,0.032805612239759474
47176,0.1112600182557848
47177,0.07316042058370004
47178,0.07139041875797447
47179,0.020525191182689605
47180,0.10627786186194732
47181,0.06440605987398706
47182,0.01904184551141723
47183,0.05355419793593097
47184,0.06272480589463048
47185,0.24543134776264525
47186,0.015547124997312176
47187,0.06404673105737135
47188,0.06478594933548662
47189,0.06009859535875925
47190,0.07158443982540671
47191,0.10498446399786317
47192,0.020301594998266743
47193,0.08249628118838916
47194,0.05237152183012139
47195,0.1877336744526751
47196,0.20287315236434897
47197,0.028680251339912796
47198,0.017837327507874014
47199,0.08451857958769034
47200,0.07606981210754214
47201,0.036837699996540074
47202,0.05871413261135916
47203,0.027256763598457065
47204,0.0264375500602924
47205,0.05179924910472964
47206,0.013235008765636908
47207,0.06779874490643764
47208,0.02661336772617879
47209,0.024935692965956432
47210,0.10195892927476431
47211,0.04286695198903674
47212,0.00992358472196354
47213,0.013235084640003666
47214,0.02598392336700143
47215,0.03747412946583581
47216,0.039646185542913125
47217,0.04796430814917345
47218,0.01419534665832623
47219,0.070143132937316
47220,0.1323852595765712
47221,0.02292756442655417
47222,0.03056908169834148
47223,0.023866525757465104
47224,0.036098454482648895
47225,0.09941175280008652
47226,0.025382413387273754
47227,0.06157332252182428
47228,0.04438052160112862
47229,0.034553029578441356
47230,0.022632924287337486
47231,0.09503421741047638
47232,0.06269401229659133
47233,0.03358212986402735
47234,0.056626401706983354
47235,0.0777677498582405
47236,0.03908318443557539
47237,0.03901701752870891
47238,0.043980628221122725
47239,0.012086979055956883
47240,0.05264446653852256
47241,0.0471845135333028
47242,0.040605557694657755
47243,0.05195009201322284
47244,0.019518316187550986
47245,0.023582205417127047
47246,0.07316295814911417
47247,0.0837129572554973
47248,0.010835700335338915
47249,0.04153284965226042
47250,0.06854004209635646
47251,0.03208621604220245
47252,0.03710898652951165
47253,0.013754746770306732
47254,0.029495576236048513
47255,0.051793592654985704
47256,0.05323991368968123
47257,0.12201235088264888
47258,0.07834685640348002
47259,0.06377457098793313
47260,0.02931085442392885
47261,0.12656008069519054
47262,0.012830667227103475
47263,0.021985031575273848
47264,0.03492509485849132
47265,0.016948040676851094
47266,0.023142907785685802
47267,0.07161676474251079
47268,0.14107031904753348
47269,0.020701301798554297
47270,0.014760536862636679
47271,0.0442194525713029
47272,0.05051900031776461
47273,0.013480611349886859
47274,0.017457614802314288
47275,0.179894727233369
47276,0.599606404081437
47277,0.04881365931772074
47278,0.14685848489340192
47279,0.08336108988063304
47280,0.05330720097977483
47281,0.01969522479473432
47282,0.11201140689991385
47283,0.06964426531895836
47284,0.015868827319610965
47285,0.04742971771046397
47286,0.016349203614044436
47287,0.14616561390877955
47288,0.014715438963125781
47289,0.0627629593827067
47290,0.05811862628962097
47291,0.03498913726931395
47292,0.014592557775182395
47293,0.2024283076420359
47294,0.013444028547102107
47295,0.02103458136271888
47296,0.04247306479658127
47297,0.1422527793147997
47298,0.04354587078630301
47299,0.06752873836948485
47300,0.11034004977475687
47301,0.01965487061889019
47302,0.04623701470649985
47303,0.02174464116350929
47304,0.050760372951175775
47305,0.5612808767344728
47306,0.030306310322682776
47307,0.03479046125992902
47308,0.31183089725435437
47309,0.17641321730528278
47310,0.0673461062077606
47311,0.024324429755475312
47312,0.04012027865442987
47313,0.022289358344140926
47314,0.030869651015938075
47315,0.09610881434979299
47316,0.03872326190566539
47317,0.02243229424859247
47318,0.02506137357435438
47319,0.11678005058878958
47320,0.030422624417343558
47321,0.11452445786999149
47322,0.03344428193088757
47323,0.04140038523243795
47324,0.07106795222863346
47325,0.05292629505205774
47326,0.07076880442100988
47327,0.17673899281311917
47328,0.022229638006273044
47329,0.011131443022728855
47330,0.032531839005179336
47331,0.06270490411861439
47332,0.0211627541756262
47333,0.14567012062957202
47334,0.020460481937659557
47335,0.05108970966883286
47336,0.059656170506134545
47337,0.041202723648689626
47338,0.028118439960053206
47339,0.040686199505652866
47340,0.04160980763288733
47341,0.048396812164659395
47342,0.1821643641258675
47343,0.06610201538600277
47344,0.011808369730715876
47345,0.1462997686859955
47346,0.04083797039815033
47347,0.03154035418635264
47348,0.07610701571307235
47349,0.17695321354379728
47350,0.06692097902567849
47351,0.020000365945721698
47352,0.08389667304478825
47353,0.022661939724213515
47354,0.016613353825857158
47355,0.06604740090500416
47356,0.11820296757884918
47357,0.03360805659789147
47358,0.04710009852109577
47359,0.28983129492223025
47360,0.025716469356208416
47361,0.04113924495838936
47362,0.16374242487475194
47363,0.03995530594386792
47364,0.16132876057493054
47365,0.03750520417944149
47366,0.11706410385238948
47367,0.08587379300198936
47368,0.01569823983593294
47369,0.045023583769680346
47370,0.12877894417093746
47371,0.14612545654468714
47372,0.03226249469073699
47373,0.4301787774079452
47374,0.043103572318535524
47375,0.0297765935407853
47376,0.32304961571310986
47377,0.025848029322868497
47378,0.032867179318714
47379,0.03305997451927437
47380,0.010722603306895548
47381,0.2745711792932854
47382,0.2502313972333027
47383,0.045456894626138056
47384,0.024630036215096733
47385,0.062237118055229544
47386,0.04171740831327647
47387,0.04311791146952228
47388,0.013724199247691327
47389,0.0608151788543932
47390,0.10772707559716255
47391,0.01862027928633645
47392,0.02814777303235434
47393,0.02326672096488715
47394,0.11852668024955293
47395,0.013069624226130887
47396,0.23163640033875094
47397,0.02556892684347561
47398,0.035346620933866785
47399,0.022945767589960475
47400,0.019235202652970983
47401,0.13812701534307992
47402,0.03668200702305757
47403,0.06698020129048518
47404,0.17550551300945183
47405,0.040390849081643775
47406,0.11443574799415723
47407,0.05370635406348706
47408,0.14387808412378825
47409,0.06271845205397228
47410,0.02247007910422151
47411,0.06885888740846953
47412,0.0909958658322966
47413,0.02243668009136048
47414,0.04765253668577173
47415,0.20332367013045455
47416,0.10795663806966138
47417,0.048348988326258384
47418,0.04777841828633909
47419,0.10504283026514682
47420,0.01955397816099132
47421,0.2599364845650538
47422,0.09268828422953312
47423,0.1321574667512135
47424,0.019869032115435295
47425,0.04145196240889054
47426,0.03496433494485383
47427,0.07107417933607708
47428,0.050443511977394724
47429,0.011304259135270226
47430,0.029854078003170012
47431,0.04339822916535121
47432,0.0661632482200747
47433,0.009918564616579856
47434,0.058800813217984034
47435,0.05920307663212482
47436,0.06521460439037777
47437,0.030455997547315487
47438,0.06110617165483903
47439,0.2898688158813956
47440,0.07512506909865427
47441,0.08269858969495616
47442,0.011390166909306011
47443,0.03981513583250039
47444,0.013390485068732786
47445,0.03930760147007949
47446,0.041499123498603796
47447,0.01031045181559673
47448,0.0441322770073152
47449,0.12954624308709153
47450,0.03999726976058938
47451,0.03172953560748642
47452,0.030708540729268853
47453,0.03365617493356194
47454,0.04056682880110503
47455,0.09754974379854235
47456,0.06858365744825819
47457,0.04812153323223469
47458,0.027516826721320355
47459,0.31719538692860116
47460,0.19199831196066094
47461,0.03777302600313312
47462,0.04141785945959961
47463,0.023960421806544945
47464,0.09224271363922287
47465,0.027568765213203943
47466,0.16964395604391205
47467,0.30769476217033276
47468,0.07135494093479945
47469,0.03135988149045902
47470,0.02337217883202472
47471,0.015305921750016199
47472,0.0751659001839809
47473,0.03709789709084732
47474,0.019992156531197257
47475,0.026225834031584776
47476,0.04433605481019487
47477,0.07763361276571616
47478,0.032351241717785466
47479,0.03260724312427719
47480,0.08002698868721908
47481,0.05604296416256144
47482,0.013732730090922853
47483,0.3928795828926309
47484,0.04035701524697332
47485,0.05982524496450649
47486,0.07147365851433085
47487,0.044857969921074554
47488,0.0647416153307742
47489,0.19086907825764662
47490,0.02991326199288994
47491,0.04853195117299259
47492,0.03217281253663188
47493,0.04484453598831241
47494,0.0616106516647511
47495,0.027633085955096937
47496,0.042347196478908194
47497,0.1170763833107699
47498,0.07216657622277542
47499,0.7875927477219286
47500,0.019003685123666084
47501,0.014124788042637795
47502,0.008544866802384931
47503,0.011869396569181538
47504,0.10969280914022793
47505,0.07538885357318666
47506,0.020438047760239334
47507,0.06106194246991642
47508,0.12644382774909946
47509,0.026756973249477747
47510,0.0389043024356436
47511,0.008278284824514728
47512,0.1263506400958529
47513,0.04881572664024324
47514,0.18499692067856666
47515,0.1867383384800344
47516,0.07797796843793277
47517,0.04627958943510414
47518,0.10157498527644382
47519,0.02273979542215021
47520,0.04982767321861315
47521,0.09809370942334683
47522,0.23105754092432856
47523,0.05487669219966098
47524,0.025355493976179155
47525,0.34295435583682343
47526,0.015815594014242866
47527,0.02583230860296167
47528,0.12248188201158262
47529,0.07712494949236884
47530,0.0491243935280201
47531,0.1714125183158503
47532,0.04059520981412715
47533,0.06755754047080921
47534,0.0427769424588209
47535,0.031753880400576834
47536,0.019332046467459355
47537,0.05411965871278981
47538,0.03920144495560794
47539,0.01686204214490855
47540,0.08665578177398237
47541,0.03762179376916594
47542,0.034795656563373877
47543,0.03688303890161351
47544,0.06421369559421049
47545,0.02461771119228534
47546,0.01602050377020193
47547,0.012242756189792611
47548,0.08420818706795341
47549,0.012320876460037697
47550,0.03772872447686202
47551,0.09082751715157643
47552,0.034287765397304895
47553,0.08243489347026645
47554,0.04286362987223664
47555,0.11479789242742863
47556,0.019170067456349506
47557,0.02929337918847756
47558,0.19510731570448164
47559,0.03440793631871691
47560,0.3271015588272256
47561,0.050079718180062995
47562,0.07466394274481304
47563,0.012474193814433607
47564,0.023435134373120246
47565,0.05587645850695329
47566,0.030278298028189522
47567,0.04727445970468744
47568,0.13274368920894872
47569,0.018006285645000925
47570,0.035248761210670915
47571,0.03909442420008649
47572,0.058019158768987555
47573,0.025871035318473373
47574,0.027645403984002725
47575,0.008153512529116572
47576,0.01631190478039692
47577,0.07340199217104666
47578,0.02680192356965185
47579,0.02360813304423019
47580,0.012308178765152708
47581,0.03242555791918426
47582,0.02933897420624182
47583,0.07600757924182053
47584,0.0710898981312535
47585,0.03474814432089541
47586,0.0387548752549285
47587,0.0612217639544964
47588,0.029854066026520406
47589,0.021091880595389054
47590,0.0903538874034451
47591,0.02765399980180147
47592,0.02078191371508173
47593,0.09250812821330942
47594,0.024818102412107225
47595,0.021243379038358434
47596,0.025153050743008328
47597,0.08542821212606637
47598,0.02584333999175486
47599,0.011629468992505108
47600,0.1319507394676525
47601,0.021412165317371418
47602,0.026720767030296036
47603,0.03327274985801112
47604,0.03861993883447337
47605,0.02202289817300039
47606,0.09406304488763897
47607,0.03216193113435789
47608,0.2630211370276493
47609,0.10363961177217851
47610,0.009302540278807999
47611,0.09455069381470238
47612,0.017186004045432288
47613,0.0228156366767856
47614,0.07885160340097801
47615,0.06807420549978949
47616,0.05028886135165971
47617,0.035570408145492685
47618,0.023130320961288982
47619,0.08563549939850049
47620,0.11306543273875315
47621,0.056914058996062666
47622,0.041278263406833327
47623,0.12027861155473854
47624,0.06856969452988453
47625,0.013799946825882068
47626,0.010149499382003112
47627,0.03065965824901109
47628,0.04776149875184732
47629,0.09342520362885283
47630,0.09977873658550908
47631,0.09259553556625216
47632,0.05625922495932993
47633,0.025930643601682967
47634,0.020105816032567517
47635,0.09376227251885708
47636,0.11826722365343739
47637,0.05160909839704826
47638,0.02586575427626641
47639,0.09407409283971158
47640,0.05822496702152205
47641,0.0649115714094747
47642,0.07042936529536681
47643,0.018532760086561087
47644,0.04981044838964402
47645,0.1299490335849782
47646,0.025136344261902546
47647,0.06381752630364276
47648,0.02496707179908189
47649,0.038913057911158254
47650,0.2089196315361909
47651,0.05541187718694904
47652,0.03965170860378358
47653,0.062497637767594046
47654,0.021170677220878176
47655,0.02810201235254676
47656,0.01879271462201458
47657,0.03974445716780685
47658,0.09979375219186651
47659,0.038343013086191716
47660,0.05131932802430743
47661,0.027700262066604243
47662,0.1663106201258881
47663,0.13495262085801824
47664,0.08111157148924189
47665,0.0388609629432177
47666,0.01937959714463853
47667,0.024877456337513336
47668,0.023113518920523976
47669,0.01264517801626968
47670,0.09733105583859128
47671,0.038231520734065605
47672,0.3655163315927533
47673,0.03047642579974355
47674,0.059247839089298995
47675,0.02854006325636041
47676,0.1570011533806648
47677,0.029482720822105644
47678,0.21596355185253108
47679,0.16449925095649556
47680,0.037511480814067966
47681,0.027642922577725118
47682,0.07375862173450592
47683,0.039806428749715
47684,0.01613733015269191
47685,0.07782240919449405
47686,0.06439107937631058
47687,0.017521497231136985
47688,0.05902036678306058
47689,0.04668247549473455
47690,0.05163388992880523
47691,0.0204444746565122
47692,0.03340774707835869
47693,0.06580231115486972
47694,0.02608204188826571
47695,0.04105310491612456
47696,0.04674107655096288
47697,0.07718729027398846
47698,0.15254557397150476
47699,0.03023191017895026
47700,0.035831059230349176
47701,0.12719983838906615
47702,0.14757442637632837
47703,0.08527823359086523
47704,0.1753918176013076
47705,0.012178562288697667
47706,0.024303996332668016
47707,0.09031670526348244
47708,0.014431080252374755
47709,0.03028148684624197
47710,0.0862323985961441
47711,0.0809525037172508
47712,0.05520013396802604
47713,0.056829263703782246
47714,0.07948379695744401
47715,0.01885606481189783
47716,0.021335184093724837
47717,0.10954816861889716
47718,0.050987123537125284
47719,0.11477616660847936
47720,0.09504088088124356
47721,0.04438762085905967
47722,0.015968396042435853
47723,0.03462758001397642
47724,0.011903273952556276
47725,0.1501726513706086
47726,0.014882989623813708
47727,0.05884726462813787
47728,0.04556410905221252
47729,0.02881317763401411
47730,0.009685324563647974
47731,0.3894211468194949
47732,0.07597427798974032
47733,0.11457102306543979
47734,0.15388970919368525
47735,0.02528859954041277
47736,0.05064620741338543
47737,0.03027382468000897
47738,0.0924647032232584
47739,0.17915060639977065
47740,0.013241933547795681
47741,0.15755174636216757
47742,0.05953599244524083
47743,0.17482851358302098
47744,0.07754926056334126
47745,0.04944330978317633
47746,0.10339998842421294
47747,0.015870356670186273
47748,0.03066206851680989
47749,0.01965209636856041
47750,0.04357829206617406
47751,0.032218708106271345
47752,0.03314128110012896
47753,0.02761003142877979
47754,0.04190309044968348
47755,0.02076041679289
47756,0.11549840310648388
47757,0.022741759999101774
47758,0.21312923470693865
47759,0.052913911206821415
47760,0.05253397451870032
47761,0.01976372083238099
47762,0.09520078745060394
47763,0.023664057032579976
47764,0.11362992664906782
47765,0.07176390585444897
47766,0.021608444369209466
47767,0.0340109962716283
47768,0.05652839054181749
47769,0.1526811790730174
47770,0.04874171542188458
47771,0.09858680705737749
47772,0.029295814474850537
47773,0.05292443113532449
47774,0.01847259857314879
47775,0.026458388968197317
47776,0.03481993760213633
47777,0.008528210659756383
47778,0.016302668713229586
47779,0.08779480882276267
47780,0.052232770842775736
47781,0.16223557227318844
47782,0.07754680007653864
47783,0.05144601626090142
47784,0.2095655014566195
47785,0.21418062949354572
47786,0.03494091622074317
47787,0.01710300152080894
47788,0.29547849012207367
47789,0.10611455784319374
47790,0.014411268540052079
47791,0.02499220332973395
47792,0.1027916210740521
47793,0.12441880063735189
47794,0.01902513191179106
47795,0.03470291079487925
47796,0.06749994327772138
47797,0.03160652181990635
47798,0.014523653612990343
47799,0.03912165332029262
47800,0.11080041427361847
47801,0.07785580354647201
47802,0.04763115104701063
47803,0.0692298569940227
47804,0.008935065182693745
47805,0.011699526037132858
47806,0.026410029396106725
47807,0.03430618799702592
47808,0.08215962187785317
47809,0.024723916309678802
47810,0.06953663762356732
47811,0.06301989657226867
47812,0.024304517448918338
47813,0.027579231982996243
47814,0.029975297868695096
47815,0.09950722119941864
47816,0.08120121367858524
47817,0.054209741443023644
47818,0.01998700795507827
47819,0.28642340376333053
47820,0.08704339662327693
47821,0.04066879866913453
47822,0.05104694763432606
47823,0.03939510587474118
47824,0.017318231267615083
47825,0.0507246663382336
47826,0.0293546191659936
47827,0.09102758981901174
47828,0.05324528565634945
47829,0.04524110221090244
47830,0.018661435388207328
47831,0.32128010860571565
47832,0.04164886361621635
47833,0.04348733848005142
47834,0.031162019019222668
47835,0.017772410199648522
47836,0.04283571037438519
47837,0.06130440376763756
47838,0.04414645757908968
47839,0.03208542085404333
47840,0.4591943187292754
47841,0.013739447416399007
47842,0.01575349598432986
47843,0.012332980050323704
47844,0.015666013195759866
47845,0.06033855194524761
47846,0.10436241439312545
47847,0.08123284321573862
47848,0.009047328673484917
47849,0.03731552851516825
47850,0.017084541018207042
47851,0.10843897115673237
47852,0.061261145198215544
47853,0.055432791605404
47854,0.4983020382145261
47855,0.02049262043116661
47856,0.07465085207347003
47857,0.10851490753995685
47858,0.05155422794092742
47859,0.011457696369249797
47860,0.030400762064823353
47861,0.032133728409055096
47862,0.0469861231669601
47863,0.017716976451702754
47864,0.19516951092917834
47865,0.05912691710586578
47866,0.02966873487080672
47867,0.04902084197394937
47868,0.07737147685559885
47869,0.17018147425385133
47870,0.0909544827270441
47871,0.07193739550237652
47872,0.17562841093088793
47873,0.025450417209076075
47874,0.059448391000739044
47875,0.03266980203360588
47876,0.1640555354819816
47877,0.03530196781123007
47878,0.03406461841893163
47879,0.12790064822520125
47880,0.057403878588554294
47881,0.03948588326612286
47882,0.0598630713630611
47883,0.030564079882186828
47884,0.043484525267254465
47885,0.010658186629133776
47886,0.22879389770849126
47887,0.19599053608399392
47888,0.017694969788165614
47889,0.10351023142061637
47890,0.1145561208087301
47891,0.012605476986244993
47892,0.051087273560031406
47893,0.026639705896141355
47894,0.08496542520752633
47895,0.028158998328847218
47896,0.24663801327568705
47897,0.11410661544023158
47898,0.05763358286280236
47899,0.07184035708448747
47900,0.022635219498132846
47901,0.07973364641468016
47902,0.08548252580651118
47903,0.0763051641568841
47904,0.052851835650948455
47905,0.1292232126299963
47906,0.08580314443780579
47907,0.16563180782982595
47908,0.025805030600874145
47909,0.029983020032877214
47910,0.017627244753772305
47911,0.09167466119773912
47912,0.014169110053364086
47913,0.08119853249386712
47914,0.038628974072604176
47915,0.020197158189056374
47916,0.03439854196262371
47917,0.053353219912167876
47918,0.20334061955687432
47919,0.02067872336938354
47920,0.05346632843175646
47921,0.054226809141359446
47922,0.232362507148271
47923,0.021856286175531453
47924,0.011963177245591677
47925,0.042749246656554246
47926,0.027326801178783725
47927,0.022751035831013924
47928,0.058146349281402394
47929,0.05454192249309791
47930,0.059448230984879724
47931,0.014375612108250967
47932,0.013779743836994637
47933,0.05143282388840527
47934,0.03816122640504997
47935,0.06446789296458252
47936,0.031741929390787446
47937,0.06542332141063628
47938,0.0310363270838586
47939,0.021601226570116636
47940,0.047616386430701006
47941,0.07216863201496385
47942,0.03162264322762139
47943,0.12484075361336684
47944,0.11523901599651482
47945,0.05330653369538064
47946,0.017274740381519053
47947,0.0263297242429918
47948,0.11110999839861158
47949,0.02513677630032158
47950,0.020450106256964
47951,0.038798600687120384
47952,0.4620495758491517
47953,0.16233330687292108
47954,0.05896436529611497
47955,0.0435963980307009
47956,0.04588340726140737
47957,0.13868535219805161
47958,0.011444899094406946
47959,0.06287508990213075
47960,0.05792023594823413
47961,0.08693132063484227
47962,0.09904602191325909
47963,0.0397148911599279
47964,0.17879054501876285
47965,0.20232643777410278
47966,0.02579301014414808
47967,0.02196022276182595
47968,0.08483463066208002
47969,0.018512024982079277
47970,0.13270814894478825
47971,0.08441753894843743
47972,0.04272286542666691
47973,0.030942646113931705
47974,0.06512265221239484
47975,0.046853367696106665
47976,0.07160905559109247
47977,0.033856265445272274
47978,0.010721883589885427
47979,0.09300498770679497
47980,0.1031472340527454
47981,0.02361695563198708
47982,0.16054913719914285
47983,0.056973073253938133
47984,0.03999433387661191
47985,0.21151716279863914
47986,0.010163846175941297
47987,0.02276631521317724
47988,0.05055791902135774
47989,0.021714198433528162
47990,0.05574520630803841
47991,0.02389913003861645
47992,0.0104534019906573
47993,0.03392144543650051
47994,0.2718571548447997
47995,0.08418659946460029
47996,0.040381458751444735
47997,0.02219891437664356
47998,0.07080450380045865
47999,0.03350761339728261
48000,0.13140438965789128
48001,0.1808299588504461
48002,0.1042510008004596
48003,0.12170133159057551
48004,0.015115244726788787
48005,0.018556212418838706
48006,0.04854548323904659
48007,0.010655277149731204
48008,0.11555821306235226
48009,0.03469921654188006
48010,0.009974835709692733
48011,0.08394327075852562
48012,0.05484687986428122
48013,0.1627325134768911
48014,0.0314046981646733
48015,0.013062192669164205
48016,0.029491901042415454
48017,0.1768990872504574
48018,0.04854981157797047
48019,0.04932592189540623
48020,0.02933972788984924
48021,0.02754564829757489
48022,0.070135760314338
48023,0.03498018737826752
48024,0.025939910244485876
48025,0.043942558455983376
48026,0.09442698689250723
48027,0.036758053546384784
48028,0.03432270785114538
48029,0.04052123853956787
48030,0.01764189829699866
48031,0.019255409493966664
48032,0.049593114530900644
48033,0.06329377186752005
48034,0.03172195218922704
48035,0.051490079558215725
48036,0.07236597604726441
48037,0.05018496253134011
48038,0.018127740810342637
48039,0.02061139894963331
48040,0.018368640659834127
48041,0.01927186799317989
48042,0.06439995554641936
48043,0.05191569398328988
48044,0.029355035229167804
48045,0.04111165739132476
48046,0.09104241576183222
48047,0.0188014773491374
48048,0.03290260432511497
48049,0.043871985651221745
48050,0.007929306316007433
48051,0.06251779841429256
48052,0.04919950459185293
48053,0.03069578713342129
48054,0.05117063883142477
48055,0.05727128901780106
48056,0.06304106979117609
48057,0.04372313461441818
48058,0.0678643826567466
48059,0.03231098725359088
48060,0.020854666392995644
48061,0.09296779944700412
48062,0.014234842505378553
48063,0.1289863591618552
48064,0.11695530535983656
48065,0.010820268449933813
48066,0.07156622211684177
48067,0.024889981857498834
48068,0.04239034831853822
48069,0.05236991094795575
48070,0.058357450667301074
48071,0.3932147777416446
48072,0.08424020519821648
48073,0.37141076745426144
48074,0.025916361480792956
48075,0.9469083799443688
48076,0.19045613998591862
48077,0.03439041662382812
48078,0.033489265554304544
48079,0.030875062258142457
48080,0.06729212239719956
48081,0.03496234553205303
48082,0.018882652499276887
48083,0.08537920349387204
48084,0.10201502424066773
48085,0.03020330792025329
48086,0.03065641829753769
48087,0.05356737907975369
48088,0.03319487987496126
48089,0.019763396398771043
48090,0.1428513234471663
48091,0.30443780657330366
48092,0.22142884738723081
48093,0.017289570482050657
48094,0.022654503489926845
48095,0.02653352575353341
48096,0.07846391617118813
48097,0.07087783375661326
48098,0.188776855340964
48099,0.10388343956209503
48100,0.08469764804912552
48101,0.039759540224371434
48102,0.03332702561803364
48103,0.013882769609752836
48104,0.04671085904630874
48105,0.03638195369232827
48106,0.0517722060862194
48107,0.043005612867989
48108,0.07399388777878292
48109,0.04699338312347985
48110,0.05064384244119207
48111,0.0367558900128814
48112,0.009088645862477365
48113,0.037348069289383556
48114,0.06430157793032627
48115,0.027698788782917972
48116,0.027029938197467625
48117,0.03080691575323575
48118,0.012353632479190154
48119,0.0242455694880254
48120,0.05234749842834051
48121,0.06798770691508275
48122,0.0766285173654768
48123,0.08922188932126368
48124,0.029711239273984006
48125,0.22805177247821432
48126,0.03221932053987756
48127,0.010685082545747147
48128,0.011514929124051432
48129,0.0491373409629486
48130,0.09378583267523054
48131,0.030488214900343036
48132,0.04883863912816667
48133,0.06622441883593756
48134,0.06430283414806644
48135,0.5369062409471496
48136,0.09371869654677509
48137,0.30952374140847005
48138,0.05023634633481626
48139,0.04697906051403492
48140,0.05550040670924492
48141,0.039853663414236545
48142,0.04436184348181612
48143,0.026419376588372515
48144,0.025568675506031556
48145,0.03488153751358496
48146,0.0512093777950498
48147,0.08374581272638444
48148,0.09717290220030597
48149,0.02339960940832549
48150,0.04464551934453759
48151,0.026846998873585035
48152,0.030496216965509138
48153,0.023938043503852896
48154,0.027927395743951252
48155,0.08397020059355217
48156,0.02378004439987047
48157,0.12934607153047795
48158,0.025795429941218747
48159,0.038013822325190086
48160,0.11779449820774913
48161,0.06353736376346113
48162,0.037865049486126234
48163,0.015102588838977273
48164,0.021776466188967072
48165,0.1550400023000701
48166,0.15950272276144745
48167,0.0471850298759449
48168,0.17445755602029211
48169,0.08425191404690185
48170,0.05394967353302109
48171,0.022580923082074607
48172,0.019901069879196414
48173,0.017167885750377972
48174,0.021956761717162293
48175,0.047805213398389834
48176,0.08033297849716095
48177,0.44296128645844535
48178,0.03710138319198919
48179,0.045128545820612105
48180,0.11914848785378926
48181,0.05820189106539773
48182,0.06420280069076606
48183,0.02231306295461633
48184,0.09574857754565265
48185,0.0163123211751847
48186,0.10413508662516424
48187,0.9869182699711522
48188,0.04268974658077472
48189,0.02228036690155154
48190,0.052739050643465624
48191,0.1727332258328862
48192,0.015114893121019473
48193,0.019909602802109697
48194,0.032430084553175496
48195,0.10696556650380047
48196,0.22060677730130937
48197,0.08461067210133355
48198,0.04775554745026145
48199,0.01996529400939403
48200,0.1917166022440034
48201,0.02575367961894097
48202,0.045608995476679313
48203,0.009225217406443685
48204,0.03281053369553341
48205,0.04288083751808255
48206,0.04659363321537848
48207,0.010656869953557548
48208,0.10706660901400852
48209,0.08423488270574672
48210,0.06592584646690419
48211,0.06291969011611856
48212,0.05366328694554255
48213,0.1268660257413532
48214,0.07442370473972115
48215,0.032526712982366895
48216,0.034124393392750585
48217,0.06498328835617714
48218,0.22255713685337408
48219,0.05168891416199493
48220,0.06434327631972961
48221,0.05386478543172661
48222,0.057790234073011176
48223,0.012695030317162032
48224,0.028560786675591962
48225,0.15258667072975124
48226,0.04009034711471356
48227,0.08382196478734197
48228,0.02107634491185552
48229,0.029852708100641064
48230,0.03578097348270687
48231,0.08872288265794023
48232,0.048692352643803755
48233,0.02736898577865454
48234,0.04036509235967322
48235,0.06058651560827515
48236,0.044005513265911886
48237,0.014128881777184297
48238,0.05279587967008038
48239,0.13194199117411484
48240,0.08446710290090208
48241,0.009836606037301777
48242,0.030846926221044645
48243,0.025020537950146842
48244,0.0426326114170824
48245,0.0171531758220205
48246,0.053602656678816044
48247,0.025749245985847657
48248,0.06897940135440989
48249,0.022776741614123523
48250,0.23326078075945889
48251,0.06169395608572609
48252,0.016851548348055866
48253,0.03626362903930203
48254,0.09079084527863487
48255,0.0335397217922809
48256,0.021793419770673998
48257,0.05053234753845082
48258,0.045379755073536934
48259,0.03521100730275546
48260,0.02158016534119111
48261,0.034523482595367236
48262,0.029244951355725746
48263,0.05116295902129023
48264,0.05946629125501513
48265,0.03679775860570955
48266,0.04403062594550191
48267,0.04400573022258858
48268,0.15671958863809396
48269,0.1387938872057048
48270,0.033570845165262236
48271,0.009034691407148538
48272,0.012857460675008925
48273,0.022800761414530024
48274,0.01180512649918679
48275,0.07858219998693303
48276,0.044792807020031015
48277,0.02824788839705661
48278,0.01951480876785445
48279,0.01856482517730549
48280,0.056497163344101056
48281,0.0334930608380369
48282,0.015513007135798052
48283,0.23685524561658344
48284,0.031028945732748045
48285,0.017496753029703705
48286,0.1011519512286701
48287,0.06902520339603099
48288,0.08685101150680216
48289,0.14405170920898192
48290,0.07103301280329444
48291,0.062217904319488884
48292,0.034085258932908764
48293,0.21329127559053807
48294,0.13894061971480323
48295,0.04658297143013111
48296,0.025349555491004164
48297,0.020091574548060966
48298,0.028567904280143858
48299,0.10140557779675242
48300,0.09037946148287995
48301,0.028823495538452933
48302,0.0313390349785796
48303,0.03465100356789091
48304,0.1324007388249774
48305,0.012555017266823032
48306,0.03515452380424175
48307,0.11221276887871284
48308,0.0805110111097747
48309,0.023672442498307265
48310,0.016453860316697634
48311,0.07807262205708347
48312,0.10339166341554996
48313,0.05457276229853168
48314,0.023178643769035064
48315,0.0373915927023192
48316,0.04869519919277972
48317,0.01303090477359993
48318,0.026438421884726768
48319,0.12016139191259188
48320,0.0797357295666036
48321,0.23009305738029687
48322,0.07637931164825768
48323,0.036936829841318256
48324,0.03908425978120689
48325,0.15206136118413435
48326,0.05751765827796777
48327,0.11646434435274239
48328,0.06728947331665458
48329,0.03714536778099152
48330,0.1268940387229488
48331,0.012928317825720766
48332,0.3198911062123892
48333,0.013890281025292748
48334,0.1089313791496654
48335,0.0714676375493053
48336,0.050530178418053656
48337,0.05526342657897173
48338,0.013496894048370784
48339,0.23280994932982882
48340,0.01927354612346737
48341,0.02763133323513712
48342,0.03340245109069157
48343,0.021497514130398757
48344,0.11975672962396113
48345,0.1930724336411997
48346,0.02073507937508741
48347,0.02320477396618831
48348,0.0556826064659067
48349,0.045364260097935025
48350,0.13871169256474625
48351,0.05587488056873231
48352,0.07110635524883294
48353,0.043472547094047506
48354,0.02092685178697046
48355,0.027535865196670478
48356,0.14944165295702586
48357,0.0320304649222341
48358,0.02638490188333888
48359,0.0391980456890125
48360,0.14945621240678877
48361,0.08006189850138976
48362,0.07594375155651105
48363,0.02088250750776247
48364,0.044891589021961144
48365,0.043430894169450215
48366,0.2139221611510728
48367,0.03140937918138141
48368,0.014586083278596878
48369,0.018521177599570227
48370,0.018457976924097105
48371,0.049661272764541825
48372,0.0666408327379043
48373,0.042952796620927616
48374,0.03450494492500299
48375,0.03550052021680636
48376,0.19899450414712722
48377,0.016106697569213558
48378,0.09894267742126178
48379,0.16321126972820116
48380,0.0927280530238972
48381,0.20115252737758538
48382,0.11290826234526478
48383,0.0270870569539971
48384,0.10782634917751507
48385,0.0321524126783668
48386,0.03948470555918236
48387,0.02764188068914723
48388,0.06593417726414684
48389,0.1289770029394288
48390,0.09073651986714695
48391,0.13147599407878902
48392,0.0503206207445811
48393,0.06115480803227257
48394,0.06731593801425487
48395,0.03758836113681403
48396,0.07446937137914841
48397,0.018540733992072463
48398,0.009954718921891315
48399,0.08067369965301854
48400,0.031788972346345534
48401,0.035331762281999954
48402,0.15872857250695852
48403,0.03100316291111173
48404,0.1093028113828532
48405,0.032505822868726476
48406,0.11193346300667592
48407,0.02983171089053026
48408,0.1594128995096798
48409,0.03298885960978405
48410,0.09320429665575136
48411,0.052867879137063756
48412,0.01338663925193963
48413,0.06860960882581686
48414,0.013761958597003486
48415,0.05932232309942478
48416,0.08328502839553567
48417,0.02399438468074343
48418,0.06630719020730541
48419,0.05149205100863072
48420,0.07914806972950658
48421,0.030558633493921447
48422,0.1490939694062711
48423,0.029085708979802775
48424,0.015436617331491922
48425,0.27450008330325554
48426,0.08671660830609225
48427,0.01675966588857581
48428,0.018548635111547467
48429,0.03297665171341639
48430,0.021455765218221342
48431,0.04996280614339751
48432,0.04756532119409449
48433,0.05116329216127013
48434,0.12519597422977474
48435,0.01522569644698545
48436,0.038592096749843284
48437,0.027402817146769082
48438,0.030321971505319054
48439,0.16380024029163337
48440,0.02877780430900334
48441,0.05001253950505427
48442,0.041012399759031745
48443,0.07727007688765028
48444,0.09024163463130536
48445,0.22654054396179146
48446,0.0211304355132564
48447,0.06111829355940522
48448,0.13887912137437708
48449,0.11237179467060635
48450,0.02658695633538023
48451,0.03284789983354303
48452,0.015553474309421904
48453,0.018657424042291496
48454,0.1458210750870877
48455,0.018389980941920965
48456,0.042407937721542506
48457,0.04353237921598114
48458,0.016490053927801646
48459,0.20106728657181444
48460,0.03812601103669683
48461,0.009458965233245924
48462,0.10964634913167118
48463,0.014025504833995662
48464,0.009570585022137867
48465,0.15915392038432408
48466,0.14242489213799878
48467,0.1157816892522909
48468,0.09620122791158493
48469,0.06933931067835762
48470,0.01853561433288953
48471,0.1197030394005723
48472,0.04484872866877067
48473,0.015203859796103966
48474,0.08452468845180329
48475,0.045340715884589225
48476,0.04489209211823773
48477,0.03404953537782686
48478,0.03955187158036818
48479,0.051998719800759194
48480,0.06070858706993609
48481,0.1297224780985776
48482,0.01947256724672085
48483,0.12007832472091381
48484,0.02897212441078828
48485,0.04292995272746534
48486,0.02228722894833381
48487,0.14901031094057265
48488,0.01630846610345287
48489,0.02290341589928887
48490,0.015785077161563865
48491,0.021702342786284023
48492,0.0744463123739482
48493,0.06532626986428873
48494,0.014322265492566603
48495,0.08920485127825566
48496,0.019586062557874005
48497,0.33452697987675356
48498,0.01516013407301844
48499,0.10370324533536801
48500,0.03058099030249899
48501,0.2968598341108793
48502,0.08151142407168278
48503,0.04724043962624956
48504,0.027564089756951585
48505,0.038814160889097185
48506,0.024685118006789013
48507,0.012466811936300714
48508,0.08532908698160435
48509,0.02607310399591192
48510,0.030392706220192425
48511,0.012518259794654919
48512,0.058894613964456166
48513,0.05955246904793367
48514,0.030328357687783844
48515,0.2832899009908104
48516,0.0826044970161074
48517,0.07677290954650251
48518,0.03271358906721642
48519,0.009129233239811178
48520,0.26717759621294224
48521,0.01996197696022091
48522,0.1009193370267733
48523,0.045105879213780675
48524,0.15586222424764912
48525,0.029727374015827916
48526,0.02462136979096341
48527,0.05617436118100409
48528,0.22484015320274675
48529,0.01098784588941127
48530,0.05802040537538705
48531,0.016119347689983743
48532,0.042338658496226214
48533,0.016646224807893024
48534,0.03086225185244923
48535,0.3271561424609751
48536,0.311392873993261
48537,0.028020740320913683
48538,0.06636251733038895
48539,0.152477511397248
48540,0.038213136956716943
48541,0.017533044187859392
48542,0.046989922216830626
48543,0.013876439436412423
48544,0.11768567120586655
48545,0.07989432416959089
48546,0.05392968047461801
48547,0.15532152459792967
48548,0.08981107035013797
48549,0.06914427314880728
48550,0.05195779556041086
48551,0.05593018645829528
48552,0.1049264200843579
48553,0.042336523728374605
48554,0.18211409152542526
48555,0.12202491054377533
48556,0.015843510644122653
48557,0.11227805966214806
48558,0.1030649325339733
48559,0.02637435861788045
48560,0.028540375314459555
48561,0.04572244633727449
48562,0.05584786117507118
48563,0.01851392142442753
48564,0.027933208393522414
48565,0.05686742360424438
48566,0.04808898461736878
48567,0.0768788861793967
48568,0.10323962724263037
48569,0.028680385931004086
48570,0.03516058550324685
48571,0.2177373691038575
48572,0.7393491899422227
48573,0.036572303320641035
48574,0.04032485597061081
48575,0.034413982730423856
48576,0.031076374977348036
48577,0.03144232074304289
48578,0.08589952056957485
48579,0.03469611511001406
48580,0.11652122738582328
48581,0.05195151364382561
48582,0.04880963545962602
48583,0.048828969762609586
48584,0.023815109666673523
48585,0.07774824882696874
48586,0.015968839110512036
48587,0.057462332546645185
48588,0.07162214899483126
48589,0.025375557202556444
48590,0.038274641824171195
48591,0.0715318287348415
48592,0.06004369101685095
48593,0.020109921590243777
48594,0.09380739958120221
48595,0.11600876540139426
48596,0.031229158948692822
48597,0.03607432787386917
48598,0.036133503345610864
48599,0.029578640442590964
48600,0.07317456380998764
48601,0.06371970956561578
48602,0.06310421953366709
48603,0.029087433279013447
48604,0.03249061884981328
48605,0.09689713670800243
48606,0.19318190383288875
48607,0.025982800176821353
48608,0.01961856498309817
48609,0.19854492006966812
48610,0.23237003672348638
48611,0.019524680879083413
48612,0.13024672406632826
48613,0.04996016100666624
48614,0.10020433909545005
48615,0.12705060723611744
48616,0.04071389201104148
48617,0.04803735319998259
48618,0.025498639817085833
48619,0.01923567106605588
48620,0.12995061254072487
48621,0.38795911326753174
48622,0.043095336327256734
48623,0.2792657407860083
48624,0.017544358397636926
48625,0.15931067355286943
48626,0.058508180462086355
48627,0.48356849569613614
48628,0.06133983528698901
48629,0.048617749611173586
48630,0.1684352789732405
48631,0.08742734896640006
48632,0.06780760374028573
48633,0.02646446942104784
48634,0.031910068426780375
48635,0.18479508798048205
48636,0.49874354636064366
48637,0.07389102327098955
48638,0.05754511009628882
48639,0.031025327609152022
48640,0.055780673178716336
48641,0.15021031335565183
48642,0.025506032370596402
48643,0.05101177754732803
48644,0.016732592688310975
48645,0.02858070096913248
48646,0.14637864155415448
48647,0.0155406048528382
48648,0.07879896779705528
48649,0.08845409231600725
48650,0.08697273234134119
48651,0.10566546135754068
48652,0.02045250606716469
48653,0.07889981398832738
48654,0.03961788068120489
48655,0.09322446403917134
48656,0.029840226407515102
48657,0.09132781271759197
48658,0.02716396008491833
48659,0.04676393485980794
48660,0.06545213598484596
48661,0.046859269230653575
48662,0.05908699975636376
48663,0.0650869613734561
48664,0.19613804711944222
48665,0.25563948169479256
48666,0.02088134332468724
48667,0.03282110469973361
48668,0.07624717045732088
48669,0.028037207922512557
48670,0.12514719819796052
48671,0.04541516813216407
48672,0.08384257754423718
48673,0.02474137309952785
48674,0.11825311069471657
48675,0.12105784067192557
48676,0.04229476198999153
48677,0.05241869532211059
48678,0.07147260312329173
48679,0.03546804769163311
48680,0.17303284308829564
48681,0.019224627260094437
48682,0.07278437524439434
48683,0.21074227550331284
48684,0.03193305428857493
48685,0.0497719625018675
48686,0.01934475549213792
48687,0.16320244477973989
48688,0.23230827057365197
48689,0.04391740457432743
48690,0.04154784356030472
48691,0.04025744403374192
48692,0.10494455523837523
48693,0.015234729991631234
48694,0.07440406498456614
48695,0.01690444844826168
48696,0.01757429117942791
48697,0.08077038083087612
48698,0.03303143148549729
48699,0.0277523175565673
48700,0.047459818917224894
48701,0.014221021634214102
48702,0.13193804607452408
48703,0.016716683604373242
48704,0.02824304724950502
48705,0.08114931313603901
48706,0.06126354475211132
48707,0.05252257550263936
48708,0.009609802045621904
48709,0.03594328739496558
48710,0.03876802146149399
48711,0.028648910222741783
48712,0.04808305688470585
48713,0.04151007147043309
48714,0.029431641345071025
48715,0.1528133249590595
48716,0.10575135033487781
48717,0.26859516527780775
48718,0.12153671096260663
48719,0.02783643681107406
48720,0.025232747107001838
48721,0.022081506404724543
48722,0.032528491126695584
48723,0.05739032132640855
48724,0.034953343432542944
48725,0.05295120934662034
48726,0.08326812485552063
48727,0.5025075080445992
48728,0.05892581888408864
48729,0.2404316521181156
48730,0.023908813265541267
48731,0.023910772496430942
48732,0.029923382381119218
48733,0.053411688131441835
48734,0.029962246978841745
48735,0.02974577368028037
48736,0.02516996473163116
48737,0.02559952455719002
48738,0.03488957508638631
48739,0.19897796623581193
48740,0.03909725954206486
48741,0.075042091897501
48742,0.07198128166262825
48743,0.13032085057145676
48744,0.02340849854619433
48745,0.01944181200157752
48746,0.029152195788272564
48747,0.02829676609760222
48748,0.013083574727428939
48749,0.024482455040035406
48750,0.02772520499741416
48751,0.0867824758305418
48752,0.03613511785008238
48753,0.07757140656236869
48754,0.019726947071260825
48755,0.062354718126773546
48756,0.0254472030431473
48757,0.025257515222841493
48758,0.2092511148873932
48759,0.061946703760202865
48760,0.02611878847500609
48761,0.008600447714385997
48762,0.01684772119989712
48763,0.07743331386357383
48764,0.049674148730881676
48765,0.030265410184692167
48766,0.1075015523753658
48767,0.20137743519834686
48768,0.11141014588339289
48769,0.020832092932601496
48770,0.0127154058349749
48771,0.01681533714506527
48772,0.03737544462264824
48773,0.024847783328016817
48774,0.09218835034038238
48775,0.03025107178186127
48776,0.014551919406074849
48777,0.17289180794926384
48778,0.025206275099186354
48779,0.05273361872166165
48780,0.09845583857614423
48781,0.14095381842344457
48782,0.10634594149636149
48783,0.20043741784248276
48784,0.3345615315301004
48785,0.018423862431633634
48786,0.05738582957947154
48787,0.019045943770249235
48788,0.15559510075436925
48789,0.009339276447643223
48790,0.20126840099747423
48791,0.02013488125667502
48792,0.06019533070093054
48793,0.1268087998923378
48794,0.006715735980224816
48795,0.01405670843152871
48796,0.012520421490901592
48797,0.021958032772763012
48798,0.24113493565437497
48799,0.06005631660743152
48800,0.08207295855884346
48801,0.022461813508863195
48802,0.04340542511166149
48803,0.13524365293029791
48804,0.15860567901445197
48805,0.025361401867223465
48806,0.06297495432729167
48807,0.31462768271372865
48808,0.0276349428293978
48809,0.030650423754298578
48810,0.03365354702058893
48811,0.07114719481204292
48812,0.060472555499598644
48813,0.15094877880210264
48814,0.11284084074224723
48815,0.012833620949988106
48816,0.06056537455481978
48817,0.02005601841340834
48818,0.1938706605036823
48819,0.2130695424105642
48820,0.025148551919209037
48821,0.01773590229238069
48822,0.08859243621665278
48823,0.08811497789514738
48824,0.14945845543188585
48825,0.043102040891005
48826,0.025913046519744767
48827,0.06272815145488234
48828,0.025255745264737284
48829,0.057978689339519766
48830,0.010815446814231211
48831,0.302957509891475
48832,0.07669224490126803
48833,0.033443180707281694
48834,0.023079146516970628
48835,0.015650895523074068
48836,0.1481708526434381
48837,0.018108685329853266
48838,0.03544226385427597
48839,0.03292981735675795
48840,0.0181443425370244
48841,0.040784010621095206
48842,0.025995691156181625
48843,0.017227815703116878
48844,0.17788734663975914
48845,0.06176044513414712
48846,0.03508358781327245
48847,0.2914243579238681
48848,0.05484166714235332
48849,0.12873966656954813
48850,0.03613459629731945
48851,0.04025467359024695
48852,0.016617271558541695
48853,0.04952154191882521
48854,0.04011174157934112
48855,0.0339202433677447
48856,0.07866705300997288
48857,0.7200748441981767
48858,0.02134212055542113
48859,0.03755932624458867
48860,0.011354437471902474
48861,0.03650924603697382
48862,0.027760157595190838
48863,0.16538025126779962
48864,0.024293302858947544
48865,0.012764451591963115
48866,0.03585180946859894
48867,0.019285448777581454
48868,0.13441956657474932
48869,0.021472653240822787
48870,0.09105595939652146
48871,0.03222526698674347
48872,0.026221857061621515
48873,0.03464974281011789
48874,0.08755935194919331
48875,0.07831299585841593
48876,0.0194166937285552
48877,0.10384567920214957
48878,0.021832559959768065
48879,0.15591255812829832
48880,0.12994253878740789
48881,0.013826353555909391
48882,0.04726810689922262
48883,0.02014242835231254
48884,0.018485551073808365
48885,0.015485427074867456
48886,0.043695643047266454
48887,0.08870805306958754
48888,0.05414698530333351
48889,0.05384323917122302
48890,0.04692398805468166
48891,0.10403528056869187
48892,0.04401056300062576
48893,0.11437711113725624
48894,0.07937694839957458
48895,0.26115463484416906
48896,0.13253475339493404
48897,0.05036788949890886
48898,0.22558903459006388
48899,0.04262924265836253
48900,0.03778614245551716
48901,0.016242305608707226
48902,0.022874837881053038
48903,0.1274952564554974
48904,0.04947194997384634
48905,0.06756739197703535
48906,0.03272787188219501
48907,0.08427921075183023
48908,0.02600685403477169
48909,0.06726109655642919
48910,0.12514853578113738
48911,0.05095646985425517
48912,0.04177881181257817
48913,0.024837216580432878
48914,0.016499574192519934
48915,0.029474831833151312
48916,0.06048476677690154
48917,0.19497385066460243
48918,0.014827727117669092
48919,0.058922963999403236
48920,0.1322251636983361
48921,0.10238031987688753
48922,0.06515497354421439
48923,0.023887198887523095
48924,0.04047524274324402
48925,0.18173833990534005
48926,0.04794590803141727
48927,0.018791366043775154
48928,0.10401371095205642
48929,0.03955215116444112
48930,0.11182302057071533
48931,0.03269257527702175
48932,0.03677961582299303
48933,0.11468292544665525
48934,0.06005464394834041
48935,0.12070791832169178
48936,0.11603786750296477
48937,0.018424932314421945
48938,0.010678520806054023
48939,0.04390270780434477
48940,0.06315108056171727
48941,0.043563953541778555
48942,0.0337448772322277
48943,0.04083174646683372
48944,0.01333165151993388
48945,0.16855844243608348
48946,0.023185906894419024
48947,0.027284026904337268
48948,0.12748382818775017
48949,0.0518994104628473
48950,0.04734805809800065
48951,0.038879462750529475
48952,0.04540024206544989
48953,0.1066196510137887
48954,0.06720572373624481
48955,0.01203062646331181
48956,0.0403188834396752
48957,0.026514722319270354
48958,0.0497525177715278
48959,0.01144016066430958
48960,0.05305928188597153
48961,0.051838278997957336
48962,0.02780755466598276
48963,0.04048954965388324
48964,0.014077007844125772
48965,0.06137736695295488
48966,0.010278059796442347
48967,0.029393848469145355
48968,0.03305071751876594
48969,0.048284495483619
48970,0.18509249696484253
48971,0.02602536943583387
48972,0.02928880940690372
48973,0.029011899617419956
48974,0.06738320354683343
48975,0.09562745883962118
48976,0.023059077353143147
48977,0.03668208475636417
48978,0.043216277643028274
48979,0.09791200793735118
48980,0.07818875620831083
48981,0.03148867883283978
48982,0.029699134540948774
48983,0.01743478091578048
48984,0.1354877302466098
48985,0.08651038766178717
48986,0.0592288560602431
48987,0.05336594706291868
48988,0.11875405620338214
48989,0.10768014065509986
48990,0.1586020132660436
48991,0.010787859958323969
48992,0.040275478269700946
48993,0.037289861814247156
48994,0.05894702807451209
48995,0.03049954324415116
48996,0.05766190035674096
48997,0.04747085039298444
48998,0.02323610303341972
48999,0.009047668962056608
49000,0.02898908049051158
49001,0.03517511046936616
49002,0.05373377942581471
49003,0.09988407330638206
49004,0.08934614376808736
49005,0.039117852245753704
49006,0.1368676231210508
49007,0.034872053243832586
49008,0.022594251456624907
49009,0.04846632496618578
49010,0.036539527220574644
49011,0.0366510904476565
49012,0.16120784972535082
49013,0.028556329491591256
49014,0.12251594974520306
49015,0.08148124078126749
49016,0.036161505368683275
49017,0.09548944344983941
49018,0.020387119627314015
49019,0.028394990286365492
49020,0.0668637414740291
49021,0.016218637876535574
49022,0.13257432558680188
49023,0.02319532034916935
49024,0.04213927879302632
49025,0.019881482498721598
49026,0.01941462085333081
49027,0.017463544665059876
49028,0.04941446337286977
49029,0.03707032766807334
49030,0.022451068077969823
49031,0.022079412577838773
49032,0.022244763776973434
49033,0.0715346895932341
49034,0.18188673004236305
49035,0.1282399288533739
49036,0.016315497611924357
49037,0.0327738524369323
49038,0.09433241375563683
49039,0.11839744024019969
49040,0.060952002561122286
49041,0.08398399519509187
49042,0.05296414231568306
49043,0.03455162631590953
49044,0.05598783260953662
49045,0.020681132351631368
49046,0.26128458798795373
49047,0.1820760389176233
49048,0.014558580995492353
49049,0.05686665779726577
49050,0.13416430488196512
49051,0.031818936814207305
49052,0.1395690514992677
49053,0.07000144332884663
49054,0.04862586971964232
49055,0.03052970739159111
49056,0.010257592080853755
49057,0.012800650753913083
49058,0.034030528927046
49059,0.026294992504213178
49060,0.037350228097704496
49061,0.05066094024879944
49062,0.27475057913271117
49063,0.035122908838749536
49064,0.04258422358832395
49065,0.022528790920010842
49066,0.05063312800723521
49067,0.039759701504222894
49068,0.14293436416450422
49069,0.04162822753313318
49070,0.4654425836527432
49071,0.015518765438131306
49072,0.016522358245139673
49073,0.0171759105210005
49074,0.027007585178825236
49075,0.07095726919611314
49076,0.0231631060027318
49077,0.031679054849457676
49078,0.06522986165925214
49079,0.020161572164923123
49080,0.02733136987835338
49081,0.03871300713975046
49082,0.08608505860366003
49083,0.03352144754910976
49084,0.21143134644910366
49085,0.05061922464027574
49086,0.039603985820470464
49087,0.03604685275089886
49088,0.3798940847057656
49089,0.03361459637387501
49090,0.1638358179380464
49091,0.02729748150665959
49092,0.022202749463464753
49093,0.00973723046167515
49094,0.06361663992137534
49095,0.07765686713893691
49096,0.05175885345310824
49097,0.45250890891640927
49098,0.16009493028469707
49099,0.06890395759139285
49100,0.05077338104470944
49101,0.023407683320238952
49102,0.04289992418670767
49103,0.022325160052842373
49104,0.12342947654103048
49105,0.031985489563326606
49106,0.05860850110734738
49107,0.0282657925227476
49108,0.17200742030159552
49109,0.030144099489465018
49110,0.019766976232460598
49111,0.04214604654673082
49112,0.03654420640569806
49113,0.11270420540229173
49114,0.10678131310932949
49115,0.012331503452072541
49116,0.24240143595155927
49117,0.04186588296981528
49118,0.13059972172722867
49119,0.06884425656185461
49120,0.04381661789584644
49121,0.018676462474845185
49122,0.0270849779722857
49123,0.03720618807578281
49124,0.13809212648890312
49125,0.10378296186571552
49126,0.07624461933753773
49127,0.02439463467328301
49128,0.034877173058514364
49129,0.03229079915186754
49130,0.06621337683331431
49131,0.12814765440589085
49132,0.09269038336206968
49133,0.12799095457653042
49134,0.40141304939960254
49135,0.09987607777988489
49136,0.03859993023732756
49137,0.043926125534058155
49138,0.021162917039780554
49139,0.02382446805125532
49140,0.051111918679421456
49141,0.08242736682591163
49142,0.023959135914296978
49143,0.21633548597613983
49144,0.011306164391737542
49145,0.040262161075429286
49146,0.06587961378200036
49147,0.16399732307923892
49148,0.01707777315779129
49149,0.1218317913742481
49150,0.03908356874128796
49151,0.17639875469964383
49152,0.012176290575452633
49153,0.07814794826612287
49154,0.08608897607833667
49155,0.03357548802880243
49156,0.010089634792257269
49157,0.030713143860666738
49158,0.02309859037939696
49159,0.07256380898793231
49160,0.176475080141745
49161,0.011595075052297028
49162,0.1276005388906769
49163,0.08979713284420987
49164,0.08637680851827195
49165,0.12440336577031005
49166,0.01701692310643362
49167,0.1089969152773245
49168,0.02828784335731263
49169,0.029593179321313823
49170,0.05705084375527039
49171,0.017156195540367077
49172,0.126199649979946
49173,0.03016239116297865
49174,0.06200191997341202
49175,0.02523286012371036
49176,0.10340412352750812
49177,0.11719750470449153
49178,0.016802430339628294
49179,0.016087265975935454
49180,0.1934751815716429
49181,0.017507876575194835
49182,0.037476376734174754
49183,0.10301100842598573
49184,0.04824026815055128
49185,0.08299601633868514
49186,0.03393584441274798
49187,0.10570997251536565
49188,0.0247748410743059
49189,0.062425198944853266
49190,0.2551566085670524
49191,0.0330416364490506
49192,0.07919739839623477
49193,0.09170730079643866
49194,0.16847401613182272
49195,0.11269626024131352
49196,0.09138333810837482
49197,0.02561524234121831
49198,0.07695470692383673
49199,0.037678946768984596
49200,0.018572312302643376
49201,0.04061036417292897
49202,0.2893362651501241
49203,0.0771635077751306
49204,0.0891081319570233
49205,0.07821391088456096
49206,0.022164574921549
49207,0.09703728006703483
49208,0.055547014571759985
49209,0.01646857654607361
49210,0.23068993243614733
49211,0.021703321553725327
49212,0.03333280016377277
49213,0.2610136888649519
49214,0.04599812963273822
49215,0.08857263435688392
49216,0.08785352809586755
49217,0.07435526603905057
49218,0.052864082122506664
49219,0.04865335790166702
49220,0.05672203958212542
49221,0.05532285257919936
49222,0.01677221711799253
49223,0.04548041360417067
49224,0.21567601484929796
49225,0.017963370227156425
49226,0.02026950179588313
49227,0.025002671545017924
49228,0.07538521069933378
49229,0.03609211557931682
49230,0.055157048694212285
49231,0.22685692711030145
49232,0.12098601260982463
49233,0.02798423705617082
49234,0.05178958815314069
49235,0.024941126038454435
49236,0.034733237804818934
49237,0.12001965728849025
49238,0.01409864149402374
49239,0.02459315123433409
49240,0.010215990560498286
49241,0.08458210369667175
49242,0.01839562815230427
49243,0.10554059642315539
49244,0.37137134240503467
49245,0.09117723556080037
49246,0.03311592090255862
49247,0.017872568832802117
49248,0.018456750463789924
49249,0.06009205037596941
49250,0.08806610447307167
49251,0.04373763104472562
49252,0.23402625586422748
49253,0.04735005534953078
49254,0.1085551538555274
49255,0.07731895440901022
49256,0.05586548173088828
49257,0.055926857120599784
49258,0.0257138217767163
49259,0.010634685473428968
49260,0.1057874410911543
49261,0.02923495919294282
49262,0.016517929765698193
49263,0.09344419319195721
49264,0.014096842820481022
49265,0.14952580020452122
49266,0.02873391304646373
49267,0.014972249167411238
49268,0.03154075455423693
49269,0.023530340450319036
49270,0.03378287300407986
49271,0.021943757598918003
49272,0.023797617880593022
49273,0.061563702073547846
49274,0.1513174622362348
49275,0.015474875781286684
49276,0.015273445408881217
49277,0.09562762403750691
49278,0.02751001969483102
49279,0.05229061377779018
49280,0.08241265456118987
49281,0.025264001896419426
49282,0.039408140858854926
49283,0.017407131341914937
49284,0.11008418094682836
49285,0.029547516055196742
49286,0.02850015127300723
49287,0.04088793265246201
49288,0.14375143008972374
49289,0.02459973396930621
49290,0.16515867391501254
49291,0.06252648614645567
49292,0.05724168285657276
49293,0.10059948938623846
49294,0.14476695452841748
49295,0.13145035205260636
49296,0.053651936328454414
49297,0.0199475455512037
49298,0.03316580011115239
49299,0.022972323776236793
49300,0.08352663280140674
49301,0.06237185586502661
49302,0.033489893880040686
49303,0.02937293227856015
49304,0.02918811335792723
49305,0.07890623335122761
49306,0.082455726023912
49307,0.042940985203906615
49308,0.06217107547924883
49309,0.03398562648969548
49310,0.09997073426509032
49311,0.021524781004305132
49312,0.18197621154943275
49313,0.0407140135429578
49314,0.02098221414478302
49315,0.020030252854288895
49316,0.060176060209015336
49317,0.03460144617516174
49318,0.015663931250718296
49319,0.02184621643054497
49320,0.0330026581625472
49321,0.07653559416171067
49322,0.011716779146643893
49323,0.05708553378755259
49324,0.08781187867278704
49325,0.03635793356618204
49326,0.11352628390559714
49327,0.02186693962682835
49328,0.04515214844410985
49329,0.02362893868625758
49330,0.01496190441647624
49331,0.01935667135280995
49332,0.060884752281479826
49333,0.03802835567492681
49334,0.037549659980796
49335,0.012734615606612116
49336,0.06864354978838191
49337,0.040895435597855995
49338,0.10920098108333383
49339,0.3920340108345832
49340,0.027573844165289064
49341,0.02099599566738366
49342,0.10895980275881217
49343,0.06593947641676207
49344,0.026162078119380996
49345,0.05509907006613412
49346,0.021892437935535383
49347,0.07635261190968463
49348,0.15250849626308785
49349,0.07207277850595048
49350,0.0225916304646619
49351,0.03236274100079709
49352,0.06981544205236634
49353,0.017813140127611204
49354,0.02924894577539044
49355,0.0074209904523902205
49356,0.02163623142294224
49357,0.02185689600571113
49358,0.032678812217570005
49359,0.046950872948705806
49360,0.028889531673896945
49361,0.0562390313550673
49362,0.025403084847276405
49363,0.02357455148553485
49364,0.04914840913754117
49365,0.03395403795755979
49366,0.029650602252695724
49367,0.05241425182940982
49368,0.1257537517766332
49369,0.023980746026340302
49370,0.018713845062843907
49371,0.04995737354506041
49372,0.03530951870626652
49373,0.013760003987888517
49374,0.05915946438242894
49375,0.02803671740737044
49376,0.015303637514060383
49377,0.052443320936525484
49378,0.09115295878368578
49379,0.010257273637452928
49380,0.1318596293803702
49381,0.13352079356092375
49382,0.05888760759281339
49383,0.04823176595245815
49384,0.5149917462720375
49385,0.016002651466067674
49386,0.024000870229774846
49387,0.06418399665882162
49388,0.11357919624192434
49389,0.04130870032216199
49390,0.0184402128294682
49391,0.021206033846725533
49392,0.02412552641339269
49393,0.03673994354748278
49394,0.04062347129783923
49395,0.061346124563120705
49396,0.10073412234191888
49397,0.19642912606010152
49398,0.010449089982925902
49399,0.06289581097615507
49400,0.07739639491111572
49401,0.02965624297174639
49402,0.03783466749716286
49403,0.017149606222053252
49404,0.027226933376189675
49405,0.01793688186413157
49406,0.11360064709168397
49407,0.06634018239503774
49408,0.042901051366659934
49409,0.02184195036076763
49410,0.020994301169087563
49411,0.023838092641415315
49412,0.049355136932522546
49413,0.03689261476579293
49414,0.06927124416809131
49415,0.0900057449918232
49416,0.11104790367619627
49417,0.04812167032324825
49418,0.07826231475782491
49419,0.12008783563180207
49420,0.16059727383596706
49421,0.048610155632301325
49422,0.048140579912726134
49423,0.1290608059948619
49424,0.028176529002202622
49425,0.2739246065602396
49426,0.0494371216797433
49427,0.03584033762644346
49428,0.40814244190810434
49429,0.2882731237844107
49430,0.041337533898593376
49431,0.03536457437206968
49432,0.3027977332760011
49433,0.023624728209165946
49434,0.013869346606775315
49435,0.0779559132983264
49436,0.06567353796675914
49437,0.04477434997264371
49438,0.027838927507242154
49439,0.06754075273664335
49440,0.315680334371618
49441,0.027219955302659513
49442,0.0207293406920269
49443,0.08699234558268383
49444,0.05221479288640635
49445,0.03244826010737678
49446,0.06294725799622083
49447,0.01701086794541754
49448,0.031953387765333276
49449,0.28482542593437293
49450,0.05885376811596764
49451,0.016211661612030137
49452,0.047638068461816736
49453,0.043112749602351855
49454,0.040934152026041545
49455,0.024286222292657172
49456,0.031173053430383076
49457,0.3021523126488445
49458,0.10159367005952694
49459,0.07793276323497532
49460,0.06148570236118915
49461,0.40428178107726803
49462,0.0306502401350388
49463,0.02268954034906701
49464,0.18728272883113403
49465,0.029857097066830415
49466,0.5819213118280272
49467,0.020496619872402567
49468,0.10593150156821447
49469,0.009809159742508521
49470,0.012824801635030888
49471,0.03952706708539104
49472,0.015259145538010922
49473,0.059097578562851194
49474,0.15129693421962015
49475,0.18445430515569936
49476,0.05693888605224702
49477,0.07235106377546434
49478,0.019665489107575086
49479,0.03228659104409406
49480,0.08948682615961259
49481,0.07086506563753553
49482,0.010728262443272704
49483,0.07702261665812345
49484,0.05601490192613293
49485,0.07725562995536212
49486,0.03682211602273813
49487,0.050611431432517805
49488,0.22477164578782033
49489,0.06488909251086493
49490,0.017946023936070272
49491,0.04707697988728628
49492,0.03749082184264316
49493,0.02191694051039518
49494,0.02931442401717235
49495,0.027784043359530212
49496,0.04162345198532397
49497,0.023368931614332532
49498,0.0339596024017619
49499,0.03496727529305302
49500,0.04154705278154398
49501,0.042378974612888504
49502,0.03363370085101888
49503,0.08549306176955443
49504,0.00994097914404254
49505,0.06913451730926559
49506,0.10208816897224625
49507,0.0430564541877059
49508,0.3991007747949794
49509,0.03138346516424697
49510,0.019707179991749126
49511,0.028760233826641658
49512,0.041221673312992896
49513,0.012320795194807731
49514,0.04036617108473709
49515,0.10051352862120488
49516,0.025067885040802283
49517,0.06116935539655968
49518,0.08422929564603909
49519,0.01838285994315071
49520,0.08525497156636176
49521,0.080529912135288
49522,0.06151844126196971
49523,0.01476100173393323
49524,0.016150857398726702
49525,0.03438151316452062
49526,0.08631675098265396
49527,0.04053189011768489
49528,0.16826269049834428
49529,0.07468501487980359
49530,0.08866914331454326
49531,0.04362051196129828
49532,0.20093150326783094
49533,0.01216674756531879
49534,0.05186961720408857
49535,0.018205685756309535
49536,0.08157236602161219
49537,0.029774836161525316
49538,0.02160926023205135
49539,0.34353689757997163
49540,0.08920281721344353
49541,0.017010365906354106
49542,0.03951705567207674
49543,0.036269550891465406
49544,0.04420497257386578
49545,0.03191459208184906
49546,0.16880959282899982
49547,0.06490560045254294
49548,0.010532412509547465
49549,0.08216708096319589
49550,0.057709574379857395
49551,0.010326219647048359
49552,0.1453285161953766
49553,0.07327140632498645
49554,0.4854894168622911
49555,0.04965061088335134
49556,0.12941591411438147
49557,0.014931758760854182
49558,0.03934127383321149
49559,0.015865017424091275
49560,0.026864922620017453
49561,0.012173304969471816
49562,0.016204662074849944
49563,0.06278824249332911
49564,0.09974547525291422
49565,0.05490249307228852
49566,0.09196136982469491
49567,0.026780224986406576
49568,0.04925937949005106
49569,0.02216149699409743
49570,0.0642772183238853
49571,0.09869446526891708
49572,0.04570144957865138
49573,0.2539104595118185
49574,0.09140128624662688
49575,0.04351817704277306
49576,0.0703220484412799
49577,0.016772553190730816
49578,0.16698053385017758
49579,0.18336656543037455
49580,0.013499602246818303
49581,0.02414831531960631
49582,0.03477151077201857
49583,0.016584667538154664
49584,0.10230832118504324
49585,0.0313568957186934
49586,0.058593444553012075
49587,0.057025176905885586
49588,0.08658699640526514
49589,0.025733160557478985
49590,0.011468171465416703
49591,0.06419321952578433
49592,0.11735978041642402
49593,0.06682118024957744
49594,0.06157135427839085
49595,0.05397883733879143
49596,0.025868593381243088
49597,0.03001213698581369
49598,0.01139281924774508
49599,0.01310595734311146
49600,0.13215686919110986
49601,0.05442443677036227
49602,0.1108337985786327
49603,0.08081203685971385
49604,0.012063923199434896
49605,0.2713739768393421
49606,0.09635330365294154
49607,0.03056329825397945
49608,0.0536661345281978
49609,0.059444409499911706
49610,0.15643565464013187
49611,0.03772850675589613
49612,0.1123954795698659
49613,0.04826609101368935
49614,0.0690813879876362
49615,0.03762818805716155
49616,0.03772370691963794
49617,0.016324324136824213
49618,0.056333073800662097
49619,0.02260915268721271
49620,0.10078107733134736
49621,0.041642019243565934
49622,0.10723169446612413
49623,0.07530071683477488
49624,0.024504377863392116
49625,0.23892421950987366
49626,0.11521341190352496
49627,0.027191379343956164
49628,0.05665767376255615
49629,0.07364923166545544
49630,0.024709408400580918
49631,0.025611180360944976
49632,0.07498732872811781
49633,0.040179617991087324
49634,0.010306201435852978
49635,0.07940479384466928
49636,0.07135950900703597
49637,0.04485998612153988
49638,0.022731025539395256
49639,0.09205463917175077
49640,0.3185021619632802
49641,0.1001629578064823
49642,0.011596329260187407
49643,0.07526082977294815
49644,0.16518633165172764
49645,0.06845674779114022
49646,0.05954244053484087
49647,0.06747903808813245
49648,0.06187333854408799
49649,0.03524486355264966
49650,0.009135103851198896
49651,0.017786459189490372
49652,0.2909099679659672
49653,0.09035388124233379
49654,0.024098805007279046
49655,0.022604450173760508
49656,0.3333623053400938
49657,0.05415582198203263
49658,0.033195689131708235
49659,0.07476435986577394
49660,0.019750465548280145
49661,0.030745517381336046
49662,0.09382414829782788
49663,0.08936783981548053
49664,0.038358891828781626
49665,0.011485561331996803
49666,0.019412196850947264
49667,0.027059556524781217
49668,0.0347572550693001
49669,0.02273388159995103
49670,0.027667842331058734
49671,0.07112748874159844
49672,0.0493861572500752
49673,0.08606170740912086
49674,0.015281706005507826
49675,0.02826822108544864
49676,0.048013407096785116
49677,0.023547328300796262
49678,0.14202212279295676
49679,0.042252997435476135
49680,0.031049655076563203
49681,0.10643798348115074
49682,0.0487824542685326
49683,0.03884752063895232
49684,0.1537455568605886
49685,0.2072712557210607
49686,0.06746893902771287
49687,0.07626485972819502
49688,0.013058290473075225
49689,0.20127958720719935
49690,0.2793270897975329
49691,0.06633693759876373
49692,0.028943001916419867
49693,0.09084742250379153
49694,0.10358151570811017
49695,0.030086543712012945
49696,0.08470938950973741
49697,0.04087589141143437
49698,0.058145465581645364
49699,0.029524752820208215
49700,0.07599094865858583
49701,0.02433637667590533
49702,0.021554770830415588
49703,0.10281979318790879
49704,0.031737265774953574
49705,0.05326732014020752
49706,0.05107538921255146
49707,0.06630726272832185
49708,0.009348697542730086
49709,0.012189613076543447
49710,0.0534375104618147
49711,0.10546927298078548
49712,0.20278645418065683
49713,0.019126543145616293
49714,0.05547477691865736
49715,0.02785339082327963
49716,0.11714297855013087
49717,0.016175005886163198
49718,0.256543563119997
49719,0.11440396800830432
49720,0.018066523324706374
49721,0.0320677629218788
49722,0.05332359239326343
49723,0.06014148288531833
49724,0.03942702079479563
49725,0.012598917745635561
49726,0.16086300526209485
49727,0.04387919049642904
49728,0.02875506980649723
49729,0.02316422777385188
49730,0.014904636048381149
49731,0.06593089260789847
49732,0.1158291144853126
49733,0.03830444628109491
49734,0.6800218811826548
49735,0.05678051404005507
49736,0.03392107143428352
49737,0.03310923944780793
49738,0.014256812742711586
49739,0.0342626996630383
49740,0.0342468375810916
49741,0.06712591365494944
49742,0.06630413415053242
49743,0.021816203352971335
49744,0.02885397378661213
49745,0.30219440109221085
49746,0.0795142318829356
49747,0.06281994063877894
49748,0.11678531678676285
49749,0.037044695358778086
49750,0.08780339777199159
49751,0.024682423658555705
49752,0.08004890445472802
49753,0.027568526610593336
49754,0.030948893455677917
49755,0.03729749959924916
49756,0.08113756295735576
49757,0.507587530521274
49758,0.02631640392988354
49759,0.035220543989868555
49760,0.01781753365187312
49761,0.04142851519997735
49762,0.057312199919263195
49763,0.04555633628840983
49764,0.023558484572256115
49765,0.24143144036881867
49766,0.013687996027119897
49767,0.010506484392037945
49768,0.023399573498069065
49769,0.04337804993407763
49770,0.014962681506322701
49771,0.01757596540012178
49772,0.15735430142293694
49773,0.029963618006417357
49774,0.06319276317070949
49775,0.1614952704492205
49776,0.22175996262629788
49777,0.01689751123507425
49778,0.010879283153839
49779,0.05459404756045995
49780,0.0702416451611635
49781,0.02006013449908179
49782,0.04372820462217662
49783,0.03686808576497138
49784,0.027821195636312742
49785,0.017273054144270664
49786,0.05561279687667547
49787,0.06169622662196042
49788,0.08190413432634262
49789,0.04645360006359856
49790,0.10003604634414376
49791,0.037751184851848044
49792,0.043826073838291006
49793,0.04931228318511579
49794,0.055675333298211054
49795,0.021993063393542463
49796,0.07306380145198778
49797,0.08334903097810012
49798,0.06186303485903237
49799,0.02509864510765629
49800,0.046203608541915436
49801,0.12726473271456018
49802,0.0257013339850815
49803,0.040117471092110474
49804,0.19093075601056758
49805,0.02547217165766401
49806,0.04039184411118756
49807,0.01897095904624789
49808,0.02245563536240458
49809,0.05916069591790127
49810,0.023353203704046158
49811,0.07368893970049742
49812,0.05147376077154571
49813,0.12703026560598263
49814,0.011296851927539533
49815,0.10715759432446015
49816,0.14678674133505382
49817,0.0627626553445662
49818,0.013532751348513753
49819,0.059275355641392455
49820,0.014793471308898982
49821,0.21064828015386128
49822,0.0151388034583019
49823,0.05991753216167691
49824,0.010747169762057342
49825,0.03980060665403738
49826,0.011543786957289939
49827,0.03623543914485272
49828,0.014283241842937121
49829,0.046659307457949536
49830,0.08857221014259553
49831,0.05608489190783601
49832,0.05424319473109074
49833,0.07356767252057954
49834,0.047740060235158796
49835,0.015140443443324672
49836,0.026291533011882348
49837,0.06882264722939503
49838,0.02995941644059615
49839,0.02289435434058135
49840,0.03499214676923801
49841,0.23457133158039697
49842,0.035701607278721764
49843,0.04353236864737962
49844,0.0363444173237266
49845,0.1396451081806862
49846,0.447397397848878
49847,0.022701619431819583
49848,0.10918485621719327
49849,0.01136789609830608
49850,0.02911157121001425
49851,0.03667725933082814
49852,0.13647156884440767
49853,0.02643172839330561
49854,0.030009337088571196
49855,0.02216634786981864
49856,0.026250276974416488
49857,0.03308627922896341
49858,0.21117236760038405
49859,0.032715997396441675
49860,0.09562235159410071
49861,0.13137631768323288
49862,0.055788130056348195
49863,0.04831126119583136
49864,0.10497699341285177
49865,0.08081586220725429
49866,0.022271379157107064
49867,0.042442394376122225
49868,0.0393235657637254
49869,0.008108348058986787
49870,0.0440107297376524
49871,0.03398902596677751
49872,0.5476110487780977
49873,0.04031481858729973
49874,0.03265423649274953
49875,0.012671606307488578
49876,0.023985970720696203
49877,0.01753647796560934
49878,0.09422305643128981
49879,0.04506066205285818
49880,0.03389625920719763
49881,0.016336063709563715
49882,0.014750829721413727
49883,0.02355707264330749
49884,0.028344762703263145
49885,0.012808582516136237
49886,0.025023835166243274
49887,0.01064108550912848
49888,0.020070332775665924
49889,0.29524804024790974
49890,0.055945211364239376
49891,0.014835717213764595
49892,0.05611718550122695
49893,0.08055768535172801
49894,0.03621039464100133
49895,0.018672174104516014
49896,0.11675806733014499
49897,0.049847594827346665
49898,0.050303185101467106
49899,0.028476270683486994
49900,0.017569432779961806
49901,0.03947175362903066
49902,0.03130007343592174
49903,0.029897814987461007
49904,0.08363998035613371
49905,0.035679514047758196
49906,0.07896097808137607
49907,0.050633828466853645
49908,0.01853869239785736
49909,0.056473465524460614
49910,0.024930712442617797
49911,0.2450855306154567
49912,0.0717008532503108
49913,0.1261664923669048
49914,0.16704492390674114
49915,0.033866919536161125
49916,0.27906210808313586
49917,0.016372970733674018
49918,0.07650893054298231
49919,0.011395103561899343
49920,0.08256926958691638
49921,0.06782890180966349
49922,0.05683239303623042
49923,0.019873418249298325
49924,0.044918211864558535
49925,0.04549824364602697
49926,0.014841322775266026
49927,0.030892390538612216
49928,0.06533254057584162
49929,0.07555190015758748
49930,0.04996416009041864
49931,0.07266095919952807
49932,0.060366854520492605
49933,0.020138922529262186
49934,0.14634630199722776
49935,0.12475605197223227
49936,0.10039866974390599
49937,0.07072400474403909
49938,0.22563512938100744
49939,0.013781226717612834
49940,0.030520418693250218
49941,0.030305852026308096
49942,0.052590841298936375
49943,0.12446106255426026
49944,0.035568999798558
49945,0.013358421616861967
49946,0.10795958104967181
49947,0.020229495116616578
49948,0.05937968954499485
49949,0.02941500910552667
49950,0.0871979188503754
49951,0.09961442944019709
49952,0.03316546120377318
49953,0.07027996901479175
49954,0.03320674585952765
49955,0.16334228092707034
49956,0.040377524805442246
49957,0.07415489853051624
49958,0.04547737418673046
49959,0.029619808852345907
49960,0.053637066727600255
49961,0.12723466400833616
49962,0.046393555560976005
49963,0.07964066345334822
49964,0.017475434166632397
49965,0.07894297267720563
49966,0.01869305899413314
49967,0.01644458489278526
49968,0.06379742353114973
49969,0.09167890326276565
49970,0.020474247896280006
49971,0.19570956940611228
49972,0.06064986986222182
49973,0.05143911628756319
49974,0.13176250507065473
49975,0.32792120591733387
49976,0.01686007804243201
49977,0.017907325250940343
49978,0.13385674525487218
49979,0.013860554104246567
49980,0.054861310660051996
49981,0.06109611086925493
49982,0.023492205727359747
49983,0.02208653325902653
49984,0.043285080172940735
49985,0.07747030324407303
49986,0.02848105990207004
49987,0.03777388253160768
49988,0.06077288878903789
49989,0.21631271938489127
49990,0.03293486552408878
49991,0.4114055260170655
49992,0.15333221088867516
49993,0.497638943538555
49994,0.0819242643199864
49995,0.03313620805524177
49996,0.10818370626309018
49997,0.05746209169077371
49998,0.04674202255204109
49999,0.05939227377770831
50000,0.08670814775092257
50001,0.027276439594521258
50002,0.04804688140541358
50003,0.013912448240940907
50004,0.028239114424897502
50005,0.04764876725541164
50006,0.05844257864350537
50007,0.04109887056357806
50008,0.1072276583276113
50009,0.0144756822027273
50010,0.10314680632602652
50011,0.02704685205190238
50012,0.033482609579655716
50013,0.15495224719460915
50014,0.04390615516852513
50015,0.04152575247526571
50016,0.819295341625136
50017,0.03326691819896785
50018,0.01608490747321946
50019,0.10860480529518235
50020,0.036503373249968635
50021,0.019532797676052302
50022,0.03323715761210607
50023,0.12746061136999975
50024,0.040932795234860014
50025,0.035274645926104124
50026,0.020750675168760918
50027,0.019845833429749993
50028,0.07712428133272028
50029,0.12091977098087006
50030,0.07569696445076034
50031,0.05964600339177548
50032,0.01964501892504473
50033,0.17751545124754778
50034,0.047860186368195654
50035,0.06722048824116142
50036,0.28072162347314805
50037,0.012222389901616022
50038,0.08386776387756026
50039,0.04053217789509259
50040,0.16694239078959686
50041,0.09969694831795008
50042,0.19688316454961102
50043,0.08612396211328799
50044,0.03455071202572253
50045,0.011290168141541556
50046,0.042277121667581484
50047,0.012681434255830494
50048,0.013859887131999288
50049,0.014705198061239502
50050,0.06419199009635623
50051,0.061366062433145026
50052,0.03345631897886638
50053,0.029580269824311473
50054,0.01718151481884518
50055,0.033551585182582735
50056,0.07450055100879398
50057,0.06712618277389582
50058,0.08907783011011604
50059,0.05942610772424996
50060,0.12016632524684916
50061,0.12802922020339536
50062,0.04040853413909364
50063,0.04283267333524967
50064,0.03739665546995257
50065,0.02278467972867347
50066,0.12040510634468435
50067,0.03889937811890485
50068,0.06455505749252777
50069,0.050679706728079976
50070,0.017766228751386934
50071,0.016394360924272672
50072,0.05572626294158642
50073,0.018391353808983484
50074,0.08564891653060583
50075,0.023283164392390438
50076,0.029783155510806198
50077,0.026964552591125297
50078,0.035960502434114285
50079,0.02434170136459029
50080,0.07255302228146948
50081,0.038315137891106896
50082,0.05282320574871357
50083,0.1469840258634339
50084,0.07420633936920905
50085,0.033007642011734464
50086,0.044744981046385926
50087,0.014260555233028336
50088,0.05440918242815611
50089,0.10526856207401064
50090,0.00969396073961113
50091,0.03734531585602077
50092,0.033902185728740014
50093,0.015073778144105366
50094,0.027915015743500533
50095,0.010590892559526
50096,0.05004395297743395
50097,0.05008563498317411
50098,0.12040560681353624
50099,0.02955893524971156
50100,0.07079567095878463
50101,0.04374635667285479
50102,0.05860660226951534
50103,0.02288477396732948
50104,0.03529058876096946
50105,0.023204997554761807
50106,0.07675157475777285
50107,0.015801398995050852
50108,0.02644175657360632
50109,0.02208098177849068
50110,0.021541378071270316
50111,0.03754108825961625
50112,0.01203500688335258
50113,0.03134903041431082
50114,0.04656643427903867
50115,0.020066408293432737
50116,0.03335417096254795
50117,0.02945565835852002
50118,0.04111602519149577
50119,0.012655243842318573
50120,0.05374628579616426
50121,0.04201683938146239
50122,0.020138493252754606
50123,0.12288214580759349
50124,0.12314473691295552
50125,0.0205706290167817
50126,0.03999839951493432
50127,0.1343031931909695
50128,0.0383820127819877
50129,0.026241787411956253
50130,0.020158069463005638
50131,0.03376593885008268
50132,0.08950866589013945
50133,0.025638909880136396
50134,0.026570126947216607
50135,0.023186046869770483
50136,0.014577489162554387
50137,0.02010296099630704
50138,0.06543266034648684
50139,0.052254456036709605
50140,0.08653426580965376
50141,0.034028130040385414
50142,0.0700595085969621
50143,0.02414895327900538
50144,0.03805293465030389
50145,0.07248145821219111
50146,0.09816802285771045
50147,0.03889350888399828
50148,0.009854363825669003
50149,0.06583167848649904
50150,0.03086450892559661
50151,0.008904070951781511
50152,0.10651502744492963
50153,0.019507261317010277
50154,0.030624663357510483
50155,0.040849730657396555
50156,0.05081374006049444
50157,0.016468735070198737
50158,0.051822250570390055
50159,0.03117907732156427
50160,0.019480092779420675
50161,0.02466182699218466
50162,0.026646538438847404
50163,0.032506743070347295
50164,0.014145443871575184
50165,0.06736415453708015
50166,0.053531159901107295
50167,0.03043624326702959
50168,0.01674033177262979
50169,0.03009277070775089
50170,0.04725729047727331
50171,0.03759476738424565
50172,0.05852970071390853
50173,0.06753894629241713
50174,0.018740496768678894
50175,0.020018154738113057
50176,0.0710866534117178
50177,0.02732654081950308
50178,0.1089787036576934
50179,0.017107040286257154
50180,0.017219415237329217
50181,0.044677775067583164
50182,0.02881534051663554
50183,0.0309505929735969
50184,0.017278076097037173
50185,0.058946635118322474
50186,0.04050421956996619
50187,0.055990134755854105
50188,0.06060448978253044
50189,0.021619489184308446
50190,0.11811140254249045
50191,0.011891358912896116
50192,0.028827468628026383
50193,0.008637717346303826
50194,0.051291315170856305
50195,0.02523662160307468
50196,0.027638464958350425
50197,0.02887737448222894
50198,0.24033857924435859
50199,0.05616984998969315
50200,0.03523219869225433
50201,0.0339048388187729
50202,0.05202827580166484
50203,0.014619516997299242
50204,0.023407779395844285
50205,0.07164121390626763
50206,0.023565465160330853
50207,0.07480663124286079
50208,0.21576502345531814
50209,0.05594268962007111
50210,0.02318461203386701
50211,0.07372832260537729
50212,0.037285852280193835
50213,0.14576607099416983
50214,0.05236204094425448
50215,0.055150007511396995
50216,0.04344781572386411
50217,0.025365215858386445
50218,0.04948379430119423
50219,0.0771162262648878
50220,0.12665253586675188
50221,0.05394491396526988
50222,0.020123244034451253
50223,0.07461733321041579
50224,0.10764390773470964
50225,0.032960037719646784
50226,0.06998894491291642
50227,0.01805575802983403
50228,0.011190575718386168
50229,0.06591065260323566
50230,0.06416861085587067
50231,0.10936402014075419
50232,0.015077448382108375
50233,0.07794520061624552
50234,0.01631213726490162
50235,0.039960785238342095
50236,0.15581381373046962
50237,0.019467931450723355
50238,0.03254168803360615
50239,0.042144065720948046
50240,0.2404991651154596
50241,0.0457637622921187
50242,0.6608337015310275
50243,0.05604330167927639
50244,0.04448124532998372
50245,0.019489698554220513
50246,0.01346367522267903
50247,0.10537607508036753
50248,0.01523715610796157
50249,0.05152759150841853
50250,0.06825437406596861
50251,0.08135453254899097
50252,0.02241458510720129
50253,0.064964671807022
50254,0.011872076850707786
50255,0.02607722871882741
50256,0.27620553556419186
50257,0.009623226081316993
50258,0.015590152646745303
50259,0.3060430482171019
50260,0.008879844254352393
50261,0.04757253159234494
50262,0.02978071575333059
50263,0.022578273596051676
50264,0.01955328274593237
50265,0.025548037123748604
50266,0.04373093407692952
50267,0.03018859463052693
50268,0.10589443494422299
50269,0.14492451337188303
50270,0.08362512303583935
50271,0.021121560043190216
50272,0.10486187503835957
50273,0.037279080666213736
50274,0.030367886077050057
50275,0.026328466301886032
50276,0.04006450696111275
50277,0.031060581245543027
50278,0.021319357022600224
50279,0.01651180676355082
50280,0.07049488523723303
50281,0.16426389573175929
50282,0.02246133677841115
50283,0.008153054514004356
50284,0.032442792841955795
50285,0.039362080665048274
50286,0.052470825870882296
50287,0.013972406240681832
50288,0.15981525269808675
50289,0.056596447235326905
50290,0.046178011231046256
50291,0.03654382641829187
50292,0.024294780558566605
50293,0.07292235222477
50294,0.037674342552849564
50295,0.01878786454825812
50296,0.02306021026167675
50297,0.10444283501203158
50298,0.025762215374969744
50299,0.04097629596702705
50300,0.08560986525371259
50301,0.031805246078957565
50302,0.01759916724361051
50303,0.05350006994541401
50304,0.042177486353786216
50305,0.04348821049448178
50306,0.013939197260465585
50307,0.015865610656953338
50308,0.1364698903828376
50309,0.08213608031727843
50310,0.03178500001472072
50311,0.05822964646051169
50312,0.3074672500394883
50313,0.10157806929382512
50314,0.08149197821648742
50315,0.31931213592677105
50316,0.0335346645456427
50317,0.90581382647399
50318,0.04762739838358033
50319,0.031306290437278506
50320,0.050244225220578226
50321,0.4480620412420247
50322,0.08335152891640338
50323,0.10921751761956804
50324,0.012070638549518746
50325,0.0777655780678661
50326,0.06093236269400305
50327,0.4710608430007768
50328,0.15628058574226092
50329,0.243384411902978
50330,0.05424953289816069
50331,0.4794876639277223
50332,0.023209338496950976
50333,0.012377237446831215
50334,0.259125921005377
50335,0.036772016484205056
50336,0.03482819340423167
50337,0.038945822731696
50338,0.09314050456260961
50339,0.035607162990644314
50340,0.07745559568568751
50341,0.23635871727462252
50342,0.187995749370132
50343,0.05160764893091753
50344,0.02694206565000642
50345,0.028478484467268986
50346,0.03984435953903295
50347,0.03173863770664067
50348,0.04343737400993523
50349,0.011573422292210932
50350,0.088862442628781
50351,0.04274129455664537
50352,0.11714671153454352
50353,0.0337217472166663
50354,0.013940845182453294
50355,0.047316271220835815
50356,0.04629672645399406
50357,0.495114660167865
50358,0.07462766873946887
50359,0.07692429641735332
50360,0.20905615989756013
50361,0.031051136846195794
50362,0.02237610596687161
50363,0.039547281723303365
50364,0.031676014336408174
50365,0.8624388928890367
50366,0.04571060378459196
50367,0.0201165137719015
50368,0.09005115092654958
50369,0.03997331848510477
50370,0.01381368427536189
50371,0.025062992483846476
50372,0.03126926745346887
50373,0.02728457014241829
50374,0.18104631619802686
50375,0.11434898451631748
50376,0.023461238095239208
50377,0.022777378476388985
50378,0.06860576994994065
50379,0.014810933683320307
50380,0.042803585459260496
50381,0.04443156475230116
50382,0.12039795251094237
50383,0.09208792233490512
50384,0.5718075548164911
50385,0.01540127721804041
50386,0.5460075375945086
50387,0.05187566252699126
50388,0.09536034201497509
50389,0.12444105655260924
50390,0.024815405514728155
50391,0.03304964511590099
50392,0.03065644099160121
50393,0.022381695510789983
50394,0.0565069118376348
50395,0.03041393478264859
50396,0.05144373977917927
50397,0.06915811402153421
50398,0.04373280036739612
50399,0.02676932868566948
50400,0.08907348150650023
50401,0.047124913665966384
50402,0.019781863596273163
50403,0.04103721144272515
50404,0.11111129384979296
50405,0.016257765298142015
50406,0.03847406897204162
50407,0.06395256295563974
50408,0.027160298784533944
50409,0.21367815413185481
50410,0.02887937263781382
50411,0.01842676360942699
50412,0.024805898374825674
50413,0.017595872246583922
50414,0.7555932647255688
50415,0.03228719873480983
50416,0.024048137352303038
50417,0.02588870104558863
50418,0.0905977054543573
50419,0.09522770547327657
50420,0.046092257190652144
50421,0.17532741277259237
50422,0.016925549359876436
50423,0.10299485891404998
50424,0.01684490805568004
50425,0.024319368660586167
50426,0.15073416071052337
50427,0.3811405440676592
50428,0.04579967079830694
50429,0.03705868920608763
50430,0.02385970055225544
50431,0.02760469374927273
50432,0.024959860960362998
50433,0.11306069827023785
50434,0.12781010397732245
50435,0.02463948573055991
50436,0.12513655834911427
50437,0.010351050762250045
50438,0.031434499414774414
50439,0.009188420821275734
50440,0.10038739048571449
50441,0.1654543897076597
50442,0.025057493593347933
50443,0.11672775938683697
50444,0.03307004018216489
50445,0.030429010693823637
50446,0.03235114295116572
50447,0.12585689291034213
50448,0.1394283031217462
50449,0.3843047508633255
50450,0.022549680281977593
50451,0.012128348537327104
50452,0.026860261058242768
50453,0.03388902685786539
50454,0.056284565318697355
50455,0.022438754289120576
50456,0.08502082190588081
50457,0.21591408975533816
50458,0.5396645947091284
50459,0.0119906487223542
50460,0.4663171761450424
50461,0.057470893293837665
50462,0.02179994490120132
50463,0.025796336421965695
50464,0.039221904549936584
50465,0.9070620784056168
50466,0.024428044061245213
50467,0.07025266719932179
50468,0.03377953166469834
50469,0.08201620928121595
50470,0.0300729402577575
50471,0.06748665270653241
50472,0.03544146231488948
50473,0.05769332220826694
50474,0.05880148100317592
50475,0.023461790932730375
50476,0.011164256569682071
50477,0.015122059273611023
50478,0.07574093512954867
50479,0.07141381340803762
50480,0.038860861126764505
50481,0.041247308878417335
50482,0.060799399774195406
50483,0.04491265919455776
50484,0.07981770801645818
50485,0.02923539479135178
50486,0.019579496224037644
50487,0.11766656632030456
50488,0.06495139513037078
50489,0.035177766759294536
50490,0.017601699847165548
50491,0.02216719678149977
50492,0.06293118117316701
50493,0.027660637759284644
50494,0.04345853559482483
50495,0.3096393633396006
50496,0.0353522511907841
50497,0.08267394371934435
50498,0.0395133260164422
50499,0.09867694288967081
50500,0.01865931885634307
50501,0.1343364013011255
50502,0.0490769425749375
50503,0.08208385944469007
50504,0.09642635938580331
50505,0.026011957572133673
50506,0.15965938422462142
50507,0.14806871771378607
50508,0.6196832144534079
50509,0.009900278178855564
50510,0.05576117440230145
50511,0.04025375636566957
50512,0.026655947932773254
50513,0.036226791456977936
50514,0.12812487617470456
50515,0.04850556939752103
50516,0.05520707673442411
50517,0.031137945618596882
50518,0.050018240937084214
50519,0.07753635434205519
50520,0.02102632474316397
50521,0.030683702568216745
50522,0.05319761181135131
50523,0.054708400496281756
50524,0.0444309685669676
50525,0.09784377420332488
50526,0.04134187869236702
50527,0.01939340511991032
50528,0.010886111143427302
50529,0.038898741693766524
50530,0.023659440210919182
50531,0.032200450465903696
50532,0.11520708062364926
50533,0.025585543273189064
50534,0.02666717589680937
50535,0.02323654736790702
50536,0.027615313402770004
50537,0.026767756691563425
50538,0.0862915506668547
50539,0.020537637700379537
50540,0.04531324381022554
50541,0.024937723019527715
50542,0.014418956147885716
50543,0.013812804710069538
50544,0.03241162175041769
50545,0.08638405468182048
50546,0.009560254887383018
50547,0.1032285608807624
50548,0.10646360796558949
50549,0.036513561086672836
50550,0.6876776172936268
50551,0.06381350425991413
50552,0.07478397787106608
50553,0.05355353804488583
50554,0.025343512085309352
50555,0.017128558218471483
50556,0.0894351444800994
50557,0.08472354624260736
50558,0.03521991415450408
50559,0.030898028225403686
50560,0.04689681411481257
50561,0.014871931497232548
50562,0.062261145407640106
50563,0.30943927475170635
50564,0.030272992981865615
50565,0.025217562342083423
50566,0.00966454395537746
50567,0.037484853029785895
50568,0.02506403720518134
50569,0.025283351686891085
50570,0.04832075018842683
50571,0.1023376988697125
50572,0.03229396335502875
50573,0.07865312162334995
50574,0.03376601214922048
50575,0.012606085816129972
50576,0.029672531072186197
50577,0.16838394811274987
50578,0.051613849411598973
50579,0.12274833370962077
50580,0.023337105870162574
50581,0.04222780027382381
50582,0.036724808373898896
50583,0.01193370913959736
50584,0.08534176136176709
50585,0.2211672680796098
50586,0.10131816913583566
50587,0.055864044171706574
50588,0.2968391187895787
50589,0.13853724026273212
50590,0.09518273420440496
50591,0.029584231065643406
50592,0.031493811938699504
50593,0.026867894218280685
50594,0.029556632233171603
50595,0.044905544429854484
50596,0.01749415475921548
50597,0.04266904828569447
50598,0.04245905642794841
50599,0.19429267116630358
50600,0.018281578499361063
50601,0.13978230646578688
50602,0.026152773663205085
50603,0.034827457057254124
50604,0.06671817242774146
50605,0.06760389742027252
50606,0.04515985564666914
50607,0.0148316130641877
50608,0.049828435494379736
50609,0.19035605584270665
50610,0.03318547371833415
50611,0.09045631861245966
50612,0.017025383125835167
50613,0.10687505698779823
50614,0.029230321507329425
50615,0.16593415675486806
50616,0.12435027781689059
50617,0.034219598745168354
50618,0.04137703174641772
50619,0.05322951621562048
50620,0.02548707085293129
50621,0.4751786256339554
50622,0.022475590198096085
50623,0.01612605044743242
50624,0.16254071530075093
50625,0.034354842570618695
50626,0.030858277994386986
50627,0.0430766947149486
50628,0.18291997119612033
50629,0.04036233048776569
50630,0.03664452594094104
50631,0.006951935554606236
50632,0.21772623453569387
50633,0.04773181250607725
50634,0.0560341947035204
50635,0.1946841955259123
50636,0.03976319114037644
50637,0.06961965232229457
50638,0.02829951917512483
50639,0.08046313209453229
50640,0.032174911077251525
50641,0.08510260721566848
50642,0.04457819693219586
50643,0.028920327852252865
50644,0.11638960498053486
50645,0.018260310015827227
50646,0.09540473681081812
50647,0.10199987957463608
50648,0.110518969349432
50649,0.015704289935195195
50650,0.14443868292728693
50651,0.8612642936582905
50652,0.02127050509173383
50653,0.01920379103232812
50654,0.06522494064394922
50655,0.04561003117063227
50656,0.06912031822630393
50657,0.09233421499141137
50658,0.02123081613183216
50659,0.023184825618470097
50660,0.03167095557464393
50661,0.026418860660897055
50662,0.0801355683451055
50663,0.013235657710804693
50664,0.07069250894389419
50665,0.03002422566522239
50666,0.02196590776443025
50667,0.07990386594574779
50668,0.03534127439653819
50669,0.011522967867408845
50670,0.06863698690934338
50671,0.014227475725836354
50672,0.012781244366710045
50673,0.023131915895402314
50674,0.058420930513368614
50675,0.024155089468353277
50676,0.018439620302004734
50677,0.10110104394725161
50678,0.032118872104832025
50679,0.07789138532159184
50680,0.018237108808227688
50681,0.02370603818165031
50682,0.05087884430657455
50683,0.029595551166845528
50684,0.035911179125086456
50685,0.11890363244906146
50686,0.01410062373383842
50687,0.06534729897151464
50688,0.01506338455258284
50689,0.019623861623361664
50690,0.056890507483798654
50691,0.014513267688773238
50692,0.18717269100502024
50693,0.01815164072838045
50694,0.05812305850854334
50695,0.05541612645876333
50696,0.06265620805378715
50697,0.05639598132196913
50698,0.01377969431175749
50699,0.09088905797824398
50700,0.0656777440992297
50701,0.14687886415442267
50702,0.014932647937339895
50703,0.10079668287047563
50704,0.3337741914786871
50705,0.04389801396461501
50706,0.06539620163365392
50707,0.03351389722443604
50708,0.0960650075147965
50709,0.11320619486674238
50710,0.0955005368388506
50711,0.04487541221401749
50712,0.03069964248062107
50713,0.043896446076812284
50714,0.08117151756647935
50715,0.049715033999222634
50716,0.15221555801854364
50717,0.027871959065352066
50718,0.0503915963828419
50719,0.0845521958155106
50720,0.04607036344033726
50721,0.06796183075075066
50722,0.033405591619035675
50723,0.03669142703860452
50724,0.023818971742852343
50725,0.023850471362216977
50726,0.035159898723544976
50727,0.027753287363769846
50728,0.06894886694462045
50729,0.3206258927710704
50730,0.020095721975752958
50731,0.033707604636178286
50732,0.024486004974774968
50733,0.015206161373967443
50734,0.07731974546145225
50735,0.012412051792484731
50736,0.10024637299166589
50737,0.04103402978477626
50738,0.08466690294420778
50739,0.03152400303162079
50740,0.03710688982464456
50741,0.03067429320436669
50742,0.016061857882040807
50743,0.05766756581942894
50744,0.019861621796084514
50745,0.05655781350569222
50746,0.018319703165633035
50747,0.04171936771463635
50748,0.020400840699553998
50749,0.018269623381588957
50750,0.10439876707432069
50751,0.02151653123518762
50752,0.026992112937875522
50753,0.0290198108832046
50754,0.011351662675792708
50755,0.24621757642503025
50756,0.1650801593018551
50757,0.20956143954091355
50758,0.04121052362357132
50759,0.0221959437397361
50760,0.038247178176979854
50761,0.05474989731028887
50762,0.25216391727868837
50763,0.011861041330760155
50764,0.3854193092773417
50765,0.04579856344374945
50766,0.05134726444216521
50767,0.03631504657266202
50768,0.01510910424862136
50769,0.06671188959691085
50770,0.06948178766731619
50771,0.06532548897279875
50772,0.032334492601819795
50773,0.07896944923390979
50774,0.07596607672499033
50775,0.01738201725519499
50776,0.06825516780708465
50777,0.1622870019899911
50778,0.05462713329299938
50779,0.1262848661947635
50780,0.047690092425026635
50781,0.05605121137045867
50782,0.16178374867351505
50783,0.10140594296568009
50784,0.11137446880531093
50785,0.06315677684652844
50786,0.0533547522256866
50787,0.01990182190097678
50788,0.14322283960699075
50789,0.04215544931328886
50790,0.036747475747082356
50791,0.021909755709034622
50792,0.16826017059195125
50793,0.07873047989668254
50794,0.017553779134297776
50795,0.022426657695772234
50796,0.014587076640386012
50797,0.07944067017122679
50798,0.053475814216106685
50799,0.2971663831770676
50800,0.04887788419987265
50801,0.041874923137649234
50802,0.020130958574202384
50803,0.047050162352789776
50804,0.030344262738078828
50805,0.04663243576534747
50806,0.011916618455005797
50807,0.13443709806188556
50808,0.10495829847210206
50809,0.1741556599270176
50810,0.021417697310402488
50811,0.14008455838037323
50812,0.02515909805389357
50813,0.03576016034883086
50814,0.04383155101908077
50815,0.04320038978121665
50816,0.02116292769619694
50817,0.02888310237182595
50818,0.03791550575434066
50819,0.024141709081261602
50820,0.056286974987329784
50821,0.040732384652534315
50822,0.054141948136743216
50823,0.0901211727544418
50824,0.031932322829312236
50825,0.030442967820244898
50826,0.011355816723247762
50827,0.08640297051703741
50828,0.019385749848669843
50829,0.021773879916610187
50830,0.017812857816002222
50831,0.02060419421865613
50832,0.020816272991822378
50833,0.02441504088674588
50834,0.12135568369686062
50835,0.09202908127698317
50836,0.025825599071243193
50837,0.01051535443135319
50838,0.0950216296904894
50839,0.04817957010811994
50840,0.2613647666278477
50841,0.05687433801356481
50842,0.02254458336209432
50843,0.022589219441559075
50844,0.03676824386879829
50845,0.06899446704307932
50846,0.07741175415615376
50847,0.173960110068539
50848,0.1660331851950645
50849,0.03424046479550683
50850,0.014371767013624382
50851,0.023299133340309617
50852,0.010221338635095011
50853,0.06136231217534305
50854,0.04328101102529604
50855,0.01246709129833503
50856,0.030385600041020297
50857,0.02755538849840171
50858,0.019094285990587673
50859,0.9843855424236347
50860,0.311584390566711
50861,0.028801971960934276
50862,0.026330649188228132
50863,0.0488340358689249
50864,0.01566336735906923
50865,0.025648849333927765
50866,0.13341023146530778
50867,0.011109612024959949
50868,0.02681581875938584
50869,0.07952233087885209
50870,0.01742846082118656
50871,0.016859291445569503
50872,0.0370897706356348
50873,0.11304855192408067
50874,0.14674069210228052
50875,0.02027529338636845
50876,0.026030535715259137
50877,0.03606607941141463
50878,0.01747320248520677
50879,0.06879407633737826
50880,0.02772120782110482
50881,0.013426425607285127
50882,0.011359098405633225
50883,0.07625993938685599
50884,0.027795806584763147
50885,0.026895360736436474
50886,0.043178976355100776
50887,0.03590671529702755
50888,0.19393462957378252
50889,0.014152223112345331
50890,0.03836771170545491
50891,0.028069604397359817
50892,0.13743003649905078
50893,0.16965693878724525
50894,0.046723353487653614
50895,0.08013260390816401
50896,0.01902820787750206
50897,0.047450063729405176
50898,0.11828143084566586
50899,0.03740061283342183
50900,0.04847978587718994
50901,0.02725440040242881
50902,0.02246855904284762
50903,0.04138151093017253
50904,0.2771024545749522
50905,0.17496564550262167
50906,0.01977180435672067
50907,0.09465154107643024
50908,0.048821676379346035
50909,0.01184091049775166
50910,0.04119894383704607
50911,0.2299544743531298
50912,0.10430543379999274
50913,0.04877677912991345
50914,0.06768202488055407
50915,0.03329386892214144
50916,0.03502621771261816
50917,0.04016563555334172
50918,0.03132120331443981
50919,0.09278852754981853
50920,0.11183902328207918
50921,0.03256648237965493
50922,0.028192979048132012
50923,0.045730614252294736
50924,0.08268600940237827
50925,0.05432311185710041
50926,0.0461008733798602
50927,0.20737356949023333
50928,0.03282209734485946
50929,0.12837392160723543
50930,0.09217842713639883
50931,0.020896590479704394
50932,0.04947454561386415
50933,0.2426893132120577
50934,0.0654810199134205
50935,0.11924006174176335
50936,0.014827540746449446
50937,0.010279692942049008
50938,0.021367551111868596
50939,0.024866108165103713
50940,0.09675413167663316
50941,0.16843026085597726
50942,0.0583868937950916
50943,0.02400881715575236
50944,0.03467662677771175
50945,0.34364690026191647
50946,0.018856369678801686
50947,0.06297296049461877
50948,0.1443792054756199
50949,0.011827789554357777
50950,0.045736727741454
50951,0.02482572195589498
50952,0.052372196205423154
50953,0.017148473409616737
50954,0.046128272032817816
50955,0.06258046161579842
50956,0.01764120717119968
50957,0.030963232150322716
50958,0.12178537083584699
50959,0.027211966428872462
50960,0.04497343932403195
50961,0.038957125250098486
50962,0.026784652593080376
50963,0.165042208098443
50964,0.04391232221309565
50965,0.05451537273521535
50966,0.021284162520968715
50967,0.040699730101152846
50968,0.01722750046810937
50969,0.03818149340977926
50970,0.054165582641083516
50971,0.0589487274833282
50972,0.042675428382764904
50973,0.08356897966525854
50974,0.17235747014316719
50975,0.07832194617963065
50976,0.0731548918423887
50977,0.15427275911840552
50978,0.11151596405967125
50979,0.010381080552996799
50980,0.05224000961833934
50981,0.027435940986097213
50982,0.02612761513974267
50983,0.03535247452124299
50984,0.025950187744837594
50985,0.02329031211893791
50986,0.05736034869398615
50987,0.010737678806090832
50988,0.04869824085561529
50989,0.025112264010517676
50990,0.09163053317695781
50991,0.015859830616159285
50992,0.030215107984066382
50993,0.055145163519648606
50994,0.23396540104303862
50995,0.1792730394884724
50996,0.07050186069377037
50997,0.041717868652795434
50998,0.12905273603985282
50999,0.18975847144187216
51000,0.04444109900769169
51001,0.03050269041935605
51002,0.06290665788113739
51003,0.14704841197096497
51004,0.06362585565348493
51005,0.020885361945047087
51006,0.13705674298821086
51007,0.09209616488259476
51008,0.04271898875323289
51009,0.023057928835861902
51010,0.03931097443271506
51011,0.16495107782128585
51012,0.06230474465182446
51013,0.01581748098930278
51014,0.07725087937853276
51015,0.02394016219803176
51016,0.10961287018122845
51017,0.03820692114311769
51018,0.033022740492195654
51019,0.08556184015385201
51020,0.2505373456250668
51021,0.09052659070101488
51022,0.037647224970926
51023,0.032724981029806074
51024,0.06198465650651523
51025,0.08559577556793936
51026,0.0596286638051712
51027,0.10145105018090954
51028,0.05262344073052455
51029,0.05699436343113537
51030,0.036095849000387106
51031,0.2180903052230539
51032,0.0758104223049566
51033,0.031931182138964856
51034,0.046849942987758374
51035,0.03284663960703961
51036,0.03300037528778723
51037,0.07125611457314365
51038,0.020405005620403312
51039,0.040463743324589546
51040,0.0467058750659462
51041,0.09357127474279654
51042,0.015490938899027671
51043,0.013019971889791215
51044,0.03566638745882439
51045,0.033879070002662354
51046,0.02232416877270142
51047,0.011199545960530825
51048,0.038802701126797796
51049,0.033818253744925614
51050,0.029365501660097076
51051,0.07824099037342004
51052,0.0327267295220875
51053,0.04864490595395644
51054,0.030566835671805997
51055,0.06607335202698
51056,0.228859440652777
51057,0.01959602824195826
51058,0.01635573744664815
51059,0.04842322176689816
51060,0.05443278570574692
51061,0.0303783522972987
51062,0.04289892853567582
51063,0.022587669734005257
51064,0.15213619254635755
51065,0.047910221822639376
51066,0.017335727339616074
51067,0.023597810705668312
51068,0.07647341789701773
51069,0.08619091971079859
51070,0.03782746191302408
51071,0.08787400499292589
51072,0.02288717113698619
51073,0.02472903513607734
51074,0.01722828402564397
51075,0.13308790123457948
51076,0.0561808814995903
51077,0.07357774064619504
51078,0.035883353486681674
51079,0.03912437743648721
51080,0.04720625068784759
51081,0.03233632268108509
51082,0.08796997555488699
51083,0.01630850490720326
51084,0.01770584270734745
51085,0.10927249275814624
51086,0.07385690637864956
51087,0.051034631072221656
51088,0.02131072967959296
51089,0.04025621431401139
51090,0.021421220010099544
51091,0.030395258693853764
51092,0.088998817402241
51093,0.020580589234970727
51094,0.027758555516268355
51095,0.08711122415275116
51096,0.1611596983178
51097,0.07318010824238456
51098,0.11094844749345613
51099,0.02492569145090516
51100,0.02716929624653675
51101,0.02387686644020583
51102,0.11443128973904389
51103,0.10029951524887112
51104,0.01901324016855938
51105,0.06829321156370512
51106,0.03426274379520277
51107,0.16966871364860503
51108,0.06281890391484868
51109,0.05790105237094192
51110,0.012812300702532161
51111,0.02056165930913123
51112,0.07115696469812538
51113,0.015716390995714265
51114,0.17440068314854715
51115,0.04215810164046319
51116,0.2701743543902654
51117,0.10021376655848974
51118,0.0971254893202323
51119,0.021907106402132087
51120,0.0311190365878981
51121,0.06661722398474604
51122,0.018369175877455127
51123,0.12670548564463802
51124,0.09267501456053623
51125,0.009316177389429449
51126,0.02879374559676529
51127,0.10322918442323863
51128,0.0566688834860434
51129,0.10087744155478505
51130,0.17714706470718497
51131,0.023179353197758507
51132,0.08185672497178206
51133,0.029564062319077072
51134,0.03764131854220633
51135,0.06331339042954637
51136,0.07778012543839452
51137,0.032480345619755414
51138,0.022047487160735714
51139,0.055767146280295665
51140,0.030293793732253115
51141,0.04119893140118061
51142,0.021884387022304604
51143,0.11923472740676506
51144,0.03231708419252584
51145,0.016230581914702967
51146,0.026241706531517948
51147,0.17221095097310254
51148,0.035322200553279
51149,0.21122277443145016
51150,0.03556194566153179
51151,0.06405877276187054
51152,0.12379607746822399
51153,0.028795046345100512
51154,0.039644366306706404
51155,0.06410510197372762
51156,0.10234010163780011
51157,0.15664021770575498
51158,0.03148661724576379
51159,0.03287776239382479
51160,0.04162660193091201
51161,0.0216798669127901
51162,0.029289111060388475
51163,0.05036869705673853
51164,0.07534802686254603
51165,0.09028864315535083
51166,0.20446617647165652
51167,0.01799019768854343
51168,0.1465079215330015
51169,0.049582450639004294
51170,0.03006479920592732
51171,0.32887588837631293
51172,0.017851997629405814
51173,0.01440542312765881
51174,0.022714503175013872
51175,0.06549301976738209
51176,0.07574293725750725
51177,0.06306085977635303
51178,0.024166989653944086
51179,0.05823816236799852
51180,0.09562381351124385
51181,0.029935891881039074
51182,0.021826723064583897
51183,0.07750089360406541
51184,0.014910395079875679
51185,0.04299197847186525
51186,0.07127737017671978
51187,0.012229901857406834
51188,0.018598931900186546
51189,0.16126235944596706
51190,0.01800024502463224
51191,0.037177913781342914
51192,0.01861397790887076
51193,0.014107516355411203
51194,0.041772643231817244
51195,0.03413900551873602
51196,0.043962362295728516
51197,0.06553394520517258
51198,0.035841304638848305
51199,0.06982518454682882
51200,0.04782922576299324
51201,0.06694936589966571
51202,0.04299044608107738
51203,0.022904688493974153
51204,0.0716686177569103
51205,0.0683568456768539
51206,0.293680337698434
51207,0.039820966287270824
51208,0.09877659289785914
51209,0.1146474829083935
51210,0.024919976215337564
51211,0.046764950902106556
51212,0.10300620259491264
51213,0.07806345696145167
51214,0.016999511447002572
51215,0.18655859780220518
51216,0.03588870847451384
51217,0.019387174836085205
51218,0.06840713259781095
51219,0.045167062444339996
51220,0.09122305912164297
51221,0.5223160346348069
51222,0.11357778743496735
51223,0.07047022185838393
51224,0.14848014845516003
51225,0.29995643323092863
51226,0.045104821734386534
51227,0.021368987385321767
51228,0.06736871199513503
51229,0.024141118670124022
51230,0.025415109970693305
51231,0.14946500832775197
51232,0.053670624143992623
51233,0.010661155575173947
51234,0.028589521816449734
51235,0.05659827753650214
51236,0.04790647375167415
51237,0.08290186254873569
51238,0.03227220437854688
51239,0.06725378296806869
51240,0.40464508294366
51241,0.04816833576052923
51242,0.0760362020682918
51243,0.17554768944694452
51244,0.03438427776857793
51245,0.01389024501622191
51246,0.06903056085890434
51247,0.03687998139433563
51248,0.041230209729051726
51249,0.10945558625924906
51250,0.01713113479964107
51251,0.11097774880751127
51252,0.05729313139352639
51253,0.05599829088226663
51254,0.020489133702779508
51255,0.11517942467990457
51256,0.1427453108108729
51257,0.10173445750009306
51258,0.1738782066797618
51259,0.19636185443964854
51260,0.13571035814740898
51261,0.0593931058001759
51262,0.25545343595493253
51263,0.09165812612089437
51264,0.03107049385088554
51265,0.03643859763798871
51266,0.03990773708560213
51267,0.05617117563087359
51268,0.02027362663715433
51269,0.09433158197221561
51270,0.03393442558681399
51271,0.12285742035391006
51272,0.08316869602129393
51273,0.3503871582117927
51274,0.01791300994616657
51275,0.04111692300840049
51276,0.055805036471084424
51277,0.04920615970302424
51278,0.06178171824331857
51279,0.018395208323310645
51280,0.017835523323417826
51281,0.10623771162261836
51282,0.02434029136612372
51283,0.12318711481856232
51284,0.1692901702862702
51285,0.016895056911611334
51286,0.07907905804113699
51287,0.053362885934949325
51288,0.08470050865382169
51289,0.03046282526427771
51290,0.018669803793649586
51291,0.04601105255806738
51292,0.03463980489746311
51293,0.046239259276581325
51294,0.05484429392305805
51295,0.011970640817595135
51296,0.04182599055737793
51297,0.06350094032781507
51298,0.022307222325149142
51299,0.048681033608726
51300,0.037515383395925694
51301,0.03454242090021114
51302,0.05305291411132999
51303,0.07370163729846482
51304,0.026242574848272953
51305,0.06847057008985115
51306,0.013823010879428423
51307,0.16526262333227856
51308,0.017859524722118943
51309,0.0689019768395365
51310,0.07660879684975115
51311,0.04529814006677008
51312,0.04491789288801638
51313,0.017445621247647727
51314,0.04560825616195446
51315,0.16694616500461607
51316,0.007275838070402218
51317,0.012717071374248006
51318,0.10765277454293559
51319,0.09176435000991644
51320,0.03781029279047209
51321,0.35609884319242
51322,0.07802273892726237
51323,0.021474766767115024
51324,0.046097641841290685
51325,0.20713285156026243
51326,0.0249211555921581
51327,0.06545868204261288
51328,0.06462835427481485
51329,0.06267880239514267
51330,0.10710549288700996
51331,0.012912898396323888
51332,0.015806227129926225
51333,0.030352212389916235
51334,0.02397788406434215
51335,0.02461501227973104
51336,0.024291165427042998
51337,0.20613093289487092
51338,0.03214886258227548
51339,0.1624935888696345
51340,0.13698836710714737
51341,0.04103961545329934
51342,0.02253285543855668
51343,0.015681051568814858
51344,0.021292190431003433
51345,0.03203431170775368
51346,0.6784807615685826
51347,0.12913413584713052
51348,0.02112411661268406
51349,0.06690456811610603
51350,0.18638765019807302
51351,0.10369633609985524
51352,0.032771418787917776
51353,0.07421904363904952
51354,0.05580688923203732
51355,0.013115930984023997
51356,0.08207144902919791
51357,0.04038213735943858
51358,0.067258450188241
51359,0.08855555175927421
51360,0.17543074676063586
51361,0.03774607020024498
51362,0.04483667583041296
51363,0.03658882416073606
51364,0.035948527917522205
51365,0.03351543698914767
51366,0.032734257556111215
51367,0.06351846082680138
51368,0.01697626151580175
51369,0.014301979607514385
51370,0.0666426767716122
51371,0.02520949128138441
51372,0.01665473995510778
51373,0.028289793689709086
51374,0.019329497221401856
51375,0.027436591601009704
51376,0.017602849048566765
51377,0.061470133074089266
51378,0.02676043336240808
51379,0.017046902190989144
51380,0.03236053533871841
51381,0.0730648011180846
51382,0.03286007888932742
51383,0.03056488439526525
51384,0.018034152574244976
51385,0.03547497515442173
51386,0.06466092314426633
51387,0.027887780556250782
51388,0.12073019781557831
51389,0.02432891779631808
51390,0.022856530473066912
51391,0.06372118126602028
51392,0.03019563265329107
51393,0.08461320503777056
51394,0.026237080087167894
51395,0.09353045842566582
51396,0.05973084692808167
51397,0.009422584693398399
51398,0.03075173495951583
51399,0.23575792210159996
51400,0.044064453929435025
51401,0.012089276720256038
51402,0.0652635589782702
51403,0.01782400627264835
51404,0.025675383024199694
51405,0.06709926783669345
51406,0.014499208273445988
51407,0.03886855461601131
51408,0.05623466676275845
51409,0.011903999558886257
51410,0.03416716107355276
51411,0.06491172866638006
51412,0.05781563885385854
51413,0.11807665823798852
51414,0.014091733449363727
51415,0.03821578309442511
51416,0.03888043751961779
51417,0.040482402167383316
51418,0.28106746002574107
51419,0.17458161309619163
51420,0.060828112351028626
51421,0.0396533336227071
51422,0.13351326204623198
51423,0.3299331121368292
51424,0.04630801275629212
51425,0.05545715722497474
51426,0.06498090928190212
51427,0.013650807103208231
51428,0.07323279038065571
51429,0.8065096822727451
51430,0.04821090512830258
51431,0.01923543671873231
51432,0.051332720611542225
51433,0.23028789972909858
51434,0.019284431617447556
51435,0.024840501561524952
51436,0.04457700435216096
51437,0.07269041914476584
51438,0.1067095876395289
51439,0.20428488989404658
51440,0.009769453819354824
51441,0.023580319057880005
51442,0.042585633472200624
51443,0.11077027946973723
51444,0.11023150892916164
51445,0.10179244494174963
51446,0.03458125951223597
51447,0.04982004629264086
51448,0.061324215416017167
51449,0.19369157532652725
51450,0.03835981299766365
51451,0.05751174534468976
51452,0.08692999414010716
51453,0.01710545489823275
51454,0.01841659277090723
51455,0.11279263230727658
51456,0.038457483015452945
51457,0.2080830585273795
51458,0.01747380319808146
51459,0.052292897644323114
51460,0.025716127869412086
51461,0.039400821470882336
51462,0.07933600526952164
51463,0.011176872685904391
51464,0.14295223692362963
51465,0.01993042392336787
51466,0.07718696731145512
51467,0.04986601790833254
51468,0.03994485835212098
51469,0.018770490687413627
51470,0.027806251808744624
51471,0.03201021576798066
51472,0.05220121574665275
51473,0.022049767858454146
51474,0.03356896067686226
51475,0.021271533966349503
51476,0.06093094718479615
51477,0.050673420891331436
51478,0.1431548146910292
51479,0.07401539554900266
51480,0.06333824363863855
51481,0.04487329669702267
51482,0.03244775764913613
51483,0.07167753888952073
51484,0.01445577558080665
51485,0.038459798043335616
51486,0.04051627235908122
51487,0.13418577386735947
51488,0.08077095773152608
51489,0.014958705784898515
51490,0.017179478130601923
51491,0.06775987271408733
51492,0.029348198541747757
51493,0.019346382150617535
51494,0.023504580102985992
51495,0.06691492945420793
51496,0.03602415149448296
51497,0.10329888288649862
51498,0.45771262174010635
51499,0.3054142057759159
51500,0.017146823990304996
51501,0.02495300834725468
51502,0.059036967636109466
51503,0.04931569923196194
51504,0.041481845713693996
51505,0.11838298491490147
51506,0.10566769612548466
51507,0.1304600743465243
51508,0.0730263292604201
51509,0.08565646441378785
51510,0.2599531187078531
51511,0.11076974648938206
51512,0.06266785044893652
51513,0.025219658139027542
51514,0.1208088214542441
51515,0.0849717110276633
51516,0.014524334369424437
51517,0.15189310481380994
51518,0.31575884335597015
51519,0.038392090833487595
51520,0.019592803954689462
51521,0.02974303133178767
51522,0.11377229060026697
51523,0.04290559637845913
51524,0.039851355444357
51525,0.02150843113871334
51526,0.016467793684191632
51527,0.03483170616686753
51528,0.02869082162218318
51529,0.05564677680642745
51530,0.11532957230478853
51531,0.054335970855731504
51532,0.06482562983950568
51533,0.0652183280966866
51534,0.08219625214422388
51535,0.03441433744174183
51536,0.045951579811008864
51537,0.03547125709486956
51538,0.056175472538047964
51539,0.011326988975734045
51540,0.1377554864480913
51541,0.04717503186909174
51542,0.08293267091585282
51543,0.06576018743289488
51544,0.032052196182052295
51545,0.01619038707895328
51546,0.011451750463798467
51547,0.019447375848829745
51548,0.034583065780339525
51549,0.056061522804000646
51550,0.04154265908182342
51551,0.026483994024804176
51552,0.0332434854935002
51553,0.06173372454404049
51554,0.012399087552491968
51555,0.044102530133320765
51556,0.04459192909700946
51557,0.07323935223332449
51558,0.046969518907574496
51559,0.0340332947802515
51560,0.024950970165960845
51561,0.01770353745408551
51562,0.07562612547076872
51563,0.0637135227775
51564,0.053324469976775715
51565,0.030134457968825433
51566,0.02497293481547758
51567,0.022890862180481746
51568,0.07905674030458484
51569,0.086994600756385
51570,0.06538888477842368
51571,0.070473098830477
51572,0.06187817460461632
51573,0.1153278228306425
51574,0.016294402310183982
51575,0.04706622588111988
51576,0.03499983462001264
51577,0.12704979436383904
51578,0.04464265769764068
51579,0.008197782871890928
51580,0.05665739108324385
51581,0.06210983073038077
51582,0.030411009188029064
51583,0.07582355750761006
51584,0.08497639924666289
51585,0.1313080178266501
51586,0.03781907419928935
51587,0.039836263989481674
51588,0.02707188549799413
51589,0.012455879350102015
51590,0.04744188532989994
51591,0.08758613625161125
51592,0.09233362991951181
51593,0.028014123727923633
51594,0.17495131207662995
51595,0.011242204708027146
51596,0.024747449297770632
51597,0.01536648152456076
51598,0.11575741803638409
51599,0.015097368529514175
51600,0.019564087346209458
51601,0.020500851196310343
51602,0.026210637961585584
51603,0.049131441881350296
51604,0.05624202741755819
51605,0.20602876631409608
51606,0.026766451595232377
51607,0.08304432046720844
51608,0.017878748574372404
51609,0.045561700997508565
51610,0.02715512634773485
51611,0.13610555328108165
51612,0.0390141766911214
51613,0.03625708472077426
51614,0.019432934806565723
51615,0.017722599973335605
51616,0.31899014269665305
51617,0.1768701128916345
51618,0.020862718167383394
51619,0.022538078937238217
51620,0.02600469462698132
51621,0.021270002025180826
51622,0.1335213909812562
51623,0.21630643964679547
51624,0.07545504121741717
51625,0.02393647898206641
51626,0.03876348473380738
51627,0.09228020073459416
51628,0.017096277573273262
51629,0.026009913136865716
51630,0.012502321641018232
51631,0.025552189672183544
51632,0.03745384990266655
51633,0.12231801858829497
51634,0.0214636717962138
51635,0.1125747868341275
51636,0.04149392474256697
51637,0.07526446954202275
51638,0.0422610332640139
51639,0.08587810381524816
51640,0.016429345708497217
51641,0.07160019359007232
51642,0.0459172771614202
51643,0.03548746429944298
51644,0.01677981562068659
51645,0.03068667751659604
51646,0.012858174456697815
51647,0.06522930976176498
51648,0.030323349687496903
51649,0.02626753465986205
51650,0.04034110388713448
51651,0.07074361609867873
51652,0.08998322714041573
51653,0.023433045139514046
51654,0.11099842588017587
51655,0.09571127740439782
51656,0.3998443295988898
51657,0.02134502693283804
51658,0.05594359542562599
51659,0.038495248917033806
51660,0.023836382259786345
51661,0.0239957508288973
51662,0.05879844527170905
51663,0.046097359439791125
51664,0.04102506642819974
51665,0.11117589574915528
51666,0.03169193279175997
51667,0.030468971873670387
51668,0.022222216864348943
51669,0.015992420773994244
51670,0.03774795697737074
51671,0.011070949967557007
51672,0.053476803173738395
51673,0.09116659078326261
51674,0.03574801236870222
51675,0.029430933817508862
51676,0.018567360990451524
51677,0.031565655041229795
51678,0.15857619206892412
51679,0.021634756097908433
51680,0.04737441450274766
51681,0.012702409309623871
51682,0.0549657018333501
51683,0.02108299888652097
51684,0.04784799405384713
51685,0.08467290907518245
51686,0.010721871614483675
51687,0.06191757706952826
51688,0.05473421231269742
51689,0.27678826683381574
51690,0.13128587200196135
51691,0.02075260201644706
51692,0.023703647745652815
51693,0.04602438251515292
51694,0.14669822910574615
51695,0.025150441198968018
51696,0.029117154145440246
51697,0.027268985475891155
51698,0.16468121396428384
51699,0.055866022493098355
51700,0.05463227871081136
51701,0.12010113611196688
51702,0.0738751128882351
51703,0.012536764060542362
51704,0.04965428018177525
51705,0.025301814661435607
51706,0.014698094454650056
51707,0.08365746801338932
51708,0.08936233546202353
51709,0.03549983094824398
51710,0.04852501599824525
51711,0.09973578060143135
51712,0.08761756088989357
51713,0.020532104285391838
51714,0.06420892332328029
51715,0.04074591397113995
51716,0.012372844799951224
51717,0.02393928049587454
51718,0.1650953631892313
51719,0.062053017077876735
51720,0.06472629852671406
51721,0.10159228492378378
51722,0.07632138157689053
51723,0.06372762012637428
51724,0.07776061298256595
51725,0.03776824209254409
51726,0.07735834574802798
51727,0.06079044694413664
51728,0.03610754006309001
51729,0.028320428520642094
51730,0.053729198376297194
51731,0.03985742785359711
51732,0.017887097590898668
51733,0.01873309222701817
51734,0.047756785295417825
51735,0.04592827260516141
51736,0.012768569865030277
51737,0.08532703021838642
51738,0.017143445392468107
51739,0.0518356395970965
51740,0.027277914499359318
51741,0.0868174946472704
51742,0.020500428505531628
51743,0.037870303601096104
51744,0.03716014749581298
51745,0.027906051793882253
51746,0.03145445598971273
51747,0.14443897214464113
51748,0.13542631199367045
51749,0.041175150127294946
51750,0.24818532322674652
51751,0.06965209803415189
51752,0.03777174828578425
51753,0.0959660396403583
51754,0.02412773987205035
51755,0.04237283514032041
51756,0.12222650262255794
51757,0.3017607958449109
51758,0.09885359074162516
51759,0.04064860863582554
51760,0.18778369369219128
51761,0.3962942805072519
51762,0.046861766896041185
51763,0.019124144169507428
51764,0.08391994456914206
51765,0.16296457229975223
51766,0.31306228934767155
51767,0.03150676937413208
51768,0.04564064977457196
51769,0.026854233138915003
51770,0.05038544007566208
51771,0.11591927510943606
51772,0.08576574386227448
51773,0.17958491785734357
51774,0.034082065170469626
51775,0.03609673912181478
51776,0.013623922040334142
51777,0.04791701112309675
51778,0.02012048127554979
51779,0.042525999191820776
51780,0.041712855500245616
51781,0.03817309539970043
51782,0.035828770861186895
51783,0.02467158066398762
51784,0.022159100980071476
51785,0.09380828556365337
51786,0.06727775523440718
51787,0.025406257690926047
51788,0.01333320030702085
51789,0.012504789091187277
51790,0.022074939178932537
51791,0.12556116713494636
51792,0.14338233025394734
51793,0.03740938590748226
51794,0.0428849047288419
51795,0.07361567010264906
51796,0.10641147023654636
51797,0.07225604197692548
51798,0.11920071742234345
51799,0.1335762283384223
51800,0.057290360010286825
51801,0.06435197813841416
51802,0.11106659430660576
51803,0.036903173602193286
51804,0.02114869722442225
51805,0.07473920070259908
51806,0.01953120930481183
51807,0.02427976777618936
51808,0.11074563645270176
51809,0.021670956096442897
51810,0.11982019764188513
51811,0.03106434858046824
51812,0.03987556167583833
51813,0.26926566220053094
51814,0.07638093566936478
51815,0.06730803540399169
51816,0.08856424602882235
51817,0.02495729740216269
51818,0.022022552197605506
51819,0.020269122512314063
51820,0.04689129536256743
51821,0.028943109547722
51822,0.04009877518166888
51823,0.04658573888536173
51824,0.036840689465127384
51825,0.10816119229488977
51826,0.029596034712681296
51827,0.03538031369404619
51828,0.11150598558099223
51829,0.05862370679604982
51830,0.09476654526820545
51831,0.028829181049883162
51832,0.039184826592414485
51833,0.013320162713402143
51834,0.10470898525363034
51835,0.029602403049241582
51836,0.07386124804298193
51837,0.030043172160292942
51838,0.024083119981344617
51839,0.02076194078983526
51840,0.010860210263170045
51841,0.10146787775008727
51842,0.07566790097618603
51843,0.0292549683773035
51844,0.018464904548340988
51845,0.023938724830954678
51846,0.0966840662467101
51847,0.08096944061423131
51848,0.022598892740289783
51849,0.014886241741939508
51850,0.04277117428041126
51851,0.1049164356926531
51852,0.06752223720632566
51853,0.01880060861320052
51854,0.13950212841935603
51855,0.035686984698384355
51856,0.016944682411400958
51857,0.024653729793297264
51858,0.020697982423860346
51859,0.022436148392794224
51860,0.02558217042613812
51861,0.10715316151366051
51862,0.038289454881059545
51863,0.09826232512280382
51864,0.03179528180525514
51865,0.010001184494630385
51866,0.022536804317029115
51867,0.06416597139987185
51868,0.020249130109069684
51869,0.03336230569030127
51870,0.05385385630424749
51871,0.2950828171697779
51872,0.11145556952480662
51873,0.03997355811192007
51874,0.05902160376087086
51875,0.03997251828273099
51876,0.021799446875148724
51877,0.05505966113590804
51878,0.08853473783356879
51879,0.02262610798627539
51880,0.05034801752088064
51881,0.018121870298776262
51882,0.044355075532530625
51883,0.16029824432249012
51884,0.03241241023764343
51885,0.04718587562606062
51886,0.18667838585103252
51887,0.024626828259456713
51888,0.06065730237812988
51889,0.032368932953041676
51890,0.016392183956539144
51891,0.10830991613258237
51892,0.027862921417260794
51893,0.03891194574788073
51894,0.02605125229935737
51895,0.02806967196230125
51896,0.09929387560984534
51897,0.399462603264976
51898,0.05304410349425481
51899,0.024977056260390623
51900,0.011911724515578516
51901,0.06422153906199563
51902,0.017164923832222043
51903,0.023398295481671362
51904,0.09725028776002143
51905,0.24120972655228048
51906,0.10171136300023632
51907,0.03473441597984603
51908,0.03933856152626837
51909,0.02859827107830698
51910,0.04468620733572709
51911,0.024355781259864692
51912,0.07202362989040563
51913,0.05808714114745788
51914,0.04758205667705648
51915,0.03573415339149305
51916,0.024454288818164492
51917,0.06316250340666611
51918,0.016117365713010104
51919,0.018606551051030037
51920,0.15678147403469278
51921,0.019422658582526182
51922,0.020972713569510082
51923,0.02481591550037903
51924,0.04122263838477443
51925,0.019294235045992033
51926,0.009800364468289054
51927,0.04104026609283565
51928,0.06984571129180026
51929,0.015220052432781656
51930,0.08711858174651031
51931,0.05028928931172457
51932,0.01907389744768796
51933,0.07553102061762994
51934,0.03061448104919849
51935,0.07781431847118173
51936,0.20229520980293633
51937,0.03069981567910924
51938,0.017611576888701724
51939,0.05285273975821102
51940,0.04642609587255793
51941,0.023928274819958392
51942,0.2978221027523464
51943,0.17794954825702225
51944,0.027485272658314828
51945,0.01398349367321118
51946,0.06831733778073242
51947,0.060740833773312505
51948,0.07327795033470696
51949,0.009551300065266112
51950,0.021818594305260203
51951,0.015362009663229627
51952,0.06611976714847351
51953,0.047133673033495894
51954,0.021858759614491137
51955,0.033464980551355994
51956,0.017482497216875836
51957,0.02224133924550884
51958,0.03890562243560466
51959,0.04693262925981315
51960,0.09970030534416591
51961,0.05666090485355958
51962,0.05456190156670753
51963,0.129638436847041
51964,0.08888125796768646
51965,0.039405687666042306
51966,0.044131374832138866
51967,0.04278775928683767
51968,0.04093795138382528
51969,0.015279357948814708
51970,0.21320075156736823
51971,0.03828757332423592
51972,0.03403324777124528
51973,0.10714594075008675
51974,0.05472176767690526
51975,0.09036936970107763
51976,0.027117959709586165
51977,0.2459102669102995
51978,0.061259186929474393
51979,0.12108497476983804
51980,0.028330733006148846
51981,0.03346459599660963
51982,0.04673957246609138
51983,0.045088127398601685
51984,0.0698353695173088
51985,0.04814731808919837
51986,0.057124106285809745
51987,0.02581832736701208
51988,0.0285275608167893
51989,0.044124083552412506
51990,0.026716461162076616
51991,0.01528076545650962
51992,0.09585884464066352
51993,0.016334853691166825
51994,0.03665672749265377
51995,0.13589619569445954
51996,0.024917280692847495
51997,0.048093161386937366
51998,0.024160979936556304
51999,0.0157801583962696
52000,0.028081008849348516
52001,0.46675267705423945
52002,0.2364528815718821
52003,0.06171607381746412
52004,0.06717988683683804
52005,0.015746625663426078
52006,0.012191562379393686
52007,0.023531259642300125
52008,0.04537592215540619
52009,0.014223797456257683
52010,0.04413880928665105
52011,0.03444149611316702
52012,0.042718517055062494
52013,0.0650452749115393
52014,0.21096219419495194
52015,0.04090015879570299
52016,0.08454459896003712
52017,0.024991458275731984
52018,0.09603010576327675
52019,0.02195167438248651
52020,0.020367348941692315
52021,0.01952831754788302
52022,0.26434973602360456
52023,0.038844338292533274
52024,0.028833219278119937
52025,0.10056696216127772
52026,0.08889176121076706
52027,0.23489579475715563
52028,0.019557770271879826
52029,0.09763799871534105
52030,0.026689348484249094
52031,0.01778273101032106
52032,0.04173224524581448
52033,0.03514564325240826
52034,0.07314521310643382
52035,0.028581034883557992
52036,0.07038775104748399
52037,0.18732139909631101
52038,0.06840204803640695
52039,0.6879320869663064
52040,0.16203205233959533
52041,0.020388695199866528
52042,0.11262182439170994
52043,0.008968031758099475
52044,0.03408905240007561
52045,0.016593286232766003
52046,0.38314390366938855
52047,0.2843535017450765
52048,0.05300666700554185
52049,0.1116815782433655
52050,0.06353861330675008
52051,0.022363108577910858
52052,0.1288125346836989
52053,0.10588738682581066
52054,0.17505953830813648
52055,0.12191651900759409
52056,0.294162575326976
52057,0.018108658951169927
52058,0.03494330675130061
52059,0.32881881502350435
52060,0.13332993377566837
52061,0.08122105543063741
52062,0.016944248216914086
52063,0.02480576465765605
52064,0.03533765232335351
52065,0.08392923261967877
52066,0.01750798984628066
52067,0.04217226591358018
52068,0.007532909292776094
52069,0.024332168567307903
52070,0.15981163782608254
52071,0.15386501433186628
52072,0.04090427270402543
52073,0.07239890787592913
52074,0.09867406127952018
52075,0.04667512532785382
52076,0.1646879013955539
52077,0.07496493481582912
52078,0.04969686571399197
52079,0.02185749532632566
52080,0.026572130338796632
52081,0.06216590002799549
52082,0.3175825235891646
52083,0.05754353324850655
52084,0.010410886257094156
52085,0.20589411703449684
52086,0.03282397445278746
52087,0.042411560010297715
52088,0.0862804709099447
52089,0.231352545338435
52090,0.058169333006864665
52091,0.014390248832660435
52092,0.015977458095821663
52093,0.03845465710066659
52094,0.017876582477450314
52095,0.0440771797974572
52096,0.01086632685440756
52097,0.01633596116880049
52098,0.03561588774088283
52099,0.06907458197993292
52100,0.08456195374084574
52101,0.20052945198461483
52102,0.058027799064781324
52103,0.018325690412347675
52104,0.029876699280199516
52105,0.025078672886207333
52106,0.05160757765916808
52107,0.06454560998232031
52108,0.10147936058029025
52109,0.018970817993984687
52110,0.02899973406412725
52111,0.016251158055481482
52112,0.021478993558274363
52113,0.05819422016238898
52114,0.0285748078416181
52115,0.03134460627220557
52116,0.06732387119918093
52117,0.05186017264547324
52118,0.04300878763383187
52119,0.08602456697991497
52120,0.024794749152533224
52121,0.04032161892647863
52122,0.08065689509771284
52123,0.04608678095050251
52124,0.04455341898497614
52125,0.2864748767120894
52126,0.15697622997778676
52127,0.12263732398681748
52128,0.03976108785698858
52129,0.04086616853822148
52130,0.0290005846119488
52131,0.019853156470767856
52132,0.012815344463816266
52133,0.013444465416051366
52134,0.04913370181311909
52135,0.010414600211049108
52136,0.19242546114694636
52137,0.016758452326767332
52138,0.10179762190046629
52139,0.026615793298548032
52140,0.04927497937722246
52141,0.027168583935288534
52142,0.09821264655956423
52143,0.011812172732940721
52144,0.013123543966175762
52145,0.016457851786579963
52146,0.03908618532203892
52147,0.12117240240492742
52148,0.03136518872787015
52149,0.20801014758514338
52150,0.10693972691571718
52151,0.01921045850019868
52152,0.03512945364693024
52153,0.12357364852608527
52154,0.011469147597646405
52155,0.023240930748282637
52156,0.03771655576042353
52157,0.008292474942752067
52158,0.03800523099118444
52159,0.022123385134784578
52160,0.9562942854872366
52161,0.01679815555844066
52162,0.08775796196746934
52163,0.09692510597044474
52164,0.028480134916892497
52165,0.11290177007273702
52166,0.025964122860926243
52167,0.0875932449026842
52168,0.1311734981804428
52169,0.05826328239226393
52170,0.12776675628427803
52171,0.018856049632496034
52172,0.23802223416704288
52173,0.028403353019077093
52174,0.010033864616651712
52175,0.05347569588922009
52176,0.047900725936175254
52177,0.04865380937764079
52178,0.04734163126649632
52179,0.11818134484828381
52180,0.07023800472647718
52181,0.0689323994223813
52182,0.008295468920398766
52183,0.02678375583869726
52184,0.035956640703836036
52185,0.06781336852804865
52186,0.06806944288652385
52187,0.06529505885813862
52188,0.07707909053207865
52189,0.021547090616824124
52190,0.12744498989645536
52191,0.02514593721971186
52192,0.08962496575802663
52193,0.041745276201528035
52194,0.053905558814054545
52195,0.46291945566748155
52196,0.02996401232859702
52197,0.07712315588669384
52198,0.3078440285723146
52199,0.13294450550114797
52200,0.033443370136673436
52201,0.04640368796079971
52202,0.020907959513496416
52203,0.06474801644779479
52204,0.11963755870940686
52205,0.047130484200623726
52206,0.0842709886156597
52207,0.03309507155309964
52208,0.13722053788882607
52209,0.16505358283758498
52210,0.032602802750416576
52211,0.01806380149182675
52212,0.02364223309031548
52213,0.24954777753122148
52214,0.02485338929858342
52215,0.15263870411008226
52216,0.026504261511364112
52217,0.0848230660411015
52218,0.025042607812486677
52219,0.07043801215499884
52220,0.052354672416641365
52221,0.1519036927001763
52222,0.03645537193786667
52223,0.00712143306694553
52224,0.022258068733563022
52225,0.05967369744953985
52226,0.07694452746272859
52227,0.11865437450270803
52228,0.033394866310641785
52229,0.08598573848824423
52230,0.2145616648374135
52231,0.15989820636288893
52232,0.049616149183158514
52233,0.10113280694135604
52234,0.04271116063208644
52235,0.026451304688365384
52236,0.023043141955927157
52237,0.0503026531354854
52238,0.0814656422966102
52239,0.05186525920614079
52240,0.031251338496359575
52241,0.015966939417127336
52242,0.11031227407749039
52243,0.020397884919180476
52244,0.13069587609526875
52245,0.037254481004710197
52246,0.04526064722243037
52247,0.07399362858391852
52248,0.0397854710266807
52249,0.19489908497027442
52250,0.14092974328414934
52251,0.09057145798583005
52252,0.016585081480067664
52253,0.3875938187920302
52254,0.2879198326595874
52255,0.06410110189226807
52256,0.04876803834681503
52257,0.08408552044938027
52258,0.38655659262752906
52259,0.04852899205037011
52260,0.033410932612593314
52261,0.42058754297568984
52262,0.029969411156602434
52263,0.028042509337228197
52264,0.06388133067891458
52265,0.07113496935774338
52266,0.06466896300553743
52267,0.024701368224384478
52268,0.10731330484136267
52269,0.10830928527013278
52270,0.07806617214519751
52271,0.342221265892308
52272,0.04405353593086504
52273,0.7027374902562431
52274,0.04604436806001415
52275,0.018383176678283333
52276,0.06684548212768834
52277,0.19583277005028482
52278,0.07001355692603764
52279,0.04305083266015727
52280,0.13761956073402878
52281,0.07245809591500509
52282,0.012970090013764491
52283,0.05721919012058035
52284,0.021303125780649915
52285,0.03535789272112817
52286,0.018787452963515888
52287,0.018138287389595314
52288,0.03232360293669872
52289,0.02373170296731273
52290,0.031021467422919398
52291,0.13307303740303764
52292,0.028837816936727996
52293,0.060635739773755415
52294,0.16028196190239766
52295,0.0885407229797342
52296,0.03669037709710167
52297,0.06749994065054209
52298,0.02087770543088044
52299,0.023938931615759555
52300,0.04375328951374353
52301,0.04020495202893275
52302,0.007892154006074015
52303,0.030358976184997187
52304,0.11134277463573616
52305,0.07916635036008934
52306,0.2406058470137648
52307,0.023328822422843225
52308,0.02903432742808957
52309,0.020815822836333233
52310,0.011667707019826432
52311,0.11889877503137611
52312,0.044783791547033075
52313,0.048014974180913425
52314,0.029025565710193428
52315,0.026444880931229486
52316,0.20133067075300445
52317,0.029801378627453492
52318,0.013382617707719235
52319,0.014783170781912137
52320,0.0479838822203951
52321,0.1345866382181638
52322,0.03800301987438337
52323,0.013169460708652226
52324,0.018910050822524834
52325,0.13125976602786665
52326,0.020013200880473397
52327,0.06510818241675936
52328,0.10941751860867452
52329,0.1275628757117009
52330,0.010257884260177106
52331,0.19231892531402967
52332,0.11812279745316345
52333,0.02337495092988345
52334,0.010137202451030634
52335,0.062141962581278506
52336,0.043319921827307956
52337,0.025548447429860406
52338,0.11486745856955466
52339,0.03300183903357749
52340,0.09030038558814445
52341,0.024496343428745786
52342,0.03863847174118984
52343,0.014723949517689924
52344,0.35140988212943913
52345,0.05685452166340521
52346,0.02462268983662639
52347,0.04335854802584855
52348,0.09965495478848366
52349,0.023765590473185015
52350,0.031228299169938988
52351,0.06714428895408743
52352,0.05611844885224922
52353,0.03966625181856296
52354,0.023895283159449447
52355,0.07189084967560651
52356,0.016108245617031405
52357,0.6207760082162914
52358,0.3003761273059737
52359,0.09576944788165384
52360,0.16411248408833107
52361,0.08996367194747386
52362,0.056387933914952774
52363,0.01865181244944185
52364,0.05561921810914506
52365,0.037513820927746605
52366,0.07749492892499939
52367,0.011723373892437551
52368,0.05393955462467886
52369,0.03851618758484708
52370,0.035004686858068096
52371,0.024244647519037016
52372,0.04350174877094012
52373,0.03720476405723629
52374,0.2533635294293345
52375,0.11442092969857744
52376,0.017176859671867453
52377,0.04999884545939979
52378,0.11439052904272382
52379,0.02133408974606207
52380,0.043222727810512694
52381,0.03185917458756681
52382,0.16386622576086513
52383,0.030851236710894528
52384,0.08371984579468057
52385,0.029959132101760395
52386,0.022430202214997558
52387,0.03560286271621715
52388,0.04589379170822747
52389,0.10568963936913077
52390,0.020732010141934484
52391,0.22244259054387228
52392,0.22743514710260665
52393,0.04060469895667166
52394,0.11065458828629599
52395,0.017773182580386016
52396,0.0874878199732812
52397,0.1392536500153031
52398,0.0290114600044773
52399,0.019977425500613155
52400,0.1884481698255528
52401,0.02304365585222349
52402,0.030849022683845873
52403,0.02939967188699182
52404,0.029476898417329145
52405,0.030579253745380112
52406,0.22657923100118138
52407,0.03726729364681543
52408,0.020373860679094927
52409,0.04537666287638144
52410,0.03950362354865856
52411,0.02773655586833767
52412,0.0105665864379477
52413,0.022630759605888846
52414,0.15360949140078348
52415,0.07572831487933934
52416,0.15047443524762705
52417,0.037634547574939704
52418,0.0209732767592703
52419,0.058848133685332364
52420,0.0703541576150412
52421,0.09785146558364409
52422,0.047072650579024614
52423,0.01416482630768005
52424,0.028326886058787304
52425,0.15177511767451807
52426,0.17351772899461146
52427,0.05179632315596615
52428,0.09631354641901826
52429,0.023120461935406462
52430,0.11755528913837095
52431,0.040875783330244254
52432,0.04557451269292117
52433,0.1268472151833738
52434,0.049717594368604276
52435,0.03421345706776114
52436,0.12247542632383474
52437,0.03222685013086375
52438,0.0593422422726554
52439,0.0394664297712179
52440,0.01601835320541818
52441,0.015503866391469603
52442,0.06155536071890503
52443,0.06433357622950646
52444,0.026601260791157166
52445,0.05132489771738269
52446,0.13539480296803885
52447,0.07630317973435771
52448,0.05844600829103533
52449,0.02403154191006975
52450,0.11705890636240213
52451,0.05015894284731099
52452,0.08377143975084203
52453,0.02294758801428059
52454,0.024847067467029187
52455,0.09189963545795503
52456,0.046343808932310035
52457,0.01340889617737408
52458,0.1936171719286747
52459,0.12443239477925903
52460,0.05588219081678099
52461,0.03793308809663993
52462,0.024739159861801998
52463,0.08382820872558079
52464,0.04946492723994527
52465,0.12746972496393527
52466,0.016794241851915068
52467,0.056425133097126434
52468,0.028271178422873307
52469,0.043669880499341285
52470,0.04582857967557194
52471,0.08310546809458694
52472,0.045555414054211325
52473,0.013987659285036029
52474,0.010370533524815729
52475,0.029385829100699715
52476,0.08280554700399012
52477,0.08828413730923501
52478,0.035403818477361605
52479,0.1725092276753348
52480,0.01284199684300717
52481,0.052218265083925616
52482,0.171985698915583
52483,0.05366353296147102
52484,0.08788848556661367
52485,0.30990275780293386
52486,0.02198158141801021
52487,0.022522093958575497
52488,0.01509867937037147
52489,0.010647514211926928
52490,0.031249101282965864
52491,0.030163977293056376
52492,0.03245145054496265
52493,0.015524725070684624
52494,0.020649321012304194
52495,0.013300086823754644
52496,0.04432486034766364
52497,0.03220485606456887
52498,0.06063832501664725
52499,0.023265059882995102
52500,0.05046017471088989
52501,0.029501897840270037
52502,0.08464288875506773
52503,0.06567413560437477
52504,0.020203839250197836
52505,0.04897402306075451
52506,0.01961779874796509
52507,0.19102358046103346
52508,0.16335684009004725
52509,0.04731422810859162
52510,0.33847776639561694
52511,0.03884958643749334
52512,0.2505335248600581
52513,0.042197019646086416
52514,0.14449624962955138
52515,0.15459294558778366
52516,0.045765593048851506
52517,0.023300510646643072
52518,0.03409687078823383
52519,0.01258774454369702
52520,0.13383654305209908
52521,0.023977452026794153
52522,0.03460052933937944
52523,0.029740420613082973
52524,0.06943107711561657
52525,0.09231344517096798
52526,0.082431519080582
52527,0.04330533722355092
52528,0.08560571144383247
52529,0.18120015521621924
52530,0.10443229839048276
52531,0.028340424363943222
52532,0.09575704050900549
52533,0.06961296467197231
52534,0.05529378778276199
52535,0.015483582690201985
52536,0.05166623719560354
52537,0.01566768788233793
52538,0.026402792768067347
52539,0.020340531124856013
52540,0.041599405256598
52541,0.045644357684386294
52542,0.03535774654863253
52543,0.10724148999482203
52544,0.029435250968162057
52545,0.012988975529040872
52546,0.16129832429825092
52547,0.03258308234753606
52548,0.04056033006814409
52549,0.16568723413717312
52550,0.1056603820501941
52551,0.03568377085667448
52552,0.039546171646130675
52553,0.12191473953190304
52554,0.09939490648202845
52555,0.10790012340109982
52556,0.2023727784147584
52557,0.07401040359451089
52558,0.3397285777024077
52559,0.03998209065714235
52560,0.023063283119722746
52561,0.03170337188425721
52562,0.3207714734111222
52563,0.025417229831345457
52564,0.017497966406124492
52565,0.01998975685781602
52566,0.08306135943377332
52567,0.028706504071698124
52568,0.11778831629023903
52569,0.03725963282811075
52570,0.14128041296260047
52571,0.049245171024719286
52572,0.03221333045933173
52573,0.01768824257465468
52574,0.017413477056548658
52575,0.051579144132925574
52576,0.8935561053512381
52577,0.0732138474962307
52578,0.07347023721715541
52579,0.025953328851388548
52580,0.09590786661679364
52581,0.017396071665175317
52582,0.06687681842318181
52583,0.11978800247962765
52584,0.03176286865682058
52585,0.4482309460478058
52586,0.03288396143565953
52587,0.268940373595623
52588,0.012566768506161133
52589,0.058583635382272126
52590,0.02609437651769444
52591,0.030143330925150334
52592,0.07977841240020422
52593,0.016197465674727227
52594,0.02208045823695165
52595,0.038732833868512895
52596,0.020206359088462265
52597,0.09799256665229367
52598,0.020719244871893576
52599,0.02324018803821764
52600,0.04685359535093971
52601,0.04114801612872819
52602,0.0881410854637153
52603,0.11220174517157536
52604,0.141387596275497
52605,0.018946209539715833
52606,0.015188250924455304
52607,0.08971124403349817
52608,0.053639042923400215
52609,0.01619613592561494
52610,0.028544578246937333
52611,0.037423147780602455
52612,0.019321890460933022
52613,0.017865027300015036
52614,0.09679697450156573
52615,0.03438536664450612
52616,0.030061395301896297
52617,0.024468096646383317
52618,0.050524029065458345
52619,0.028553349838232045
52620,0.8598078988874177
52621,0.029012564888419266
52622,0.17305027234340978
52623,0.7722422063078443
52624,0.14718586245579654
52625,0.01966782160107168
52626,0.07817558289540393
52627,0.045411582427862245
52628,0.06546290319096143
52629,0.025714229952154614
52630,0.031236592335885327
52631,0.07029648942597742
52632,0.025271642328218755
52633,0.21210336739487703
52634,0.12477962166166827
52635,0.05775691396063596
52636,0.03519826812432518
52637,0.046341509768636074
52638,0.023133378069278118
52639,0.01931950843043704
52640,0.013939557243461262
52641,0.09880976294268548
52642,0.0698792351397079
52643,0.014407051235811654
52644,0.1799532795455701
52645,0.2811113289764732
52646,0.04601480087640124
52647,0.04137500867585371
52648,0.10515662007537543
52649,0.14106965053194068
52650,0.015553892067991059
52651,0.03218413292613506
52652,0.06143345982408567
52653,0.01587387115005527
52654,0.027801893264609256
52655,0.18829666319655372
52656,0.05225745858843467
52657,0.33624275014262867
52658,0.02397271431858854
52659,0.029757008586141328
52660,0.34137144493891997
52661,0.07654951422763163
52662,0.024917270598180843
52663,0.057472068210869656
52664,0.03763587604099399
52665,0.05383844102113777
52666,0.0657772920636238
52667,0.016141137120832108
52668,0.031044958181146227
52669,0.08393228163598834
52670,0.046219643535995426
52671,0.022477512008978576
52672,0.16460703031826948
52673,0.043173846632386256
52674,0.06941581168594689
52675,0.08258309387554343
52676,0.024353719953211853
52677,0.05578615104341438
52678,0.026320173176127823
52679,0.043831934729162136
52680,0.031923484914517575
52681,0.10108716281528395
52682,0.03358818162587518
52683,0.0531842180063549
52684,0.044069008620760346
52685,0.13990297036963018
52686,0.025604096493704685
52687,0.021917642461727505
52688,0.05497251124266707
52689,0.0923623166117492
52690,0.1512393128967406
52691,0.09616357690062627
52692,0.062220663088897885
52693,0.06830887549422257
52694,0.03374746153196569
52695,0.025022180550900403
52696,0.0483776178839893
52697,0.011008950658938732
52698,0.03354338895421499
52699,0.27617896661526165
52700,0.15401668693606282
52701,0.06763590074437396
52702,0.0865290436920081
52703,0.04200646928674059
52704,0.20253928800786453
52705,0.16985712047139498
52706,0.03467273591263263
52707,0.05573991770971736
52708,0.08301307816468412
52709,0.050712918838928686
52710,0.13752059980781445
52711,0.030317841284833953
52712,0.013569935768543873
52713,0.021645478541814395
52714,0.15069484808662426
52715,0.03685127730467655
52716,0.07474597608961463
52717,0.03352447262651988
52718,0.06359811409640431
52719,0.06174470873537111
52720,0.06134242099298776
52721,0.03450846957464649
52722,0.01955042351131544
52723,0.12264902050289775
52724,0.09299441245523098
52725,0.056429476139165435
52726,0.014272431246919667
52727,0.0623561173782847
52728,0.016733336721701568
52729,0.16803995064274327
52730,0.04377037901793635
52731,0.054638368345033266
52732,0.128165200168475
52733,0.018381818229102783
52734,0.015234666964568884
52735,0.13595299450003712
52736,0.7419541362180396
52737,0.024941962829663468
52738,0.012520972496636383
52739,0.029242306833903775
52740,0.1356264391932115
52741,0.025261137258637843
52742,0.07030238335753534
52743,0.02450356475377253
52744,0.06227737047405807
52745,0.08567067998385941
52746,0.05521745802269981
52747,0.023184707248318406
52748,0.044043699695159026
52749,0.09041661016315108
52750,0.08710700381715586
52751,0.13041158695935978
52752,0.1074160971649209
52753,0.02335352120478563
52754,0.39640542026699443
52755,0.11865902461936162
52756,0.03382399347684859
52757,0.028212695880302
52758,0.024930561066891756
52759,0.022213486687217805
52760,0.009902958150507728
52761,0.15913698136112212
52762,0.03611319648540406
52763,0.052636642154336236
52764,0.034274072991815535
52765,0.01567637077525742
52766,0.03976998192114911
52767,0.018809929856943963
52768,0.03180056530949879
52769,0.04457932215209188
52770,0.059275299956463065
52771,0.07580724791189647
52772,0.04855088199473451
52773,0.023332746765909233
52774,0.17513519432462166
52775,0.04368067678021867
52776,0.09224680154152906
52777,0.21361910073996024
52778,0.038245475670853256
52779,0.04622516475177283
52780,0.057239617573601034
52781,0.193567659953969
52782,0.14070927653957105
52783,0.05048154322395686
52784,0.07173612245920824
52785,0.05972441273806009
52786,0.02732095455275173
52787,0.33162222169251393
52788,0.16593932969297656
52789,0.023004873176964223
52790,0.03427575353790751
52791,0.08208555504648751
52792,0.10581477873505034
52793,0.011634425605706012
52794,0.029396379339108443
52795,0.10950067765354128
52796,0.014291236527657325
52797,0.03812836580856547
52798,0.011511469950272146
52799,0.08799768854862108
52800,0.13663003628892423
52801,0.07351292233196281
52802,0.08095084436950115
52803,0.03672775804429697
52804,0.011392240424368061
52805,0.023187589763591136
52806,0.05992839550883093
52807,0.058793008228746085
52808,0.03076577654298691
52809,0.026689507871213512
52810,0.09866472180857137
52811,0.049657431888295404
52812,0.24005452347873674
52813,0.14596608023840302
52814,0.022353465372218946
52815,0.0655319319891055
52816,0.05277465161722521
52817,0.04891669012941123
52818,0.06868539475540072
52819,0.23835879645698468
52820,0.049364527275488804
52821,0.05657577686304922
52822,0.013014977261383691
52823,0.021021795271923813
52824,0.048821679327575244
52825,0.05343753840162396
52826,0.008905172003485035
52827,0.06485757336145952
52828,0.16617564565500847
52829,0.048225258854183585
52830,0.3675037899216324
52831,0.6180828917879333
52832,0.016629891321203443
52833,0.1409660264781561
52834,0.0296580817635952
52835,0.031320618369168905
52836,0.03698808781900563
52837,0.18889885387643746
52838,0.0629307912492189
52839,0.05142816101685933
52840,0.04204781997093755
52841,0.07692716650133538
52842,0.0385388547758253
52843,0.14749658281253297
52844,0.03787535706091223
52845,0.08794509470355377
52846,0.030449674289814186
52847,0.12910408088032985
52848,0.043510423913836443
52849,0.031222031970415978
52850,0.01348029284550565
52851,0.039143895938538356
52852,0.2331052340827927
52853,0.03421356094741576
52854,0.12749120413260795
52855,0.031010656559604253
52856,0.020244375606374203
52857,0.027774841643753604
52858,0.09929826452773621
52859,0.01900805908993677
52860,0.03237513478534218
52861,0.1622294668849909
52862,0.16770038046485025
52863,0.13061011473822617
52864,0.07704756508278959
52865,0.05112895396733078
52866,0.0494519953003814
52867,0.12486076396548469
52868,0.03242664535224697
52869,0.01580526246512344
52870,0.017135224598630684
52871,0.08420657702012553
52872,0.05716037285717743
52873,0.03758195067551735
52874,0.015062817802070343
52875,0.026480847410951542
52876,0.10718926801782858
52877,0.07547174288707137
52878,0.03234480867173874
52879,0.4348438105689456
52880,0.07993390632479923
52881,0.055030042768269935
52882,0.03453391938613945
52883,0.07610543855503038
52884,0.0924052154067952
52885,0.03245923578203423
52886,0.025333943712202815
52887,0.5562348211656174
52888,0.018826421064457744
52889,0.029440776212189174
52890,0.034976684044361314
52891,0.0741016871795236
52892,0.016274278776507625
52893,0.02928780562965661
52894,0.08597942681241909
52895,0.05170995555246155
52896,0.031057002093422274
52897,0.10549856355586423
52898,0.06431912740589683
52899,0.01000015696134917
52900,0.1843916367563872
52901,0.05366228685538538
52902,0.0640013519445641
52903,0.03802643956732407
52904,0.01981424750791446
52905,0.1355904862070218
52906,0.01105189585851254
52907,0.03955658128059339
52908,0.1225207890503971
52909,0.01022960626997871
52910,0.21153727182502766
52911,0.20035645936531424
52912,0.012855160639430293
52913,0.03755820191175804
52914,0.040414899962641124
52915,0.06226400433595746
52916,0.035957770425282726
52917,0.08150419377924016
52918,0.0717460616471139
52919,0.02797861546298234
52920,0.06377798645946009
52921,0.2284019915042049
52922,0.04161822946180936
52923,0.2147165915174854
52924,0.03765470885410509
52925,0.012879103333481506
52926,0.05719087791429859
52927,0.04524345278899572
52928,0.014474726782134437
52929,0.2909159787745472
52930,0.030810280892112366
52931,0.015434464259417982
52932,0.05997216612996254
52933,0.1293130017226295
52934,0.07570850544063788
52935,0.01451695835050576
52936,0.16423941574295103
52937,0.08364994937518269
52938,0.017263709987834955
52939,0.025028290570797362
52940,0.1326517783638785
52941,0.17723296701434427
52942,0.017005095411446458
52943,0.2569430490783252
52944,0.03165290888810974
52945,0.04733913495220633
52946,0.03336090587782222
52947,0.03229325137446065
52948,0.034444403126565735
52949,0.02347152911841705
52950,0.030027343280804464
52951,0.05173542776784257
52952,0.03650837430624113
52953,0.015268756532941892
52954,0.08226849564067279
52955,0.01649816015991859
52956,0.012089582980080884
52957,0.039981514649242184
52958,0.034365857594380184
52959,0.009921223766461075
52960,0.054150672051060285
52961,0.015675285444944242
52962,0.06450178023791937
52963,0.028646665039255143
52964,0.0576864530648543
52965,0.013851014404450433
52966,0.04876269715750854
52967,0.015122319604492817
52968,0.011553147342089856
52969,0.014795629599588828
52970,0.09095591975718939
52971,0.23765198922442493
52972,0.03588041090869688
52973,0.02740915282594412
52974,0.029052148327951683
52975,0.03319706003758835
52976,0.03442754784413123
52977,0.21093867252218207
52978,0.09677581310871561
52979,0.03981008879215667
52980,0.07141940714456776
52981,0.0464330400988671
52982,0.032253705445635314
52983,0.11508496543030983
52984,0.25718878017313157
52985,0.021317847468307873
52986,0.02315632031688201
52987,0.06821597570730939
52988,0.027445669715299287
52989,0.36921423425335503
52990,0.10460604685784929
52991,0.012271406649470372
52992,0.02574696270989109
52993,0.0663712350673416
52994,0.05159303975748669
52995,0.17370393526454522
52996,0.1297394930001095
52997,0.12842315259769224
52998,0.28381070007386744
52999,0.023647424705068542
53000,0.01726995142316806
53001,0.020814379372609035
53002,0.03631159188395584
53003,0.04548881580438646
53004,0.04589962804386595
53005,0.02509448966723959
53006,0.1321312479979085
53007,0.03708092626417452
53008,0.12509973996488696
53009,0.2324249019800162
53010,0.5361816050926449
53011,0.19437676925026412
53012,0.07471564034977927
53013,0.09013698748178461
53014,0.05273148045693348
53015,0.04821646121647229
53016,0.13804409012020435
53017,0.06433763128789721
53018,0.0782531468121729
53019,0.039326430860522794
53020,0.01822814451088493
53021,0.5959662559676594
53022,0.16253571466834896
53023,0.1150441505589458
53024,0.06608682578363956
53025,0.07674294027090026
53026,0.09695926646776858
53027,0.13274473711278129
53028,0.09669010005094472
53029,0.0882587194401587
53030,0.04429249710088882
53031,0.18765514318683915
53032,0.06557408854505095
53033,0.140666404363878
53034,0.03898322536996944
53035,0.028946101497165054
53036,0.019054137951935387
53037,0.27883989381515645
53038,0.07399509935663062
53039,0.11133607165087184
53040,0.06089245767939631
53041,0.08822386840637036
53042,0.05523591372254238
53043,0.018351391226228718
53044,0.06995112140987184
53045,0.0996631313723225
53046,0.03312486515555102
53047,0.09592691863551228
53048,0.027704545800988373
53049,0.18720017407402814
53050,0.050402140599383735
53051,0.05761997866636232
53052,0.05043537459410788
53053,0.02185030109263045
53054,0.09679571052199387
53055,0.035300183766288074
53056,0.10335312507523217
53057,0.101085754803036
53058,0.008809770354288803
53059,0.04775223357397517
53060,0.023622215600652828
53061,0.02475555314512157
53062,0.054986051228792576
53063,0.01576769379982078
53064,0.012546669739654728
53065,0.10733683873124161
53066,0.0587012017896427
53067,0.022720351980672116
53068,0.030441537030475696
53069,0.02364894848412985
53070,0.10172741419526599
53071,0.025224851583551453
53072,0.010541483103841537
53073,0.16645962451387025
53074,0.0422868377408622
53075,0.0395484154343743
53076,0.06910506654094094
53077,0.07709451864142922
53078,0.3390082864445056
53079,0.05563639491765942
53080,0.01470641509604221
53081,0.07953691901047558
53082,0.11103095717868225
53083,0.05001442967307602
53084,0.02097076578795659
53085,0.025981511655024526
53086,0.014405799415789323
53087,0.09043811323861138
53088,0.0880522160989278
53089,0.023134987485102145
53090,0.6699406922413013
53091,0.02091325419617333
53092,0.027342901310119225
53093,0.008078907420186675
53094,0.051691877765906336
53095,0.07750969783966134
53096,0.02561709125362609
53097,0.05086568126083828
53098,0.08049214053360407
53099,0.05497411222364268
53100,0.01848139025002056
53101,0.0494123005594885
53102,0.009978069820341443
53103,0.04547651150936642
53104,0.012538856552734528
53105,0.036202699529240566
53106,0.01858750296362163
53107,0.012725110228455426
53108,0.6388782014540932
53109,0.01873931916779279
53110,0.10908783955546232
53111,0.025617320914963465
53112,0.02151719031578799
53113,0.05170072917405069
53114,0.02720443390617859
53115,0.3942901769247284
53116,0.021740953900000366
53117,0.2583983909473573
53118,0.0280854006235365
53119,0.012040578914562406
53120,0.061945421268629536
53121,0.039511378739179925
53122,0.09131077163288696
53123,0.06441454964003247
53124,0.018972340659734993
53125,0.06112556746701639
53126,0.1331908728480944
53127,0.05298066366307938
53128,0.21822204217996594
53129,0.029107177747301836
53130,0.0431581674514967
53131,0.021342661134062538
53132,0.02896789353151736
53133,0.0189687773033293
53134,0.05513337633986406
53135,0.22854438017644846
53136,0.07100247301268145
53137,0.1208581279816395
53138,0.01924803881901654
53139,0.025486623295585528
53140,0.20502810008082414
53141,0.037921054361984334
53142,0.05978884344460522
53143,0.024390082258484328
53144,0.02968263807552586
53145,0.047312541355941234
53146,0.30066911375856287
53147,0.08162194581130364
53148,0.14659102068257907
53149,0.047384213829721515
53150,0.030526854858352725
53151,0.03663287367191422
53152,0.02320573897883609
53153,0.19537684769804856
53154,0.11465859673963578
53155,0.06153508770032488
53156,0.07893453674610472
53157,0.012381465346968037
53158,0.02665732205522237
53159,0.18208973360439618
53160,0.0438005124391158
53161,0.0243093101570379
53162,0.04249863233279092
53163,0.039220453981998464
53164,0.03949269057645615
53165,0.08576178942806068
53166,0.007319874306567925
53167,0.030646117308932016
53168,0.033625167989414846
53169,0.015525969967836091
53170,0.021206351134341266
53171,0.1336189467264195
53172,0.05006920111911849
53173,0.013017840453666166
53174,0.009454398359558597
53175,0.07704789945285459
53176,0.019509293865571774
53177,0.08866428636354445
53178,0.01665974746421401
53179,0.06993494778414294
53180,0.015757278507082886
53181,0.1658419706392721
53182,0.06093395394484433
53183,0.031181734909310883
53184,0.03093208079826706
53185,0.040195711555758074
53186,0.020522574917932725
53187,0.06204334827905773
53188,0.038035526823216134
53189,0.01633219118084561
53190,0.012624661102326747
53191,0.026436903955170614
53192,0.04541349739857066
53193,0.04968870881119427
53194,0.07035619945675609
53195,0.02290606629826438
53196,0.04729941201238429
53197,0.03465590400031754
53198,0.008187791208674028
53199,0.009071032816108276
53200,0.03087229645243384
53201,0.038115082748722204
53202,0.10273191588075582
53203,0.012353336321364402
53204,0.06573472344797003
53205,0.04457523571829399
53206,0.04099453334874869
53207,0.06761635502176552
53208,0.056363768493811424
53209,0.025848092856292276
53210,0.06561991489871877
53211,0.035097599308062666
53212,0.012428492029334368
53213,0.015036468323026077
53214,0.020613741881045027
53215,0.015071527839078502
53216,0.0371516898014559
53217,0.046837571196563
53218,0.024690797750202022
53219,0.28370229977084693
53220,0.030332861005794867
53221,0.19547720198296498
53222,0.0276348140219606
53223,0.027373705265822043
53224,0.17589942297107442
53225,0.0507403254062406
53226,0.10915040300831844
53227,0.01705724122104399
53228,0.07659157962758122
53229,0.1473447425019294
53230,0.01568236977656095
53231,0.027348257657148652
53232,0.06438747441445081
53233,0.11908245246810789
53234,0.05429840621705134
53235,0.014184485514202767
53236,0.06473449982357193
53237,0.013332211639515602
53238,0.01828446931464415
53239,0.08342466579286931
53240,0.05638814196521287
53241,0.02103223629305933
53242,0.02536837345792395
53243,0.0462220244035381
53244,0.07456411773052923
53245,0.0338197658629829
53246,0.04367443835984525
53247,0.03999296460237543
53248,0.01744366631514232
53249,0.04803001570726542
53250,0.03613231350138618
53251,0.01818280684963862
53252,0.03837771175915711
53253,0.06777090697162941
53254,0.030660588649011618
53255,0.058523290124995284
53256,0.15667376387561197
53257,0.06469571863058982
53258,0.09049759589938558
53259,0.054997785082576696
53260,0.11881986890390489
53261,0.11042693269454064
53262,0.07956898519515099
53263,0.06921209297449699
53264,0.013655456484987873
53265,0.02784222607067166
53266,0.010217865437495378
53267,0.04759597885476488
53268,0.01874883788235357
53269,0.01963865867493871
53270,0.02156107419039227
53271,0.09026893734663197
53272,0.21183143567049045
53273,0.07449446460327748
53274,0.01672447225733608
53275,0.02024055140519393
53276,0.13050836584805692
53277,0.05304817908570079
53278,0.18968049035579543
53279,0.0750428920514249
53280,0.14564394245813067
53281,0.13175730395769747
53282,0.11864651780332476
53283,0.02185501540958623
53284,0.016502820659925192
53285,0.022985200946957572
53286,0.05490721030443302
53287,0.07397420032654156
53288,0.07345804223023936
53289,0.6853424580078501
53290,0.07217136985982647
53291,0.03456119094381539
53292,0.26296821870130177
53293,0.14510832561776899
53294,0.039012197158842465
53295,0.030510119581542226
53296,0.10261115473609492
53297,0.012404289059351212
53298,0.039410597667437874
53299,0.1167779576397349
53300,0.03289448175788862
53301,0.03536927401297457
53302,0.12386194357528313
53303,0.09449832800137548
53304,0.049932262759022045
53305,0.1998262344072793
53306,0.017130993357818296
53307,0.1305156947217631
53308,0.04781556973240775
53309,0.01794172322192969
53310,0.060517764818114904
53311,0.02381458843196551
53312,0.06898438397207404
53313,0.01655589429526666
53314,0.04993578260511816
53315,0.04314362631150344
53316,0.08764056469796783
53317,0.13231820372404696
53318,0.08751640170589811
53319,0.10112013156862482
53320,0.02446402781273236
53321,0.05970691849979342
53322,0.015870170663588395
53323,0.03292832434503989
53324,0.03345755931096736
53325,0.08725256028627448
53326,0.08428432226925259
53327,0.25791585842212694
53328,0.010885829522584498
53329,0.021092209871139703
53330,0.043286972684198524
53331,0.0503350505711512
53332,0.04629383001772972
53333,0.048145624142525364
53334,0.042406546376829606
53335,0.17987159693687108
53336,0.024639146929386187
53337,0.06503195284581859
53338,0.09225038284612166
53339,0.03424800606360434
53340,0.029086368545133905
53341,0.08234891601940009
53342,0.014012551216084999
53343,0.045536401871676194
53344,0.016970163400910357
53345,0.04588653379101309
53346,0.0380562492753246
53347,0.01388010456909077
53348,0.02820239435329791
53349,0.07300515950724847
53350,0.07745596804686161
53351,0.016219890971982863
53352,0.013904860567648914
53353,0.020449475560390378
53354,0.034224861615833754
53355,0.018608995922426465
53356,0.01822093077521608
53357,0.0481971718031233
53358,0.1233136685825863
53359,0.03898587004245872
53360,0.05052731958569865
53361,0.06894432851700563
53362,0.01730539772144475
53363,0.13899435011156303
53364,0.0483982079024958
53365,0.03352623984563907
53366,0.06639235583063337
53367,0.019184343959454776
53368,0.06852541019412797
53369,0.01907092266247637
53370,0.059383401191811465
53371,0.044543777044055405
53372,0.0461946161021844
53373,0.1597186432376565
53374,0.08026937351090047
53375,0.024939774429733698
53376,0.2989331258145299
53377,0.050162928646289406
53378,0.10925264961105825
53379,0.06580801061937758
53380,0.048993524899683866
53381,0.05995420318889023
53382,0.018330472722110407
53383,0.040698256832390485
53384,0.028058262349552908
53385,0.05039689137701074
53386,0.07174484933828607
53387,0.04651705921419978
53388,0.1339178661138636
53389,0.01810118307703188
53390,0.013286474462394943
53391,0.028120336526555725
53392,0.06010059955063657
53393,0.080570883476609
53394,0.051928939768015665
53395,0.11300489066681597
53396,0.016266511115779175
53397,0.25921358882884576
53398,0.01499720497129005
53399,0.04848435039154076
53400,0.10004659809397363
53401,0.12538605429626762
53402,0.03771097889454794
53403,0.04728658603401511
53404,0.4853581427831423
53405,0.01315556059344382
53406,0.21398055849667483
53407,0.06681925043312481
53408,0.050524152442905534
53409,0.09178973687149815
53410,0.02272761200099403
53411,0.020662889832355813
53412,0.030896270797267436
53413,0.02500281194552828
53414,0.22771698313213562
53415,0.039027507049251176
53416,0.019128970793798654
53417,0.02798964976892002
53418,0.030073473834330993
53419,0.023205536636347997
53420,0.1252260463950334
53421,0.055329844998476194
53422,0.027862924521398602
53423,0.013220988120055104
53424,0.019652058152233927
53425,0.06926686666514778
53426,0.0237003789575731
53427,0.14034350516353028
53428,0.09930465936773523
53429,0.12314490524424537
53430,0.03215827561459926
53431,0.0430278714777337
53432,0.19063833155377058
53433,0.10341039122570672
53434,0.09891478057446342
53435,0.04761702555023037
53436,0.04324653654799585
53437,0.0656455579954832
53438,0.04458591167462811
53439,0.07814409316271352
53440,0.03161876775029298
53441,0.15641028439688404
53442,0.0180284929595064
53443,0.10074486600143107
53444,0.1488822441801423
53445,0.09553784199131242
53446,0.045358350517309305
53447,0.02275264801865009
53448,0.01192978206785532
53449,0.026883282968503036
53450,0.0285526817855093
53451,0.05765093771403311
53452,0.031815047078122875
53453,0.08584169857728899
53454,0.06817427915001756
53455,0.1532610438905247
53456,0.13708032524585417
53457,0.021719395510776476
53458,0.03255225695112748
53459,0.07432737069292919
53460,0.12353011340794517
53461,0.012161561374633652
53462,0.13222559306073367
53463,0.12455686840441832
53464,0.39997947188469063
53465,0.039024605222779736
53466,0.08065161334331261
53467,0.02791136618909182
53468,0.018270643913481127
53469,0.115227373406594
53470,0.02829818774916
53471,0.12069479536830224
53472,0.20393645511192282
53473,0.045168428726952994
53474,0.014879041707745037
53475,0.020940281192769195
53476,0.05928020834315244
53477,0.04393780702706957
53478,0.07772580747877045
53479,0.012826842591228977
53480,0.07830206739092146
53481,0.059505739365961915
53482,0.020321600931761368
53483,0.017647678506515406
53484,0.061062598830861486
53485,0.012015819497725105
53486,0.020502053905192913
53487,0.03544188571883672
53488,0.12149577279331529
53489,0.05881963236602459
53490,0.12103503272901635
53491,0.31787501696953985
53492,0.12537531648573433
53493,0.01516700713778245
53494,0.09812135338238595
53495,0.05869447440919553
53496,0.029606514490441486
53497,0.19577240229147386
53498,0.0333498180523592
53499,0.026746352661416124
53500,0.06859580823183485
53501,0.030182003985341967
53502,0.03840082664351735
53503,0.09575437070131461
53504,0.021755029179962183
53505,0.06305653600089328
53506,0.014269897244732302
53507,0.025596856480880087
53508,0.1909338459464549
53509,0.027974785751892654
53510,0.09999755953281955
53511,0.11292091697598966
53512,0.019079358500431107
53513,0.044054364657590814
53514,0.026424402703187945
53515,0.012991004333999877
53516,0.01832548129578315
53517,0.124696706540418
53518,0.2190572094081606
53519,0.0982555327463488
53520,0.4513470942963382
53521,0.1494434591856531
53522,0.02990691952430455
53523,0.2603550977190102
53524,0.02370107334952236
53525,0.01854094852311118
53526,0.020313028317722883
53527,0.05073913506193887
53528,0.03834607064809231
53529,0.11534239174337685
53530,0.046101951771123105
53531,0.09330841573805784
53532,0.47993255046544336
53533,0.051894623761091836
53534,0.02224240355545902
53535,0.15633424114839356
53536,0.014690614686441776
53537,0.0519294702810602
53538,0.1228292239417156
53539,0.0684102689053257
53540,0.2600725645944456
53541,0.021170888406482798
53542,0.015772872863824654
53543,0.009452091932345929
53544,0.08197112453715699
53545,0.012845827836646725
53546,0.1849633804949863
53547,0.03355963057720768
53548,0.04993313967503236
53549,0.044459716459993984
53550,0.09327888212869129
53551,0.03791768153893959
53552,0.026482980126542047
53553,0.09824016204673752
53554,0.28033836130373846
53555,0.022510850762517003
53556,0.06808165085582463
53557,0.03187314669867222
53558,0.22064610091311632
53559,0.03707063034315705
53560,0.023826015764885845
53561,0.09487282616056042
53562,0.13611954993667819
53563,0.30479944550177984
53564,0.04314189211498824
53565,0.11574866776689463
53566,0.020491911559344326
53567,0.01706342439062948
53568,0.020662614289245484
53569,0.030721065487347425
53570,0.01514629756295418
53571,0.11257213401759122
53572,0.011945736377987317
53573,0.10805433187820636
53574,0.9682585884963634
53575,0.23425133023507394
53576,0.04960992065750925
53577,0.02933628987673491
53578,0.09281224790384004
53579,0.0180343881366764
53580,0.03009180187535364
53581,0.03152254974888744
53582,0.16334656212392606
53583,0.023818952412745294
53584,0.02515340916004718
53585,0.08289226121281543
53586,0.029695494032419105
53587,0.017440448832753926
53588,0.040590251950381365
53589,0.11461878354611788
53590,0.04258399759418965
53591,0.17246867267951743
53592,0.09507791207981907
53593,0.05894648222340102
53594,0.2176499857557064
53595,0.11988822294221557
53596,0.07687608877478572
53597,0.053834678942599516
53598,0.06446364895975115
53599,0.14493210661227582
53600,0.015347574784681618
53601,0.013703827973244723
53602,0.03263069894174332
53603,0.03010086096875804
53604,0.08638266543752914
53605,0.019182192045344798
53606,0.10498959178523562
53607,0.09358077930040133
53608,0.0477086685188023
53609,0.05131642371484702
53610,0.028669631273979104
53611,0.07994261256772155
53612,0.32335888168794796
53613,0.02155868599153767
53614,0.1312437034382632
53615,0.04079231677575406
53616,0.11470206461894887
53617,0.032081596934338645
53618,0.10403054535349039
53619,0.06562994212455237
53620,0.01937237822968522
53621,0.026375923595883245
53622,0.06337835981809849
53623,0.02990048364943503
53624,0.02500002809685818
53625,0.04150517665926262
53626,0.03503150318822127
53627,0.059947745558903254
53628,0.062248243504103025
53629,0.11917222177212358
53630,0.0642575941547433
53631,0.06721175804186194
53632,0.014901955349130035
53633,0.025326201723327398
53634,0.17160297769426136
53635,0.2102459393629993
53636,0.09070830732033133
53637,0.04460531359400478
53638,0.0462633890702017
53639,0.04514220897993929
53640,0.1756836530274447
53641,0.05854086450941838
53642,0.03788508103002807
53643,0.034614131264100484
53644,0.1585604354353286
53645,0.08747896455937529
53646,0.11677371882993334
53647,0.03631052721306739
53648,0.12285940412149302
53649,0.019278931395685074
53650,0.05502907424649721
53651,0.046241141357814694
53652,0.014097525901211926
53653,0.11968762789874414
53654,0.15323163609480614
53655,0.021582826551782126
53656,0.03728611259311284
53657,0.07491671898672952
53658,0.011507694349241869
53659,0.06485219881368112
53660,0.025181682052451484
53661,0.04283368818375154
53662,0.03803947402321411
53663,0.022062717772561476
53664,0.02694462832102028
53665,0.3609094812445994
53666,0.010451611462502439
53667,0.020204629239092737
53668,0.04337474236117288
53669,0.03429694453178277
53670,0.0858819924810055
53671,0.18453613824228313
53672,0.019398951438190683
53673,0.04389883489852027
53674,0.03349300482077367
53675,0.3292377036407246
53676,0.14367785468444583
53677,0.10483433413848077
53678,0.022025278895643294
53679,0.0746260700177515
53680,0.02022213606467345
53681,0.03425514693875604
53682,0.0193855206978132
53683,0.05709203429825425
53684,0.03172991678636427
53685,0.09096813746347474
53686,0.09301771947053727
53687,0.021264721309493043
53688,0.008515666251531294
53689,0.023843211482056963
53690,0.06486666690091589
53691,0.03923528436280938
53692,0.03158664889565179
53693,0.04092040286332191
53694,0.05089701298926576
53695,0.05047287202032893
53696,0.30745857841928625
53697,0.01337013137801988
53698,0.044206729681902715
53699,0.01372492517426164
53700,0.12848610386037948
53701,0.022514266429631065
53702,0.03125093662411724
53703,0.14402726070129035
53704,0.04248531178816397
53705,0.15028240355294045
53706,0.01101060578739779
53707,0.09695300984786566
53708,0.026932883784640267
53709,0.046564728209687274
53710,0.1920415566548452
53711,0.01744369687961309
53712,0.02861030240750615
53713,0.042806871957176196
53714,0.13013426170553236
53715,0.06696545182554113
53716,0.01983662658545462
53717,0.07851241388372664
53718,0.022988583130527342
53719,0.05032838678710298
53720,0.19658168647599272
53721,0.05590746550952151
53722,0.09708365374504588
53723,0.016316753737974567
53724,0.2189863294263637
53725,0.014057440905296387
53726,0.21277212900720532
53727,0.01892520254237414
53728,0.05405466460746059
53729,0.062160354713488845
53730,0.012001410196046053
53731,0.09360699113226692
53732,0.09582436759647536
53733,0.06437324848027443
53734,0.012537747740574309
53735,0.02371082558948837
53736,0.04220829430857848
53737,0.012864264879679295
53738,0.044872945696226865
53739,0.03179370128973811
53740,0.09724350901921765
53741,0.17397692645434668
53742,0.5977734427065263
53743,0.0672233288378159
53744,0.03640059033876918
53745,0.03449133515901758
53746,0.008451150732888876
53747,0.22865724516365035
53748,0.043422859577038384
53749,0.0501442811720442
53750,0.025539323074429916
53751,0.21318182829234827
53752,0.058159753049536876
53753,0.12981102800291874
53754,0.022391607628467224
53755,0.017361105229851823
53756,0.02562547151671372
53757,0.07957745807210129
53758,0.06961200213804601
53759,0.019032209174690267
53760,0.041451776667254574
53761,0.03496056844141365
53762,0.016100580027600914
53763,0.22221406406242372
53764,0.03954714251438945
53765,0.030541876250413845
53766,0.03423003046449313
53767,0.04112008020484883
53768,0.038263719467884524
53769,0.07012766682784398
53770,0.04850710027280872
53771,0.032525374883132334
53772,0.02219513070017687
53773,0.18063036010805478
53774,0.2510639018056395
53775,0.03207678093846625
53776,0.03188209275856564
53777,0.019640028227851415
53778,0.07916565877641969
53779,0.05934226501760893
53780,0.043517944757384595
53781,0.049954719488134416
53782,0.024449207983322924
53783,0.17290201459651927
53784,0.23019433252572868
53785,0.2593300174404319
53786,0.18392815296098006
53787,0.09603080556012039
53788,0.03330803590263369
53789,0.020606543362429296
53790,0.015133188898012809
53791,0.02999236914210939
53792,0.074323918274393
53793,0.07314873844842433
53794,0.03923841628591506
53795,0.045267797371255164
53796,0.01770627120943921
53797,0.04561683989346001
53798,0.02404107549160244
53799,0.023189140336334936
53800,0.0219087736876104
53801,0.019235370957356543
53802,0.19803748433900306
53803,0.16176918222924308
53804,0.024440509269508897
53805,0.04697397283051851
53806,0.03501187744039111
53807,0.010808375773488477
53808,0.04592695488538036
53809,0.03354963779018433
53810,0.017108910541469027
53811,0.10535844703475417
53812,0.047630196268068525
53813,0.04277169833560082
53814,0.03102146717632316
53815,0.01538001230638446
53816,0.10166198014349405
53817,0.03457254402492743
53818,0.03739270597996832
53819,0.053328090253671905
53820,0.02791608008685458
53821,0.0867075696305639
53822,0.07555381291663087
53823,0.030403389178666806
53824,0.06485988262966527
53825,0.04560095602132929
53826,0.08280182780785475
53827,0.04580084988357684
53828,0.10768727554273322
53829,0.09150214145706717
53830,0.11077040347028025
53831,0.024126895075692018
53832,0.09468238039520607
53833,0.05953008207306834
53834,0.22758670438502182
53835,0.028155968047836905
53836,0.036878653237577275
53837,0.014649008176906836
53838,0.05746517639660363
53839,0.025660661736957524
53840,0.035626133602945434
53841,0.010987287106628853
53842,0.013016222688508267
53843,0.0074013267427692
53844,0.036968044089555306
53845,0.016706175115387637
53846,0.047427046648000064
53847,0.03631360555107156
53848,0.06302758811117731
53849,0.02509204110574663
53850,0.029030906673794973
53851,0.037554225726003726
53852,0.10243665521203335
53853,0.07008868912404023
53854,0.15584614000623365
53855,0.05444493613530917
53856,0.01971340695978103
53857,0.041782072670964655
53858,0.030993026861604177
53859,0.036644336627288485
53860,0.02106493154557564
53861,0.03529440346439584
53862,0.031430376070686494
53863,0.05315082106522073
53864,0.045418498250452514
53865,0.05012352261975984
53866,0.028792371770826164
53867,0.031579958726531965
53868,0.01269609729800287
53869,0.034291663050032097
53870,0.03246155722770676
53871,0.06143780689605957
53872,0.0463430723535779
53873,0.13281991946285177
53874,0.029991633058298536
53875,0.018037183512201953
53876,0.040996251104879554
53877,0.06018590567292409
53878,0.07169235150322496
53879,0.036127537842530325
53880,0.023311108262621404
53881,0.050490645097651735
53882,0.0376649706459533
53883,0.014947678574876513
53884,0.06828824378552215
53885,0.07826560825156062
53886,0.013488512815484823
53887,0.1487832521283461
53888,0.13166209420553668
53889,0.02785585524976334
53890,0.027070140934548306
53891,0.02300865726785566
53892,0.0164828096865212
53893,0.03371533584168636
53894,0.042723294269280246
53895,0.04250181678088879
53896,0.2696958537721866
53897,0.17051671991996245
53898,0.02330486692901051
53899,0.022993876287392426
53900,0.052427184544413113
53901,0.014035428423704841
53902,0.036072588151741594
53903,0.015419996364379567
53904,0.027808466446963515
53905,0.1447188250536421
53906,0.034054877367674485
53907,0.0532996265583371
53908,0.09729665338242527
53909,0.07603429133914827
53910,0.05587679539642301
53911,0.07520491746049576
53912,0.06645491791923325
53913,0.05807003060678316
53914,0.016160412595997594
53915,0.027863982592904575
53916,0.13602398318830072
53917,0.036106669973783256
53918,0.31782096209604194
53919,0.08011319572443326
53920,0.12798483885623582
53921,0.051374060797821745
53922,0.037094013543660626
53923,0.03285261485149418
53924,0.04318134607710402
53925,0.06569052366362838
53926,0.015930181248573257
53927,0.012542970869633399
53928,0.06423826647988932
53929,0.1561448348132975
53930,0.14327538573022258
53931,0.041344610741763044
53932,0.12083500499390333
53933,0.05912035048322627
53934,0.19530078550804247
53935,0.06550869553598825
53936,0.07049334761217188
53937,0.011020069718467137
53938,0.0462524474561128
53939,0.012671020024024877
53940,0.029193204745794375
53941,0.01885260509803976
53942,0.037341157848496294
53943,0.08619313649539961
53944,0.16384401965269355
53945,0.062355716546291656
53946,0.1269883512294191
53947,0.038465940623515125
53948,0.02962278984328388
53949,0.04343066730580625
53950,0.016201454651951396
53951,0.10355810663474374
53952,0.0862100486345646
53953,0.0649469360513384
53954,0.058852492433775744
53955,0.19547296788224616
53956,0.08452259461804193
53957,0.037771414137723114
53958,0.07444109749581747
53959,0.07771895751296495
53960,0.1956724260147682
53961,0.019274784949234708
53962,0.025258401027395527
53963,0.08061617758091061
53964,0.02393964422269544
53965,0.029558775507505887
53966,0.022024941844341454
53967,0.01744552864885055
53968,0.03637792146232311
53969,0.019813885411113733
53970,0.02182698832082471
53971,0.042297594791451794
53972,0.03266689909654242
53973,0.01532170690820939
53974,0.04161209990702837
53975,0.09301475783739503
53976,0.03400167150722949
53977,0.01558201272631323
53978,0.02536112034952262
53979,0.04462075656144894
53980,0.03958583991184438
53981,0.009129193020093216
53982,0.03849467121419431
53983,0.013649677578681137
53984,0.037603820232152634
53985,0.009846756010813005
53986,0.023075075693318327
53987,0.3135347339624013
53988,0.01118190627209653
53989,0.015171268241680802
53990,0.1552763935696438
53991,0.06340510249721287
53992,0.03691084313885589
53993,0.08408528090563502
53994,0.08169969451612179
53995,0.02171501957793718
53996,0.0449432899380461
53997,0.28346156860726196
53998,0.0988110021142376
53999,0.3613320093626025
54000,0.024371624161871983
54001,0.07522384872548475
54002,0.11422295623803412
54003,0.039510722633219746
54004,0.05043711972073487
54005,0.03650955184293948
54006,0.18544921663070768
54007,0.011604085173301793
54008,0.04289489427436359
54009,0.13010314005987078
54010,0.012719308488478498
54011,0.10284775440009111
54012,0.02562315892887688
54013,0.02836665366826494
54014,0.11883655452351943
54015,0.027077097820689056
54016,0.022041115569139076
54017,0.13874700409597224
54018,0.02447896968947655
54019,0.04564756371674973
54020,0.027803791568529235
54021,0.03571962428001817
54022,0.05320605207298051
54023,0.18169797446127986
54024,0.05951027592724033
54025,0.023146246774365005
54026,0.10772079186587387
54027,0.03994466212791176
54028,0.06993100357994561
54029,0.06200701438750896
54030,0.022666149943771953
54031,0.1234225656096595
54032,0.09075984335269652
54033,0.07413063362833813
54034,0.1289817017274695
54035,0.02124151378266137
54036,0.13632904076121993
54037,0.030479081639929996
54038,0.031511931670230545
54039,0.19866049358574575
54040,0.13123410146158637
54041,0.015665871931028585
54042,0.02246425317178595
54043,0.0385269529379966
54044,0.03522229835199073
54045,0.03465623942800516
54046,0.05970637332271219
54047,0.026366845646910574
54048,0.042669574273643256
54049,0.0576281939325011
54050,0.08412465991437326
54051,0.09458504048312738
54052,0.02088294459201879
54053,0.04666631266743944
54054,0.08458730235314274
54055,0.029330251308979274
54056,0.04223328757880174
54057,0.08830105365851526
54058,0.02132324458246768
54059,0.02367993684018882
54060,0.008507846947623058
54061,0.010089365468978161
54062,0.27864270029476945
54063,0.06019479284194924
54064,0.07101886412002109
54065,0.04116433059015773
54066,0.011089054936072233
54067,0.05845467907323125
54068,0.25839777724516516
54069,0.0975067773986426
54070,0.05753425648687748
54071,0.08226838121241922
54072,0.1311161063766073
54073,0.015405513582024712
54074,0.031209329158389164
54075,0.016761222766168742
54076,0.021857753741944284
54077,0.07918296783591869
54078,0.14215912234435252
54079,0.035250902381170734
54080,0.020651402072090447
54081,0.1198140215359139
54082,0.03888529953492996
54083,0.01742030341997163
54084,0.13972959418005276
54085,0.049801661099077674
54086,0.15018353761350245
54087,0.44259242961025824
54088,0.024920286918123022
54089,0.05453639259626958
54090,0.04752042067659705
54091,0.03146665542780579
54092,0.5447554495736062
54093,0.06810072724335345
54094,0.020716437485907187
54095,0.02343593968829328
54096,0.07962335782366305
54097,0.023474733478936603
54098,0.011726571213988374
54099,0.02913321507891573
54100,0.03867194878293209
54101,0.029839377778319603
54102,0.04484742713596535
54103,0.1137207426121892
54104,0.08263427211708675
54105,0.020412823156983444
54106,0.16137738943232433
54107,0.1316465231124762
54108,0.19964572438154843
54109,0.022784997573004336
54110,0.16783818788487492
54111,0.01741118090090913
54112,0.01296992397152624
54113,0.018903895366353687
54114,0.041494252504267595
54115,0.11113326849147163
54116,0.030476853312046887
54117,0.03343333732641948
54118,0.06509031149614244
54119,0.012811118973799699
54120,0.03214518261712579
54121,0.12688773447879767
54122,0.02620468116202316
54123,0.07207184773971895
54124,0.1686624992495058
54125,0.0327475528902504
54126,0.024174494870347292
54127,0.02160311751048616
54128,0.014909498808134159
54129,0.10507024712366944
54130,0.16275363809689503
54131,0.030755025397669895
54132,0.018971082538217873
54133,0.04697292279547184
54134,0.2757175141088687
54135,0.0584495809575285
54136,0.10482624277261302
54137,0.0411919572919936
54138,0.0428039170493069
54139,0.03418839287891985
54140,0.02864188471580916
54141,0.022381687147865054
54142,0.08517726395132035
54143,0.06255832359029413
54144,0.049229743375173135
54145,0.06552755797729895
54146,0.014570049569276242
54147,0.17696454378214366
54148,0.02183014236451663
54149,0.08107040273936465
54150,0.016951329111162084
54151,0.037155937067116514
54152,0.031249727711492325
54153,0.021165862235060055
54154,0.04227224211383619
54155,0.014582934215954718
54156,0.05976018149910383
54157,0.1921530556072765
54158,0.04111497362375671
54159,0.04850585287839102
54160,0.028893470614294932
54161,0.01787817201416792
54162,0.013625412008294015
54163,0.08628266183044211
54164,0.039636925290473135
54165,0.09152419126281221
54166,0.0850688794045392
54167,0.05095527431031631
54168,0.058362727085890166
54169,0.03138306691678738
54170,0.03501535294467744
54171,0.053712745179597426
54172,0.04712714956978466
54173,0.09765322812839627
54174,0.11802888218346387
54175,0.01539667592015812
54176,0.02538459905500197
54177,0.1509831099719202
54178,0.029066727870502636
54179,0.1723390710155462
54180,0.12437884718778688
54181,0.014403245986978341
54182,0.01911496037063374
54183,0.013209242057181879
54184,0.04777495889594434
54185,0.08181211238411214
54186,0.04882286210747949
54187,0.08080979504470745
54188,0.04180770800504144
54189,0.021547795860754615
54190,0.17748219514299285
54191,0.05887553656377229
54192,0.08269099078902525
54193,0.02925319922653261
54194,0.06395394550037088
54195,0.14998082936599394
54196,0.030187692030663488
54197,0.018986712204999878
54198,0.04611143425562725
54199,0.06004920670815961
54200,0.013719897192497513
54201,0.02472996400741603
54202,0.1356376725353113
54203,0.03385414437074935
54204,0.012035928796053972
54205,0.012980501311344646
54206,0.025678610437934027
54207,0.02602242765544437
54208,0.018737394798698355
54209,0.04343206595529778
54210,0.023108097451386544
54211,0.00942848445081114
54212,0.02886169042778575
54213,0.046548761085819304
54214,0.02014462299470937
54215,0.058529737065157975
54216,0.0493739645372116
54217,0.013201860284861571
54218,0.09749884749213161
54219,0.02787072722612726
54220,0.014108755788652158
54221,0.022002358842245915
54222,0.0910085356073886
54223,0.3502348548187226
54224,0.054447060609158104
54225,0.06656702016352911
54226,0.024409529686715337
54227,0.3477129062019247
54228,0.019109509343567508
54229,0.02233892736442252
54230,0.05647386814425228
54231,0.030462774125338304
54232,0.024752395226677826
54233,0.04004905607985057
54234,0.1810264210493831
54235,0.10888931154993879
54236,0.06313084152169922
54237,0.06392652391372486
54238,0.08720676673799382
54239,0.03190146946218039
54240,0.10434035967284826
54241,0.04530078108309128
54242,0.05739879583692657
54243,0.020372260027819007
54244,0.052722365184297716
54245,0.03148017283421658
54246,0.015501723022362787
54247,0.04511100822324537
54248,0.022623609726194753
54249,0.5975366804316257
54250,0.09805837255306961
54251,0.03364835074647833
54252,0.1465385639085101
54253,0.011413722945058815
54254,0.015142983610853714
54255,0.0298161886402554
54256,0.035835395948408566
54257,0.07272645995115198
54258,0.09698693397298336
54259,0.3155640107699775
54260,0.013086305942260798
54261,0.07237825171244118
54262,0.02519245003112088
54263,0.04747095687747524
54264,0.27743818495267714
54265,0.0371199711549535
54266,0.06787135083852001
54267,0.35045566942888856
54268,0.03795378498678935
54269,0.17532544631805969
54270,0.03742323610592245
54271,0.047913197062747076
54272,0.05904020058047787
54273,0.029932359858984667
54274,0.23825625721090382
54275,0.07674325853521544
54276,0.10291973640266416
54277,0.10113135336704557
54278,0.0444121598126279
54279,0.0870189963914422
54280,0.02700214346044382
54281,0.027715637334300526
54282,0.011954449024263148
54283,0.1840686684424936
54284,0.5173131587652067
54285,0.12304762417420546
54286,0.03669434834905546
54287,0.11920856649055307
54288,0.016047734184791804
54289,0.05303391122520715
54290,0.143751940910893
54291,0.07992983315626755
54292,0.11702285676368025
54293,0.098192939462005
54294,0.11416688574896404
54295,0.05477145404141573
54296,0.08166549187104336
54297,0.041652272513336856
54298,0.02542119356891855
54299,0.0965241640153423
54300,0.024675943435712777
54301,0.18414801102569217
54302,0.032519699109444286
54303,0.028389504108558106
54304,0.03405730339871811
54305,0.04341443859041175
54306,0.4570487554571803
54307,0.05523669755666456
54308,0.03587257500316835
54309,0.03871747339029247
54310,0.08893929439992916
54311,0.019487943945456516
54312,0.013823693377567434
54313,0.07354935359242407
54314,0.027663346169651666
54315,0.17149153205056594
54316,0.0358969547683967
54317,0.06709061194107234
54318,0.05873623928549902
54319,0.026600890162072968
54320,0.08213029101403665
54321,0.033290459465938345
54322,0.028786870443229216
54323,0.01617506309331737
54324,0.047292804181065747
54325,0.011041012229299702
54326,0.03071397008905509
54327,0.15238752028267105
54328,0.07304031068441741
54329,0.1486410000017836
54330,0.08237980246572667
54331,0.01315434087129018
54332,0.034507343395301496
54333,0.07943010693977388
54334,0.01277403899667733
54335,0.03921249654286191
54336,0.06377481174782762
54337,0.025257429984778
54338,0.059746709109117724
54339,0.0999174799834503
54340,0.1155815354149665
54341,0.09106579370319945
54342,0.02920635484074571
54343,0.17208887251218052
54344,0.09575733316514494
54345,0.17831961050639006
54346,0.12155386136514768
54347,0.028705125758135577
54348,0.050026091725795085
54349,0.0766618211583364
54350,0.020268960199153165
54351,0.030268815747314572
54352,0.04038333830534734
54353,0.016447697419188598
54354,0.4498276307119316
54355,0.03589270512439845
54356,0.0658989911094552
54357,0.015744521561999868
54358,0.14231730834107642
54359,0.12487428631230403
54360,0.07381021433977791
54361,0.03927183490675691
54362,0.04362633533141749
54363,0.17436524452069108
54364,0.13603906806154012
54365,0.0558915910103216
54366,0.3133449905505721
54367,0.02773718140992008
54368,0.04386381827657829
54369,0.017981359674302942
54370,0.04738520663384119
54371,0.0837204882337075
54372,0.012782952410290987
54373,0.10830656592937335
54374,0.033572390205416525
54375,0.07916332914529892
54376,0.1258852273944804
54377,0.09914096522009587
54378,0.02456763996264459
54379,0.036075219794338025
54380,0.20787628537295094
54381,0.016567955113256188
54382,0.04554564315152378
54383,0.07062466852736397
54384,0.1390311781496786
54385,0.5619863006637165
54386,0.042333974036821875
54387,0.20094078463876372
54388,0.027595555228930056
54389,0.04664941496574007
54390,0.048621281770213035
54391,0.036233611958873715
54392,0.02381331845928568
54393,0.043502486902550645
54394,0.07321597540101539
54395,0.01639679389046452
54396,0.014752998756767433
54397,0.03950268327096115
54398,0.016444376616726732
54399,0.056821714931888256
54400,0.0780933606741836
54401,0.04294484364312275
54402,0.012261769676153047
54403,0.012195088532676902
54404,0.020336222371344186
54405,0.02938741849605966
54406,0.13798335487762053
54407,0.0804337806866514
54408,0.13675774609099114
54409,0.058541378277175024
54410,0.12930999456619696
54411,0.5077318913674921
54412,0.13059212607158674
54413,0.02185143751156392
54414,0.048939506357344204
54415,0.02695525355658676
54416,0.043214449091302246
54417,0.03104277576017889
54418,0.04020972356508235
54419,0.06119371946008957
54420,0.0344429301786225
54421,0.09680171699777415
54422,0.13078988083848028
54423,0.019743476599334796
54424,0.2675245021955215
54425,0.03640076259788928
54426,0.03916911630908004
54427,0.04606663580331386
54428,0.046394504065952025
54429,0.07064519269508737
54430,0.033126265007599215
54431,0.6104133690234566
54432,0.05647394657355437
54433,0.017501247791496033
54434,0.023075943730987994
54435,0.13649649776059916
54436,0.01489922971746033
54437,0.03140898776050173
54438,0.07934298256845493
54439,0.0656934817673969
54440,0.04105153767918241
54441,0.016666344343019897
54442,0.16265713434388315
54443,0.023230793849505157
54444,0.10659219421017854
54445,0.022196735299946542
54446,0.03707385694381953
54447,0.06757140396228445
54448,0.04492649150606502
54449,0.0971065972511001
54450,0.018032190205558178
54451,0.025698592024476843
54452,0.025261996248154027
54453,0.15782137160798398
54454,0.0236612451515576
54455,0.06652286699198895
54456,0.23995034381693256
54457,0.030238959765206776
54458,0.048120175659064394
54459,0.14768658621198175
54460,0.010938916207490988
54461,0.013551188177834295
54462,0.03284018123864365
54463,0.0682990898915074
54464,0.05606502474029641
54465,0.030871749583755985
54466,0.02712641452140361
54467,0.12890253694642922
54468,0.17267278072749365
54469,0.02928345659448313
54470,0.1484944324006454
54471,0.05922214937020906
54472,0.169247411943736
54473,0.015859970367295355
54474,0.026273542007837235
54475,0.054007121981625085
54476,0.030719197642076285
54477,0.030491885483502505
54478,0.23148845586533867
54479,0.017216180794705396
54480,0.010544746793009083
54481,0.05951374525165401
54482,0.018168888175476718
54483,0.05149585080398314
54484,0.06932810171555889
54485,0.013032992807580603
54486,0.021911171904585604
54487,0.02233767769398729
54488,0.06825517688022412
54489,0.08648245895506651
54490,0.171398783379378
54491,0.01501867679918227
54492,0.12930925279853916
54493,0.010353508050102114
54494,0.1571175935430596
54495,0.16481644936488976
54496,0.0389217312491967
54497,0.026922509353402544
54498,0.07092102805552283
54499,0.01602426158452022
54500,0.06636500947994398
54501,0.025865543007732507
54502,0.014813496897573013
54503,0.150513258467976
54504,0.2549425976399317
54505,0.03239864350796935
54506,0.048817863407715587
54507,0.01477577502269391
54508,0.028666040358237135
54509,0.04046093940779385
54510,0.038865506584491935
54511,0.04275930984038141
54512,0.1661591661456823
54513,0.179271387221249
54514,0.07477973144403288
54515,0.025573402043441565
54516,0.018714791808826008
54517,0.12854862039500142
54518,0.027216668011951124
54519,0.031179874219397705
54520,0.030081113178400145
54521,0.18407867268415293
54522,0.03034364483448272
54523,0.02222209247408339
54524,0.026090216649613418
54525,0.012586883443000688
54526,0.06380411448941548
54527,0.11355905621391392
54528,0.09096071655262292
54529,0.044017825368017294
54530,0.025979983594632567
54531,0.08877983035733988
54532,0.02426730235521498
54533,0.05402540769150425
54534,0.04099019195122086
54535,0.025405020887225595
54536,0.0795747155735087
54537,0.015370349272534728
54538,0.07427760930185787
54539,0.04837558049463379
54540,0.3834221086678587
54541,0.07809623292390701
54542,0.02992901875470845
54543,0.02679574790474938
54544,0.023974276285959672
54545,0.019765022762298606
54546,0.024075354805533095
54547,0.10948911407126664
54548,0.032966557250052965
54549,0.023315368501953725
54550,0.04051693545588802
54551,0.012741834275339495
54552,0.028058891118535698
54553,0.031883960791981046
54554,0.019401467063713655
54555,0.0826618876020801
54556,0.15678894084388686
54557,0.09861727229812858
54558,0.04534556634108358
54559,0.0462943788931999
54560,0.15559982855344479
54561,0.14159102384393896
54562,0.39648433645550935
54563,0.1793530540523273
54564,0.06398449121937821
54565,0.016357192955571764
54566,0.026498555002441356
54567,0.04144133149281747
54568,0.3017607744129463
54569,0.14338735360537333
54570,0.02318759212401547
54571,0.20242272995269708
54572,0.1027550387465692
54573,0.04702199342346803
54574,0.14773757904568025
54575,0.16809472287020488
54576,0.016796367471339422
54577,0.030844022716006336
54578,0.027001414601667245
54579,0.02551367862995452
54580,0.04152229494924784
54581,0.013926344703269996
54582,0.04984828648927993
54583,0.04298476716009104
54584,0.025758371225370717
54585,0.01532732029776578
54586,0.055103223642294405
54587,0.07090230653791887
54588,0.021887613496759092
54589,0.011229225004115802
54590,0.15472216675052364
54591,0.07451432559010324
54592,0.03998608153013219
54593,0.03496492470053577
54594,0.04360198514066933
54595,0.031223879679307676
54596,0.033988594654364684
54597,0.03856636769899296
54598,0.020540418919066928
54599,0.01680518292192144
54600,0.10144732135359782
54601,0.020137371165848926
54602,0.05223263307716673
54603,0.08344571490530543
54604,0.018422747977245003
54605,0.04433522510839821
54606,0.07622862461576024
54607,0.0787374244868109
54608,0.04459795291547976
54609,0.04646573735739783
54610,0.07893580005347095
54611,0.029895745965048202
54612,0.024077427460336667
54613,0.24157366704119554
54614,0.04954699499176996
54615,0.02101096435854203
54616,0.02792430508710475
54617,0.020576714500264076
54618,0.06698660227842435
54619,0.1275060903370676
54620,0.03841315970689946
54621,0.028331381757224577
54622,0.027301831067041406
54623,0.20688906330496518
54624,0.019767583472896935
54625,0.07865976795400273
54626,0.2770644472976718
54627,0.03985121651124135
54628,0.22643307295249085
54629,0.02928078776874604
54630,0.0848930521151964
54631,0.03528204491700716
54632,0.0315444764670282
54633,0.08042884538694997
54634,0.029527281477586154
54635,0.019207944101709194
54636,0.07886505678985822
54637,0.05726443511151948
54638,0.08984801179658597
54639,0.019724860408759787
54640,0.19985201088650206
54641,0.18683090268129554
54642,0.030138345964895098
54643,0.020151119666976067
54644,0.05850350842599669
54645,0.05641205474846333
54646,0.2882215175373932
54647,0.049883508803118176
54648,0.0427305767687566
54649,0.019296585216131798
54650,0.015269273704285737
54651,0.046453098636268474
54652,0.014992946823451538
54653,0.017780260743091508
54654,0.26165953232202016
54655,0.12659472974078512
54656,0.058242602892435
54657,0.027707434970565572
54658,0.008431325452157518
54659,0.1609452069098532
54660,0.10748374337565283
54661,0.09449110117300062
54662,0.058578651395298074
54663,0.029190335517106047
54664,0.015557613395258693
54665,0.04764480391482711
54666,0.04549725388425381
54667,0.016049118050183466
54668,0.10658924045912554
54669,0.05074753172214353
54670,0.015828506349801222
54671,0.019792648295302508
54672,0.0913551140298379
54673,0.024003407593851812
54674,0.043419619940361406
54675,0.04586716739232896
54676,0.017259102615870776
54677,0.02948249640980949
54678,0.00992374868638564
54679,0.09060781504556963
54680,0.03163292748825866
54681,0.025534591554682906
54682,0.04604734258671026
54683,0.012642238603150984
54684,0.2631240699027834
54685,0.044087885636167154
54686,0.22725820157463944
54687,0.0882822259930609
54688,0.11355385777467905
54689,0.020617610508778077
54690,0.08263083574061
54691,0.01917663555998733
54692,0.06693346998244994
54693,0.09235745997930937
54694,0.026651572992303894
54695,0.04790962400321963
54696,0.021095518284180208
54697,0.035638939061544535
54698,0.06304908062868624
54699,0.03717851541033961
54700,0.04466064334023541
54701,0.013908691131178517
54702,0.01766229812373337
54703,0.02214395299579118
54704,0.02540302705105229
54705,0.051923626597403405
54706,0.08331994277348406
54707,0.020876515637843887
54708,0.05737361861270383
54709,0.24290625592601736
54710,0.23860360503427902
54711,0.03205479137132662
54712,0.11013483433372104
54713,0.0346534765374714
54714,0.01359783946263737
54715,0.11946183479389366
54716,0.07253590458104128
54717,0.01317677444927965
54718,0.09197806891297296
54719,0.023857070728682553
54720,0.05999181696075911
54721,0.039883932082097846
54722,0.032473408746335926
54723,0.017750933215145915
54724,0.009769289483126409
54725,0.06558475775289196
54726,0.02594367487421507
54727,0.11905546279321831
54728,0.18903023055846652
54729,0.02076236809805552
54730,0.09204242459934264
54731,0.03554374370581785
54732,0.028023325704912335
54733,0.02598089951174784
54734,0.045046355916490956
54735,0.04943200453349959
54736,0.030362658737739863
54737,0.08501105569125707
54738,0.32111098570435526
54739,0.12784084656697123
54740,0.20078166488586416
54741,0.06576352999852508
54742,0.09861665296674349
54743,0.17312722763223054
54744,0.07263345604292268
54745,0.01937316879729433
54746,0.015073971387634994
54747,0.02144869506657237
54748,0.08845580013728625
54749,0.009803071497665404
54750,0.04879773156927176
54751,0.17747936802658837
54752,0.027329909627669256
54753,0.054590675472808006
54754,0.09294088837629978
54755,0.036369731838717965
54756,0.29870487430330867
54757,0.051873673451958806
54758,0.05819267340400962
54759,0.020288278357244605
54760,0.01598516426876992
54761,0.022728935450816154
54762,0.16359441756756918
54763,0.11236414047859118
54764,0.06435706660596145
54765,0.026353636606778107
54766,0.059460885560188914
54767,0.03229435374432466
54768,0.028068753672719653
54769,0.11315115427200723
54770,0.2571880214974026
54771,0.03277980065781748
54772,0.053135799033046646
54773,0.020454091251015792
54774,0.1491691006350397
54775,0.01462755064332703
54776,0.032720142611322126
54777,0.04334342834878111
54778,0.05795479990064961
54779,0.035585936120016703
54780,0.02833863755257835
54781,0.04154310480271255
54782,0.10619859413949288
54783,0.025034830434870592
54784,0.0468832826961951
54785,0.3796533913496272
54786,0.1375509765782606
54787,0.22994624232945599
54788,0.016535900651604797
54789,0.03686828358554994
54790,0.047717161558497964
54791,0.06963912036714669
54792,0.08733700117118126
54793,0.023449830670493464
54794,0.11674173455137084
54795,0.026033168255091034
54796,0.05017239578210278
54797,0.01350895461807794
54798,0.15152745129979317
54799,0.18286434913757282
54800,0.06691818897036961
54801,0.5141981117304038
54802,0.01864965499539986
54803,0.028209418231447306
54804,0.018529199252647958
54805,0.052923347819909344
54806,0.014958251103756367
54807,0.0900456105676468
54808,0.009853235813701726
54809,0.09819936913430277
54810,0.0482326186642973
54811,0.021581055795477005
54812,0.025073455755213206
54813,0.07892879532983706
54814,0.021472532892014087
54815,0.025977036581582888
54816,0.035783537693947445
54817,0.044853735184990466
54818,0.031448018513884915
54819,0.11356123520291012
54820,0.029899347658581665
54821,0.011250470098863097
54822,0.031981980887042995
54823,0.019769562403630585
54824,0.11006874472646849
54825,0.03040708842306191
54826,0.04403584882230077
54827,0.02092440502275046
54828,0.12208113743066776
54829,0.025831571862928605
54830,0.01863681961141074
54831,0.05826067628483943
54832,0.0625119024259421
54833,0.03010066015487719
54834,0.11635352391938339
54835,0.07052182536953297
54836,0.20224269817914933
54837,0.052607406545526966
54838,0.09190521152609436
54839,0.11916285806973054
54840,0.070498406084495
54841,0.10695317891699062
54842,0.10660504026340559
54843,0.7515164594042589
54844,0.02473128527434374
54845,0.02031893793769667
54846,0.061115252221209934
54847,0.027620362606769703
54848,0.06946307405040611
54849,0.1631141634626032
54850,0.04260990937532653
54851,0.0848654400197866
54852,0.057263299577114776
54853,0.020737880185027084
54854,0.07271163797606273
54855,0.035015111754292574
54856,0.03859348700355883
54857,0.011565080017358825
54858,0.025939238234264108
54859,0.01959045597968582
54860,0.2762204777313052
54861,0.04645685850316611
54862,0.24359218393294602
54863,0.014306407617714519
54864,0.046600634176865385
54865,0.046070130972724124
54866,0.09137361543891376
54867,0.02623324662250686
54868,0.03852581601827323
54869,0.026948895779601106
54870,0.018734135121239302
54871,0.02031325632617363
54872,0.09672255628341016
54873,0.0834203148049863
54874,0.026599835039660426
54875,0.09325313390382577
54876,0.04018165873778496
54877,0.0396821073768104
54878,0.019170403447395422
54879,0.04015540086147257
54880,0.09666692230540946
54881,0.08613343631351725
54882,0.04134616874368029
54883,0.07600034246752178
54884,0.051689513203213217
54885,0.05444540820810802
54886,0.028367084057567278
54887,0.24961761615043804
54888,0.19528886392715647
54889,0.030208231288262256
54890,0.22275758437294568
54891,0.13646735235790128
54892,0.052258219554870866
54893,0.01118457200489757
54894,0.04195133103183156
54895,0.10481938940112455
54896,0.013626191869840503
54897,0.022107145388635403
54898,0.03137434380598619
54899,0.06104571761705496
54900,0.03752340211267652
54901,0.011468836735624686
54902,0.020648716653336376
54903,0.01667683337451268
54904,0.02629596662114592
54905,0.06265585129314256
54906,0.050035169073606785
54907,0.052342105187191526
54908,0.03270915643727942
54909,0.03429033490635283
54910,0.03971976214181085
54911,0.1601213718455016
54912,0.0429609142855892
54913,0.4102687633992374
54914,0.12521289199167665
54915,0.044325385821443616
54916,0.027209145562782755
54917,0.009891217035984147
54918,0.01421498683818041
54919,0.029589461124151638
54920,0.25931992575125157
54921,0.020350797659817517
54922,0.027395402481271515
54923,0.03489056855554524
54924,0.02450614889943031
54925,0.021362898858684764
54926,0.03403109280277941
54927,0.03734393322983306
54928,0.013234548021197145
54929,0.05040457007739763
54930,0.018213212244212202
54931,0.03511465411224349
54932,0.0725189239484693
54933,0.08055510890744821
54934,0.21723014844682131
54935,0.019700506293641385
54936,0.12287387173489919
54937,0.06507231535059747
54938,0.016755470481472103
54939,0.016409130342494853
54940,0.014076988471773567
54941,0.06408936649695737
54942,0.09205548196033736
54943,0.11208715892416378
54944,0.15007878500058147
54945,0.018027223345093303
54946,0.14448269223818153
54947,0.08417649462537777
54948,0.061495744952362374
54949,0.03034501968821265
54950,0.016562689531439016
54951,0.026499801463756467
54952,0.023227580263694255
54953,0.07919473467258661
54954,0.02596883155454851
54955,0.04700595235306324
54956,0.18432079314818306
54957,0.0457513788357555
54958,0.015518698042719204
54959,0.02257855270091525
54960,0.04529553861372291
54961,0.028966992325994853
54962,0.05397031168339505
54963,0.04836831888187803
54964,0.22032990656149243
54965,0.0271139093341539
54966,0.04032282137404276
54967,0.1586082424263682
54968,0.0635548602557818
54969,0.0334529263282955
54970,0.05237278636069781
54971,0.07553066433667154
54972,0.09653925242022068
54973,0.017262108243990187
54974,0.009782584838404414
54975,0.15210231637017874
54976,0.06392183083223586
54977,0.014957905469181805
54978,0.07042297492033192
54979,0.07006877925699855
54980,0.13465047017636209
54981,0.02726879200264567
54982,0.030851566915105856
54983,0.028741602601074362
54984,0.06252306062514633
54985,0.0695066890968636
54986,0.14005423363897615
54987,0.06643703160501051
54988,0.933877840841688
54989,0.03081699325958697
54990,0.047618760273619554
54991,0.013078238273776
54992,0.041310180744120115
54993,0.06846857940878644
54994,0.09889586808166642
54995,0.05887854022883676
54996,0.033185472698075064
54997,0.020255029734141665
54998,0.03346676009536461
54999,0.016171766810518913
55000,0.11263373175660775
55001,0.058842962613449776
55002,0.15628059386173337
55003,0.021695829741463567
55004,0.03691864235413377
55005,0.02005028433386411
55006,0.01755574236195059
55007,0.13271964369235234
55008,0.035225394057282935
55009,0.03878466761081274
55010,0.013811803163170922
55011,0.08870769044397953
55012,0.0544222831152224
55013,0.08391761318185374
55014,0.02012677200884537
55015,0.03547766830066262
55016,0.053883021413309196
55017,0.035737374821350976
55018,0.037208921009262715
55019,0.026080118590672188
55020,0.031634095848490834
55021,0.10692367564251237
55022,0.15824002774366439
55023,0.027385159549519526
55024,0.02427837376564003
55025,0.03279925854970348
55026,0.16503364437027643
55027,0.2464899643289267
55028,0.11198866865673732
55029,0.0743787419101281
55030,0.019176864755361952
55031,0.07483294828780188
55032,0.13667609484145904
55033,0.14600385818147762
55034,0.03661816772951982
55035,0.09161134328026158
55036,0.06719719493809621
55037,0.02760678569150106
55038,0.015037806213033876
55039,0.0382034287591278
55040,0.05247085955097298
55041,0.07718828675534088
55042,0.10786756479501122
55043,0.04558099485048629
55044,0.048199974395626025
55045,0.031058281044501174
55046,0.05156910506701564
55047,0.05164119848110871
55048,0.02486144577932973
55049,0.24446210546057076
55050,0.009311014610500094
55051,0.04841435967554803
55052,0.19049263127733795
55053,0.05606813717250806
55054,0.012249337685480872
55055,0.029719493682261407
55056,0.030765015200547717
55057,0.03860683339283194
55058,0.018196206848463625
55059,0.06664846718687795
55060,0.03128991494971285
55061,0.020197954957631832
55062,0.04266710072258445
55063,0.08705234363474729
55064,0.04770392452043341
55065,0.04109013252816674
55066,0.023215432434877514
55067,0.022190060894737185
55068,0.11650601432630271
55069,0.04854141854871001
55070,0.2660187971093545
55071,0.19466599865191223
55072,0.08363367631923854
55073,0.07009291126899493
55074,0.14833770852186462
55075,0.02162034880848212
55076,0.1324530041540425
55077,0.024563391257326827
55078,0.038281340921270376
55079,0.25199683609739226
55080,0.01521460053890914
55081,0.012248926557131161
55082,0.06837870074109727
55083,0.027359408959441757
55084,0.07698668765111441
55085,0.027484243633277224
55086,0.1372248112745278
55087,0.01563596056741593
55088,0.03449531942941511
55089,0.07250780941446394
55090,0.011829545606129102
55091,0.05361239657374572
55092,0.008596291151585023
55093,0.04516558796423371
55094,0.03862870833125015
55095,0.04205470711096172
55096,0.11983944161322772
55097,0.0918759551995633
55098,0.021452305260740878
55099,0.027970693598133325
55100,0.036369120754088054
55101,0.12135699883502946
55102,0.0059992082876356
55103,0.04072268673712318
55104,0.07683287879533018
55105,0.04002187750645811
55106,0.017714270750983318
55107,0.01319723770198215
55108,0.0545132282764397
55109,0.067984173406093
55110,0.19135550241247418
55111,0.032014686971536796
55112,0.06664763325849962
55113,0.06346999718154013
55114,0.03821057662397563
55115,0.12073100865743616
55116,0.24010131281143363
55117,0.06288699361513271
55118,0.06288315505829795
55119,0.0587348973936911
55120,0.04253813986520295
55121,0.028209712381332457
55122,0.11927166625751184
55123,0.04373099780830875
55124,0.0471212977422896
55125,0.019750691570933027
55126,0.07205547418976932
55127,0.09266835646081932
55128,0.09085523754565744
55129,0.02581835182310375
55130,0.053448582718431885
55131,0.07902755447905427
55132,0.19787234006111362
55133,0.2410764842463132
55134,0.058870690225094655
55135,0.10511905977613076
55136,0.04025628875823694
55137,0.05813165386056334
55138,0.18883584203162757
55139,0.03197841720186897
55140,0.018509990969509168
55141,0.09944873793743042
55142,0.0543806287974111
55143,0.09951062812830942
55144,0.10048566287607047
55145,0.04596799287574689
55146,0.017136102401918842
55147,0.07866426324251007
55148,0.024183760427126468
55149,0.014179913138308055
55150,0.020077075468468247
55151,0.03380893961034409
55152,0.1293211771194765
55153,0.31940146609376785
55154,0.043492981867761175
55155,0.06953448688220787
55156,0.01477554480613503
55157,0.1509210661349863
55158,0.02139797117650253
55159,0.03629971929434005
55160,0.02715398023952004
55161,0.069027902359761
55162,0.5958637753349937
55163,0.13247285133196496
55164,0.087477813674494
55165,0.2657605488172027
55166,0.046547625573504295
55167,0.04971373537489189
55168,0.014677640036830383
55169,0.02799798486964595
55170,0.05698057502961305
55171,0.10011453012102198
55172,0.06499104876702586
55173,0.029636754797819326
55174,0.023335699576959797
55175,0.0673153056936319
55176,0.05349499178331267
55177,0.04371572904682635
55178,0.091629545873746
55179,0.12097122605812752
55180,0.026011129518363593
55181,0.06752827593292876
55182,0.01792627175211626
55183,0.048594356070053316
55184,0.051804510761435184
55185,0.05510795974131866
55186,0.03333716512617549
55187,0.021606243110788362
55188,0.03485747534736666
55189,0.1611368418412069
55190,0.02536887254974754
55191,0.07420093776269064
55192,0.016741191826513895
55193,0.054309069963786795
55194,0.04455346230361169
55195,0.049559250317797086
55196,0.028782400660343183
55197,0.0545781966299991
55198,0.06058395506859249
55199,0.22278689244254546
55200,0.039889775559748264
55201,0.12595813842762799
55202,0.21938407346203498
55203,0.014433129886469097
55204,0.03847589516377024
55205,0.018949788350107882
55206,0.06629186682768601
55207,0.0693859832705972
55208,0.01574950030293535
55209,0.015112438839281326
55210,0.23460980766156986
55211,0.1591674197005943
55212,0.042080204900803456
55213,0.25178040592094714
55214,0.018924730151848645
55215,0.05210885421825909
55216,0.031079859492628897
55217,0.04526836746117367
55218,0.015474368895456007
55219,0.11509311546515265
55220,0.031985449471767353
55221,0.03191841234811823
55222,0.0452178921880798
55223,0.03448873039779866
55224,0.017750224261594776
55225,0.01831779662757379
55226,0.03762564368140899
55227,0.0445801670302259
55228,0.03271706814197134
55229,0.05188703197701497
55230,0.03592106243657787
55231,0.02455235324985117
55232,0.0253096459394219
55233,0.0601563957621444
55234,0.08459485189846706
55235,0.04492759897894708
55236,0.02835473517018989
55237,0.04734196655225537
55238,0.06399317353755073
55239,0.050654603013604
55240,0.03673128535326594
55241,0.009096632129051332
55242,0.06253154953002209
55243,0.18853251854976544
55244,0.06350162748984751
55245,0.05444078113709823
55246,0.06290400714309126
55247,0.01701950918801603
55248,0.022669086967481322
55249,0.07972406939951251
55250,0.027294183555882933
55251,0.04991555682203162
55252,0.05639001425029404
55253,0.04490648939534274
55254,0.05688827109849788
55255,0.008669282167334988
55256,0.03985841133442035
55257,0.03819701175373695
55258,0.06170737231544063
55259,0.05032586295039446
55260,0.013914960182078578
55261,0.04193864818520747
55262,0.023452481069396763
55263,0.09961097558693546
55264,0.026651440184606405
55265,0.16567660367260145
55266,0.03123624675007461
55267,0.02722175831791885
55268,0.05331261089421753
55269,0.04850349696815781
55270,0.14050657655779114
55271,0.14052911596673962
55272,0.07370736915075077
55273,0.05002957672912007
55274,0.08503813179560399
55275,0.057921872062592625
55276,0.10109412699751005
55277,0.020915175208270645
55278,0.02577448079536589
55279,0.14660103420904821
55280,0.011127633352205886
55281,0.05396822157319145
55282,0.11350753735423777
55283,0.06315379240255152
55284,0.10760169131278183
55285,0.01818696409101929
55286,0.020634363817294596
55287,0.10380441286807326
55288,0.04649344472707108
55289,0.11266055777439817
55290,0.03372581415037676
55291,0.08700933047430505
55292,0.02547438425594024
55293,0.02576685932371704
55294,0.01950822027168425
55295,0.06348114334870933
55296,0.04210296072911322
55297,0.32795143720970227
55298,0.17721850153349447
55299,0.02549567565444371
55300,0.0296405003660998
55301,0.028688235373226557
55302,0.023754793862539106
55303,0.1169024808283962
55304,0.23413098322364484
55305,0.02952140345341045
55306,0.05056169870318288
55307,0.14119303608941614
55308,0.02277732088475366
55309,0.26336964763969783
55310,0.14103947712412437
55311,0.055413668815346595
55312,0.03740802800376665
55313,0.015293773734553992
55314,0.1988060977914814
55315,0.02084405067691702
55316,0.04804887403629516
55317,0.05608480681115412
55318,0.14152974937429733
55319,0.10195102091356437
55320,0.023285839236858858
55321,0.058347017023865355
55322,0.05480021618144542
55323,0.09656435215803816
55324,0.04092368793975649
55325,0.03060899150055126
55326,0.013867018936951234
55327,0.058792196064995965
55328,0.23944332032909943
55329,0.02187632034350943
55330,0.05235830259619703
55331,0.03070229413697383
55332,0.027969476727651543
55333,0.03798575960324469
55334,0.10416840714099436
55335,0.021150469924740328
55336,0.08560123609448991
55337,0.06990411046422354
55338,0.01736252649947264
55339,0.07716749493349248
55340,0.09585057835727229
55341,0.021289860049767025
55342,0.09458941951759957
55343,0.035043746603533564
55344,0.09511799606688873
55345,0.013268087080626852
55346,0.0156735908569844
55347,0.0332243880592012
55348,0.0897762140950389
55349,0.05676315298593032
55350,0.08296128748293705
55351,0.13498263383049217
55352,0.034029633952601925
55353,0.050931777485465665
55354,0.191536261914756
55355,0.04582081415031383
55356,0.030425430253239426
55357,0.023796656461770385
55358,0.02172504621284812
55359,0.044543109436593065
55360,0.026430526942229807
55361,0.03495652172643496
55362,0.07456193377736413
55363,0.04951961095130598
55364,0.14317784952918441
55365,0.019090802646601
55366,0.05154813443083409
55367,0.12720010132198262
55368,0.019442334795094662
55369,0.06226590206212795
55370,0.03456154996874678
55371,0.01207891537005494
55372,0.04298316794072471
55373,0.027784880292570466
55374,0.22856088006375383
55375,0.017624704605744737
55376,0.0352380115513315
55377,0.014361373096101596
55378,0.045139822040186184
55379,0.056219348755549896
55380,0.01997422518290036
55381,0.12564716557162262
55382,0.06351521992522569
55383,0.04315208932470503
55384,0.05504325996458553
55385,0.2270214517921634
55386,0.043171877554541174
55387,0.016441529178090723
55388,0.018089376822564753
55389,0.030648686839775202
55390,0.031267916938824886
55391,0.13993684560137126
55392,0.05015507259630884
55393,0.06678689238862444
55394,0.027770834694129977
55395,0.016505822371976682
55396,0.04183342309374602
55397,0.015618225535335227
55398,0.026252283674240404
55399,0.02354378487393716
55400,0.01209289923481442
55401,0.041983345754600415
55402,0.08032110820999665
55403,0.05586180313396562
55404,0.040976815206123826
55405,0.5061855483280527
55406,0.04120945269796618
55407,0.06836098617099698
55408,0.07361666456978067
55409,0.066773926011514
55410,0.09916008200575685
55411,0.06544147929089017
55412,0.02038522311737138
55413,0.01627944119191606
55414,0.20300295479342684
55415,0.06624705125900293
55416,0.01456451173330033
55417,0.10206682920885249
55418,0.024413808124243368
55419,0.028371783978952035
55420,0.0779152916359515
55421,0.055521553858689315
55422,0.021807088630745226
55423,0.04464417666589381
55424,0.021583534028286597
55425,0.019287636830722682
55426,0.1059545057931561
55427,0.05904604362279356
55428,0.01897506002093052
55429,0.008106485512039593
55430,0.015841174148401048
55431,0.01186379936425186
55432,0.20508101630827014
55433,0.11293657159701738
55434,0.10684324428381539
55435,0.04480898779004083
55436,0.03752623423916171
55437,0.07721930434195377
55438,0.03888388469165081
55439,0.8814470449197415
55440,0.01034076422870326
55441,0.06489053959388588
55442,0.017987767524107336
55443,0.01850598725537855
55444,0.049407268731195796
55445,0.052429790240466324
55446,0.028540203101838316
55447,0.027737038045665536
55448,0.019838123973918348
55449,0.13341054853131648
55450,0.01333997507203418
55451,0.04403769015013372
55452,0.1289630420139892
55453,0.11878154249041378
55454,0.03561132101675002
55455,0.048982955766463165
55456,0.17120678795026267
55457,0.024121893888386987
55458,0.14752165981718438
55459,0.05826037144635874
55460,0.058247731463276844
55461,0.04779173866579114
55462,0.091598288835117
55463,0.031156200018068153
55464,0.016314502491968457
55465,0.07350811100034046
55466,0.01994603489628711
55467,0.24295467581696836
55468,0.017185909177747975
55469,0.060883354354757044
55470,0.18533413306207192
55471,0.027371907189923973
55472,0.01809594223229253
55473,0.010342514329976607
55474,0.05194940710131259
55475,0.00805980449637796
55476,0.046909438304640685
55477,0.0837087857022098
55478,0.015801774200656194
55479,0.01959605336720504
55480,0.02609064170609107
55481,0.05132098050215841
55482,0.02841695510268775
55483,0.09406801720842975
55484,0.058942571886379296
55485,0.2203765602652713
55486,0.023636305526085578
55487,0.08810660198232718
55488,0.01799812772445793
55489,0.0612198969509813
55490,0.08452711726731607
55491,0.0729825483181719
55492,0.01992364189854635
55493,0.32022795366332646
55494,0.01683283693523035
55495,0.020360636482876247
55496,0.07490104559634435
55497,0.04760068018961005
55498,0.07950059322601657
55499,0.04203791361160401
55500,0.04060422005533603
55501,0.08815160927538823
55502,0.04994433481515494
55503,0.031771384174385554
55504,0.08777125070032155
55505,0.01265381894010248
55506,0.03682456463248619
55507,0.08030783504760705
55508,0.08357182752586204
55509,0.027829681345696522
55510,0.042325614160739315
55511,0.09952760067926902
55512,0.02600034853698336
55513,0.01824476336439294
55514,0.10526225380980006
55515,0.1028407498650116
55516,0.033842568758561016
55517,0.03276793752890166
55518,0.02376384838835562
55519,0.02850066769787326
55520,0.10882284377702504
55521,0.0506102189127184
55522,0.06729871787376686
55523,0.026246770124044406
55524,0.013768610807070232
55525,0.13154180177667835
55526,0.05112649082009639
55527,0.022776024558270037
55528,0.02869251222065111
55529,0.03529502437336233
55530,0.5653009017656526
55531,0.07236630704200259
55532,0.024918801090744975
55533,0.0220504196293921
55534,0.03157903807973217
55535,0.05104450938704322
55536,0.08349792801811658
55537,0.20060894093719336
55538,0.020687382713157697
55539,0.10256361809882862
55540,0.11203519542759761
55541,0.03083074605785481
55542,0.07757168935136188
55543,0.1703340198823361
55544,0.07937617697964056
55545,0.045016359010464566
55546,0.06078063377017852
55547,0.19855638875840162
55548,0.02944113907269774
55549,0.02262730456830913
55550,0.061262402860179734
55551,0.05007687552709142
55552,0.030761674917936792
55553,0.13558151316928505
55554,0.03864780403213374
55555,0.3561148854717441
55556,0.13872050018205503
55557,0.04729370521346047
55558,0.03725990486865167
55559,0.007475499202710647
55560,0.018807982834643012
55561,0.047229288146318216
55562,0.031242670965377067
55563,0.3244756362412081
55564,0.024268082325448095
55565,0.03765910799089551
55566,0.013221680048798774
55567,0.07088752900859706
55568,0.02148919383943381
55569,0.05921563674058945
55570,0.09076353315478036
55571,0.033293151824567116
55572,0.09325866908702965
55573,0.09499089196033506
55574,0.0456500226597041
55575,0.02218292646197238
55576,0.12419154025444892
55577,0.1466223170850028
55578,0.02078297882575436
55579,0.07371899746278474
55580,0.03230542005515868
55581,0.029143167803834392
55582,0.05994846166661937
55583,0.03457873519684488
55584,0.04137621977655799
55585,0.018832097491362616
55586,0.08553084285333175
55587,0.017105622911682977
55588,0.020751885090131532
55589,0.0262441793138867
55590,0.11636713245847166
55591,0.020373129156695903
55592,0.02612541366320941
55593,0.04874130704499975
55594,0.09359646929064021
55595,0.060122818142151625
55596,0.03152604270011993
55597,0.006054365244682512
55598,0.027642186817284878
55599,0.06422101891326683
55600,0.105282528485805
55601,0.022065985568544416
55602,0.24872043133312968
55603,0.009355590276431347
55604,0.07365483878429485
55605,0.01703313952768439
55606,0.0462419415701955
55607,0.03886791637870421
55608,0.08493392314407565
55609,0.1166039789628675
55610,0.06131456469982452
55611,0.012100376879493667
55612,0.011797744765192075
55613,0.10770212828158314
55614,0.04202511450589546
55615,0.2084981852448584
55616,0.022162066191159114
55617,0.0536476203569784
55618,0.034155112741025555
55619,0.033990340159511176
55620,0.052949232963408664
55621,0.09142663696723334
55622,0.07211363725465772
55623,0.022814058340139644
55624,0.05486805046074794
55625,0.06276004282231243
55626,0.050812000200508835
55627,0.03469080401831126
55628,0.014157056320778226
55629,0.1698084390127207
55630,0.0525536320727495
55631,0.03897410009802958
55632,0.20844487810033674
55633,0.12227647786604896
55634,0.0649500594301003
55635,0.16598614747351484
55636,0.0345228250698683
55637,0.01781872260334059
55638,0.008986044756499167
55639,0.07032176604930471
55640,0.038383850106797526
55641,0.1210933099659778
55642,0.38326464888886014
55643,0.08579363247154301
55644,0.2594030510804236
55645,0.012808308507416658
55646,0.01196815868582727
55647,0.10525461479430405
55648,0.07243967586065894
55649,0.11404268780013668
55650,0.04584219185372947
55651,0.011954101834028813
55652,0.021559729755216264
55653,0.016511608646597828
55654,0.04406807377938507
55655,0.052193338204460316
55656,0.01909585199809967
55657,0.07534887496673258
55658,0.018288913439951336
55659,0.011241040308144427
55660,0.06215140049773342
55661,0.035482576541228175
55662,0.029324855754330987
55663,0.021256722134452
55664,0.028431789640009808
55665,0.01409159790590158
55666,0.048402927236225905
55667,0.346172261788918
55668,0.06594920711469836
55669,0.11501520843598415
55670,0.03293364877712464
55671,0.11236790177817838
55672,0.07060884371884163
55673,0.18065537486735733
55674,0.033113027620638134
55675,0.01819631643086963
55676,0.12335532307985184
55677,0.15419322855780843
55678,0.01958345450124116
55679,0.02695682225655765
55680,0.4143335216083078
55681,0.08643504032219251
55682,0.06456376383790888
55683,0.021821934453699756
55684,0.10031766028740402
55685,0.015673195901666177
55686,0.01910640509387252
55687,0.025895142362300824
55688,0.11786661484777455
55689,0.044006916945490276
55690,0.12547809245796585
55691,0.02251935935136517
55692,0.08729341714290001
55693,0.10337243996604698
55694,0.04422932998804654
55695,0.06410516145686115
55696,0.030969230732002112
55697,0.022007995730707407
55698,0.03227490296960979
55699,0.018833407711368984
55700,0.012312543505550444
55701,0.12000917998313049
55702,0.7517749003929239
55703,0.03718973602989672
55704,0.043032122181590464
55705,0.027923386959413342
55706,0.1313465403446865
55707,0.02958266671734622
55708,0.28225794611753324
55709,0.07782192861531154
55710,0.01744022625493813
55711,0.03890701740848116
55712,0.04563569953111238
55713,0.03058155084506707
55714,0.0274883248229644
55715,0.02011906786634222
55716,0.07224040850261303
55717,0.02070576168701576
55718,0.08796987031340843
55719,0.07423196697024595
55720,0.03680510451979382
55721,0.020505188553850622
55722,0.02671927825686066
55723,0.06979624423011513
55724,0.012058791727804953
55725,0.023516731316479314
55726,0.08492922917108464
55727,0.014567776812682854
55728,0.11917921737265331
55729,0.044961515157621236
55730,0.252812503930174
55731,0.2360417405861931
55732,0.15431609088468354
55733,0.01845578832875898
55734,0.06603833042266208
55735,0.15198409665845686
55736,0.02230124433317853
55737,0.17485740588236798
55738,0.09547127753442743
55739,0.010440836119516633
55740,0.049511535897008845
55741,0.04103935692995193
55742,0.012278546010560139
55743,0.0660930247702644
55744,0.1022555305216164
55745,0.024434710252028875
55746,0.06026271862608083
55747,0.18318469596638237
55748,0.022121446276060296
55749,0.012207104536573256
55750,0.16943249107978325
55751,0.03487379792726854
55752,0.015081131505103674
55753,0.5588678303852377
55754,0.09203409522054459
55755,0.049742722256204644
55756,0.1649083852843656
55757,0.02237633044752657
55758,0.12514667779812913
55759,0.016698663060027905
55760,0.019385534837365923
55761,0.06060544050461514
55762,0.0674631810314449
55763,0.041956291850638656
55764,0.14354860593660262
55765,0.01923577794161314
55766,0.044403145187074694
55767,0.26026256621585864
55768,0.06546829079061418
55769,0.052393660286620916
55770,0.0922378845538692
55771,0.10987411549680937
55772,0.11845140177796162
55773,0.07013441922754936
55774,0.018893862400265082
55775,0.010551769311657267
55776,0.029653768152269708
55777,0.03384662770511697
55778,0.02931634522875608
55779,0.11903043860079913
55780,0.05506521236006762
55781,0.03395040745754829
55782,0.18234236164374182
55783,0.1070037676878034
55784,0.012748075176879108
55785,0.02857495781793778
55786,0.02812093928361982
55787,0.01895661799721848
55788,0.027335865731183615
55789,0.01280870673347406
55790,0.05890536375419163
55791,0.13009906995983594
55792,0.06747590395546217
55793,0.02046351012440618
55794,0.02074543338298769
55795,0.012015285388414926
55796,0.04230746483377808
55797,0.021615470370596024
55798,0.023445144558652202
55799,0.08125985895618579
55800,0.02006327933360673
55801,0.05765962990529915
55802,0.05619128656459519
55803,0.05266588513426349
55804,0.07450103501948149
55805,0.018587264347338848
55806,0.01296263831754489
55807,0.05057412302767782
55808,0.11353700343419165
55809,0.033132445933514616
55810,0.06704997409860367
55811,0.06405921379096804
55812,0.017196852874238545
55813,0.2090554387956013
55814,0.030127365736536467
55815,0.044730495498042255
55816,0.21953372472548793
55817,0.022267344312573316
55818,0.040894876677338515
55819,0.03840540008744827
55820,0.02843116791156495
55821,0.024597331528097982
55822,0.06321836097002836
55823,0.17183282461394972
55824,0.04332030446901662
55825,0.1964382325528043
55826,0.03102532363826003
55827,0.023193696522612915
55828,0.09011452871722757
55829,0.03236350680553277
55830,0.06155972194483696
55831,0.014659223761735816
55832,0.07274538867937547
55833,0.03352034420736955
55834,0.0385869257374033
55835,0.16854945721897366
55836,0.01696790022899912
55837,0.012040676891351217
55838,0.19737409214809698
55839,0.022245718439733164
55840,0.0504679400764203
55841,0.03782002121662799
55842,0.0183325342196228
55843,0.02407499865940355
55844,0.13601660727878218
55845,0.05487317932508801
55846,0.04829395276649814
55847,0.086195502053218
55848,0.024594822753528936
55849,0.07892101681576111
55850,0.04258831669737305
55851,0.1382819951622829
55852,0.03646833783923567
55853,0.05518668395752652
55854,0.10754164312736811
55855,0.02174340338305256
55856,0.1969697909665104
55857,0.09158839986517242
55858,0.047762413679493035
55859,0.03287011586435959
55860,0.041314897729005345
55861,0.015959996789412186
55862,0.021386672305481056
55863,0.070889990123256
55864,0.09012024039168166
55865,0.03890582237487559
55866,0.03432526295097041
55867,0.02936192163433531
55868,0.06553210045797633
55869,0.01884578901160569
55870,0.17928124293354292
55871,0.02031097449623572
55872,0.10419293816018488
55873,0.12450760837440886
55874,0.23916926394473903
55875,0.01729443201486099
55876,0.04195313858713902
55877,0.02760706551968522
55878,0.02771167776012421
55879,0.05425591128390664
55880,0.011339955204966806
55881,0.07404567613501256
55882,0.04371030940255186
55883,0.09911624348528364
55884,0.05258394924551541
55885,0.03653733403682248
55886,0.21586324989255662
55887,0.06783517521601778
55888,0.02729592445446595
55889,0.02167289450766373
55890,0.028024706030161377
55891,0.03406806123717035
55892,0.08197441011875232
55893,0.05160013423021012
55894,0.06280290917477592
55895,0.1888288327139765
55896,0.025079235309305916
55897,0.03518021787026512
55898,0.027092683337266707
55899,0.07749559088630006
55900,0.032350315730792334
55901,0.015049481716206192
55902,0.012309100888933295
55903,0.034503024638174964
55904,0.01645319057833036
55905,0.04559269458028378
55906,0.01951829669033659
55907,0.053068265029544315
55908,0.048103292887360885
55909,0.06610938786412159
55910,0.1723618185881793
55911,0.09084310491334364
55912,0.03253509057724612
55913,0.05809131570603313
55914,0.020906108427722774
55915,0.12132057471802038
55916,0.02718654582262304
55917,0.02141278521337929
55918,0.03285245572066067
55919,0.05296697370533182
55920,0.03149859956282233
55921,0.008779104255435786
55922,0.019497415346681996
55923,0.036430848359756116
55924,0.11366866843941013
55925,0.1055492812614273
55926,0.01630296958897449
55927,0.01182416888111738
55928,0.25062079260740167
55929,0.040559722130608905
55930,0.029190672776823284
55931,0.04174571351169247
55932,0.14585146495544726
55933,0.08708808115731825
55934,0.3885827167331011
55935,0.029946371561179897
55936,0.021176485505748778
55937,0.04741735841814171
55938,0.03637352656112896
55939,0.06728283499565205
55940,0.04332639955918269
55941,0.07810935325095326
55942,0.13916671166322966
55943,0.06304824110007916
55944,0.04451304370626286
55945,0.03367631441291225
55946,0.04323878137896884
55947,0.01342187879742637
55948,0.023934879536659067
55949,0.04503964718299415
55950,0.1361489501845932
55951,0.021106296008649838
55952,0.019752275095552444
55953,0.029585468170702785
55954,0.012411392776831292
55955,0.012104117167148192
55956,0.046846777610102544
55957,0.025377667282893812
55958,0.11148350783471411
55959,0.02769804691674989
55960,0.03968089611231469
55961,0.04415533294474056
55962,0.03859421092854705
55963,0.0405125058623877
55964,0.018999174298422496
55965,0.02912172610308494
55966,0.3203945571772332
55967,0.029723613303905126
55968,0.06574287061499709
55969,0.010209408132390144
55970,0.049887102565353544
55971,0.02310021988156935
55972,0.025832633840023076
55973,0.025863932882766907
55974,0.19891385790677624
55975,0.04264398916687474
55976,0.09079377414671796
55977,0.019781075187404826
55978,0.020905647994668507
55979,0.05236579085701554
55980,0.08286812061777188
55981,0.0382298397185128
55982,0.017507181124492625
55983,0.10157166684074619
55984,0.07749013777309352
55985,0.12925937726778725
55986,0.029408104079532787
55987,0.02666094823116361
55988,0.11633179591257009
55989,0.1372929190259245
55990,0.05498611276559461
55991,0.012149185121751522
55992,0.04697778890255266
55993,0.10645541956651519
55994,0.094940416526777
55995,0.05892962438848974
55996,0.13409399709692538
55997,0.051155012274232206
55998,0.0681602931218416
55999,0.04537186486985039
56000,0.01080271215145739
56001,0.014830833573977333
56002,0.06108597329338382
56003,0.06220679752449104
56004,0.015194661032379136
56005,0.04676293340885814
56006,0.054002546405268616
56007,0.018627170673722833
56008,0.050764621645120994
56009,0.03136839413627212
56010,0.1271258557322353
56011,0.03070683218093451
56012,0.04112028505485665
56013,0.008499952957931503
56014,0.09732206181521014
56015,0.16915468501425568
56016,0.04270648144122869
56017,0.02743543619595186
56018,0.04084085395729916
56019,0.014927897371937327
56020,0.012015586390601053
56021,0.03669956970758399
56022,0.04253023457033438
56023,0.02984392361610896
56024,0.04821848782830648
56025,0.10109205676412308
56026,0.014726221412844239
56027,0.024967345961275415
56028,0.026954425343635992
56029,0.041181167724043746
56030,0.36139320857810353
56031,0.01455040903102377
56032,0.04750112051781649
56033,0.015181189819688645
56034,0.1104607105562201
56035,0.07025585548975044
56036,0.009404001732678455
56037,0.03614440546640567
56038,0.11934295191434738
56039,0.018048310581292748
56040,0.02698205455825428
56041,0.02498004030633287
56042,0.07634579565673692
56043,0.04274624464689182
56044,0.04889732645001789
56045,0.12455582992727901
56046,0.10344672772445836
56047,0.057519677857227974
56048,0.014578966422042755
56049,0.020583696299648863
56050,0.024538272061667202
56051,0.019939886552274917
56052,0.05400345382470831
56053,0.030825848109835553
56054,0.04490535353159405
56055,0.02619086209100303
56056,0.13804794643357343
56057,0.14703386674885305
56058,0.023003673105337664
56059,0.027179673908561047
56060,0.013656570049256597
56061,0.03369873617829774
56062,0.038491183458011544
56063,0.06136182919463401
56064,0.07667225580909037
56065,0.013354329491762181
56066,0.022139511892704147
56067,0.04303714116704757
56068,0.027965478890407198
56069,0.007559364485230632
56070,0.5075458174281703
56071,0.02778992295673499
56072,0.09446652723644249
56073,0.05952334821549074
56074,0.20659221717495763
56075,0.019446007976364314
56076,0.029745107287977315
56077,0.07015235720043364
56078,0.016624176936303303
56079,0.012068170903399365
56080,0.09914109502603735
56081,0.09759446342261346
56082,0.027111357064864235
56083,0.1413717774640333
56084,0.04986048002511054
56085,0.14878277487260716
56086,0.035046613188981814
56087,0.047965159311657804
56088,0.023691136167654222
56089,0.035470064245672873
56090,0.03472419566582609
56091,0.06616834621534531
56092,0.05637216252071981
56093,0.019968319193400294
56094,0.10933031310159054
56095,0.029707906460344907
56096,0.03576512668613296
56097,0.03366683942589942
56098,0.11357356712500546
56099,0.02769388296830739
56100,0.06554584576443176
56101,0.0834791331381879
56102,0.03355708242621901
56103,0.019296823517508645
56104,0.01779416456915523
56105,0.06601950685724468
56106,0.12058006489280444
56107,0.09833798390773281
56108,0.042107563865178464
56109,0.10187844498582899
56110,0.04128038977980328
56111,0.02434828952045916
56112,0.020311058056075488
56113,0.011612987352265736
56114,0.04250166304863527
56115,0.016823964199076124
56116,0.06683502987978829
56117,0.037322727489682156
56118,0.020955731085118334
56119,0.006756211562912517
56120,0.03233506886588523
56121,0.10216937282684209
56122,0.10063268939809725
56123,0.028058784691950264
56124,0.03455543262864302
56125,0.0489035010806041
56126,0.019230652433709444
56127,0.026532582169842066
56128,0.12947660236167666
56129,0.038537440989405605
56130,0.026563770441505576
56131,0.16424189125855804
56132,0.49814405649436866
56133,0.07165053279957095
56134,0.032937064952016315
56135,0.0979351074035611
56136,0.054399072553758324
56137,0.015190239661297344
56138,0.008364488035200669
56139,0.008921752469535275
56140,0.15556847823847667
56141,0.05590569336589882
56142,0.05741166117882476
56143,0.04909433238145271
56144,0.042152400970569756
56145,0.04165228916231025
56146,0.07295764308879629
56147,0.10127565249806528
56148,0.0443822115577944
56149,0.10718422895240665
56150,0.06684882375620592
56151,0.12631827894297698
56152,0.0170101745748661
56153,0.02252635268321517
56154,0.05200247753035172
56155,0.015424202301674805
56156,0.05035505953746133
56157,0.0483035271911618
56158,0.29403107747029783
56159,0.02140985545415462
56160,0.04585632367108041
56161,0.06177535484648802
56162,0.10816868622043595
56163,0.0675943562027921
56164,0.08116437678223717
56165,0.41843777880814537
56166,0.014081748934017035
56167,0.018016868902462332
56168,0.030972683268061085
56169,0.0677547721405512
56170,0.12232021267564563
56171,0.06569391322039987
56172,0.14987319961795886
56173,0.03514451081925776
56174,0.14189884560344876
56175,0.02143148540953801
56176,0.16955936062370036
56177,0.07030307936456917
56178,0.02856079249383141
56179,0.039117308069152014
56180,0.019296430841566386
56181,0.03750733250058789
56182,0.12827588845926097
56183,0.03743663234555983
56184,0.010682428625236946
56185,0.007792160879088564
56186,0.07687861484498831
56187,0.06627555730070411
56188,0.073950965419436
56189,0.022422024487933012
56190,0.16260021531407093
56191,0.028928375642865035
56192,0.07232194829807607
56193,0.027097072370807388
56194,0.3146483676837488
56195,0.12985296883276973
56196,0.039719435698899665
56197,0.09222286061174885
56198,0.04510637466096375
56199,0.031144777610976893
56200,0.02668241972151528
56201,0.09087344291974571
56202,0.15121085605250695
56203,0.030768343973558286
56204,0.21028701154284005
56205,0.03927550051299013
56206,0.08650082787548438
56207,0.012933046203558953
56208,0.05942773004009788
56209,0.29370209276433007
56210,0.13179183105794331
56211,0.019571909425917244
56212,0.06934687426362526
56213,0.03475217444732045
56214,0.014823751498444993
56215,0.021336122045684934
56216,0.01541858723760783
56217,0.03176477505505994
56218,0.08279991711053616
56219,0.02458831122206087
56220,0.17442309697788994
56221,0.02246757975545056
56222,0.03098071375056202
56223,0.09592904173451881
56224,0.0285016739313255
56225,0.03447817942089253
56226,0.03761249533906906
56227,0.04075145637829196
56228,0.09671934533155227
56229,0.02686544344208589
56230,0.03413582140318692
56231,0.028627126955603294
56232,0.09642958258725315
56233,0.04672982955095483
56234,0.02044452767864695
56235,0.12230149000235375
56236,0.015539148901855144
56237,0.03945856761692302
56238,0.021603635772685516
56239,0.035909563886633966
56240,0.06192606167733021
56241,0.07945050642849484
56242,0.02811325610159693
56243,0.03872994039703238
56244,0.056816790370835424
56245,0.03460284339977596
56246,0.025330814230631583
56247,0.15696297685556673
56248,0.073511589695854
56249,0.04164920987188751
56250,0.015920721287687473
56251,0.051163181232118604
56252,0.024932741630264103
56253,0.07260232383820783
56254,0.06451451076774488
56255,0.019769200384390156
56256,0.04827151658545691
56257,0.08272728567649133
56258,0.023536186742850802
56259,0.08965924541313991
56260,0.021028649820238186
56261,0.010276350566831847
56262,0.10338862059947801
56263,0.02498467474859683
56264,0.030214174112126575
56265,0.016070642925159268
56266,0.03093697862557137
56267,0.021133328362355756
56268,0.11680390502169335
56269,0.02860787277690327
56270,0.08966704300027606
56271,0.015651054911354947
56272,0.07432126799989901
56273,0.020310450744564106
56274,0.06073762271352964
56275,0.0153816695266361
56276,0.026201874588278388
56277,0.016937409033036664
56278,0.011595881343974854
56279,0.03163451741722262
56280,0.2080534226240725
56281,0.05739147390170615
56282,0.041013851929585794
56283,0.05987139200158281
56284,0.02537405908434156
56285,0.08119384784152366
56286,0.08129035998367654
56287,0.009746614289281403
56288,0.060594840993139526
56289,0.02734792116205229
56290,0.11078262288809573
56291,0.16725004115152592
56292,0.02755136655450635
56293,0.08756704614756369
56294,0.025812505772386307
56295,0.16615909552083774
56296,0.017350649292731748
56297,0.07923138272179162
56298,0.015223859460888283
56299,0.04230141355527028
56300,0.11836373444614305
56301,0.05739253828424361
56302,0.15600435972838161
56303,0.02080403546791467
56304,0.016112767786512206
56305,0.05840545095629492
56306,0.14064462913822356
56307,0.07280980037644139
56308,0.08900554772963103
56309,0.0322019610522037
56310,0.02725277680524436
56311,0.03681373413432186
56312,0.1517452889931219
56313,0.03715969731096795
56314,0.023511818828275806
56315,0.019103785924078097
56316,0.19232019664235758
56317,0.17544583785060952
56318,0.03163598521724269
56319,0.03260986244709778
56320,0.051161540086913856
56321,0.14421199446562077
56322,0.04217874701000874
56323,0.0631350493650252
56324,0.03744612365467126
56325,0.16131708450175558
56326,0.04049006455704935
56327,0.010599035463935402
56328,0.10397930436413964
56329,0.01455061031873892
56330,0.041290566607712395
56331,0.06231197378269725
56332,0.17875227221898604
56333,0.06679427745414207
56334,0.08082344372863223
56335,0.09697701705317867
56336,0.028663916151873074
56337,0.11251651348268658
56338,0.03145445767307815
56339,0.06648256994479848
56340,0.14167574408803843
56341,0.39155275409073453
56342,0.03679286423576819
56343,0.0306938533037938
56344,0.09254061664321148
56345,0.02371476391637562
56346,0.18983887112483294
56347,0.03642271380252151
56348,0.02917009690081303
56349,0.036091874915178894
56350,0.017065104154827603
56351,0.03212666517989169
56352,0.03771631621065788
56353,0.012740368667827715
56354,0.07210028912153275
56355,0.033963716669857445
56356,0.0482659386588822
56357,0.12830328026248944
56358,0.054268444298482696
56359,0.01629903660296606
56360,0.015363102426482814
56361,0.05522227877092972
56362,0.028463237390780202
56363,0.19245137838395762
56364,0.16959913167323507
56365,0.018903249095005167
56366,0.023245597685092795
56367,0.05057413246710564
56368,0.024448185668694493
56369,0.009748810224767365
56370,0.0285857023966328
56371,0.10240835526086553
56372,0.06373606961803072
56373,0.008539400037287058
56374,0.1611977220392044
56375,0.13444665952354862
56376,0.021379702191705128
56377,0.011441082532804885
56378,0.021274606898249084
56379,0.09915531214649322
56380,0.15336849874390995
56381,0.010014652886266844
56382,0.3159722739003491
56383,0.10360781091289996
56384,0.05084218352034358
56385,0.031739451847395225
56386,0.06319671261734514
56387,0.056279031889732246
56388,0.017925742812182583
56389,0.13792728232972312
56390,0.009151552416213977
56391,0.0631777406363627
56392,0.1603146498027584
56393,0.011803441097240082
56394,0.028798765959733096
56395,0.024378273763579757
56396,0.07200487715239239
56397,0.1120506986294443
56398,0.023543733976563088
56399,0.018575601297709295
56400,0.03052155328800708
56401,0.12729385226796455
56402,0.013918296192241875
56403,0.13258385958004348
56404,0.029897140265457138
56405,0.018664478391532298
56406,0.07778610925330212
56407,0.12757559813860705
56408,0.041528281564793844
56409,0.05832298389141949
56410,0.02365570123641866
56411,0.0899312695815292
56412,0.05802846232428928
56413,0.1218278806373431
56414,0.14346600402681892
56415,0.0345768685820383
56416,0.03606846243842765
56417,0.01630653742770432
56418,0.06813815347840367
56419,0.08826339212829892
56420,0.042729269152727775
56421,0.054911973499968264
56422,0.027776596683189377
56423,0.022899798565176283
56424,0.04029566259833209
56425,0.01721965834973775
56426,0.01567913377617629
56427,0.07134105240130098
56428,0.051579157203786447
56429,0.027150961248428716
56430,0.02686570406502621
56431,0.0467636097226999
56432,0.09275691629073632
56433,0.048681873122709225
56434,0.019127711462581486
56435,0.03972054708668199
56436,0.022629954995989507
56437,0.015818855199042584
56438,0.12350199743652243
56439,0.04617867108555461
56440,0.022245363944908104
56441,0.024049624658217646
56442,0.061061081213254514
56443,0.13724457914724555
56444,0.029772219215170505
56445,0.0603947104390878
56446,0.017640472770069898
56447,0.014653549306819315
56448,0.04428906148582341
56449,0.032889390892389264
56450,0.04083160589616458
56451,0.056170088531723665
56452,0.032963736339846804
56453,0.022765672355565533
56454,0.09392141533016968
56455,0.05570188206698662
56456,0.07275083850112687
56457,0.016020807402434396
56458,0.02817812935143781
56459,0.033237185424941904
56460,0.017224897655074067
56461,0.08656103790052722
56462,0.08074713259140931
56463,0.10951425088805897
56464,0.03353600678517368
56465,0.07738796628072929
56466,0.12381434091567746
56467,0.15443248140395466
56468,0.01495461751185849
56469,0.0725734513704058
56470,0.012286283941732949
56471,0.42369982850371674
56472,0.061240301918566525
56473,0.030203534850426747
56474,0.026788631613549295
56475,0.19080978823595598
56476,0.03443074161589932
56477,0.07180856994760387
56478,0.08961029095727767
56479,0.023913151484446175
56480,0.18585689060803978
56481,0.06883296741103367
56482,0.143521283877033
56483,0.018853004160748275
56484,0.05675432677527652
56485,0.20384634043276617
56486,0.07346727613307698
56487,0.0417925411890747
56488,0.07115888127176348
56489,0.10212828061627846
56490,0.01494403488589562
56491,0.08185236011025557
56492,0.11799723929932654
56493,0.015817545658878957
56494,0.10315492262398657
56495,0.014663483928075306
56496,0.016376667292410732
56497,0.017083934099505323
56498,0.036461283863766014
56499,0.28096773578162815
56500,0.04464610711706871
56501,0.048728973221316384
56502,0.03278761113806545
56503,0.10130032201450927
56504,0.07432750229091249
56505,0.03954915406560565
56506,0.05167052883736231
56507,0.03438439064660254
56508,0.019186458871565566
56509,0.04993417906695111
56510,0.029342401584900243
56511,0.026763206226596507
56512,0.06824298735023399
56513,0.023521268069683972
56514,0.04157400508229382
56515,0.07717927791067757
56516,0.012754179968381114
56517,0.03193281232522783
56518,0.04721039468548516
56519,0.019949204367928144
56520,0.21922485608545028
56521,0.0791448642224984
56522,0.08843291731405081
56523,0.06616874913517998
56524,0.09666786148125586
56525,0.04520612578523602
56526,0.025308668264969626
56527,0.035874010596452774
56528,0.13054675575538588
56529,0.0500646984617567
56530,0.10087892058098721
56531,0.030950165773673193
56532,0.12531776487081692
56533,0.10857842839693982
56534,0.017212925401777074
56535,0.06065370059914793
56536,0.1720972533135927
56537,0.08152007987531337
56538,0.020828138709855566
56539,0.18835320752120807
56540,0.1035821575296422
56541,0.09058618055330168
56542,0.026754354002271667
56543,0.09777166997309386
56544,0.13097840041113323
56545,0.031040009023638827
56546,0.05530477164234343
56547,0.1689388204037957
56548,0.06224710110894675
56549,0.11603038342101918
56550,0.018790028841215358
56551,0.10295970726887764
56552,0.010072026655739197
56553,0.012360575200405672
56554,0.058373752957921556
56555,0.08323933328905449
56556,0.019124576886712537
56557,0.10786939776572825
56558,0.039488241511940164
56559,0.08873802505443792
56560,0.06276328672740933
56561,0.06826383947735518
56562,0.04261384998546172
56563,0.08237915435300304
56564,0.07657793269811328
56565,0.053333110831157424
56566,0.01196703988622135
56567,0.019270441916568667
56568,0.15977712864004484
56569,0.050395343661912104
56570,0.11796130533110934
56571,0.013046999479264267
56572,0.04173700747647447
56573,0.0354941474161196
56574,0.04448970216312418
56575,0.06023264125012306
56576,0.03679108003751262
56577,0.10984493273114188
56578,0.02191578726456655
56579,0.11976111297734875
56580,0.02861052719333884
56581,0.01846269460355445
56582,0.09967431397051173
56583,0.06369868692693793
56584,0.05348743654160077
56585,0.07625817668455051
56586,0.03389145212672237
56587,0.1383542855813202
56588,0.11305244528479558
56589,0.05159689746738565
56590,0.02308668009797874
56591,0.14649645717393955
56592,0.12747285412835208
56593,0.3127517023887903
56594,0.039374481502943114
56595,0.04339151544616139
56596,0.025948292211655774
56597,0.0366709112829302
56598,0.05205058655217783
56599,0.05591836563031792
56600,0.1426809258611392
56601,0.015383435944237965
56602,0.03958000786518791
56603,0.44993792236537433
56604,0.011331147229187299
56605,0.030002618803258642
56606,0.019951069474675752
56607,0.04553820622365655
56608,0.7130725610260331
56609,0.03342515764812361
56610,0.06345556299082744
56611,0.03841448209860433
56612,0.25756408555232735
56613,0.024656337706820117
56614,0.04409904062201433
56615,0.032224865592386485
56616,0.025002523103540973
56617,0.04446629548896831
56618,0.048003268856729064
56619,0.029068373099586868
56620,0.040285905969287765
56621,0.076917262948238
56622,0.1758577805065202
56623,0.03219000291153169
56624,0.02622786871628708
56625,0.04417235875143431
56626,0.04495872314424366
56627,0.026414329523699445
56628,0.07313778571803527
56629,0.0981755681998611
56630,0.0202783732328636
56631,0.15688490567978675
56632,0.026962623198340915
56633,0.1501729995505679
56634,0.016169903067764835
56635,0.055695211293313736
56636,0.11507951126930066
56637,0.031556288292238235
56638,0.027050983658754933
56639,0.05309495488964671
56640,0.027376466379903625
56641,0.06359838407818749
56642,0.09368505882260741
56643,0.055075268216011344
56644,0.046686990560373356
56645,0.010689281373387814
56646,0.28664420591091344
56647,0.041536017201674214
56648,0.025786057230377083
56649,0.04226605535066881
56650,0.04595346125772992
56651,0.08009183168256115
56652,0.017392042826773802
56653,0.17171542266184467
56654,0.12573666006914686
56655,0.017542563820645195
56656,0.07292614772401142
56657,0.04280658441190783
56658,0.06574240257083121
56659,0.03684680286717732
56660,0.13433247429227055
56661,0.046438480021045836
56662,0.17472711822340845
56663,0.07579486018476354
56664,0.03428510436860754
56665,0.01579175759451208
56666,0.09134026375860944
56667,0.010109088144614151
56668,0.03675937645235479
56669,0.047303838220188604
56670,0.011154480262523057
56671,0.10726743317078657
56672,0.033977126074427204
56673,0.0879028004488462
56674,0.0588795241727126
56675,0.02847799684050923
56676,0.08946960948023669
56677,0.0835457353334347
56678,0.10214781958694302
56679,0.13904605061355454
56680,0.1346844971359461
56681,0.04311127253687628
56682,0.03205248177652769
56683,0.14719847141719125
56684,0.06877335417434116
56685,0.17706448277883327
56686,0.06645521290589418
56687,0.08052079897478759
56688,0.0339491253872905
56689,0.0993563486238754
56690,0.017476636965507643
56691,0.020062435700138673
56692,0.06370754245855884
56693,0.04029864804536625
56694,0.04830947423624447
56695,0.060415475255118256
56696,0.016005495812353387
56697,0.05113302369726348
56698,0.10366291113987688
56699,0.1026630358340798
56700,0.0764070497256534
56701,0.13764300579572397
56702,0.22132876595016251
56703,0.08786683750061883
56704,0.07553402189651633
56705,0.04079968827209482
56706,0.01847908340036429
56707,0.015430252395765572
56708,0.08456159858384636
56709,0.03703095809454481
56710,0.04702275016433631
56711,0.015500294757198775
56712,0.011211459505890274
56713,0.07290124470157452
56714,0.017659453132781895
56715,0.01337595642905411
56716,0.03622966400032911
56717,0.10019138471018557
56718,0.08203704025732314
56719,0.021827867704984145
56720,0.024254389377423836
56721,0.07070481852724422
56722,0.039757899711352906
56723,0.021049876995229744
56724,0.018668767596149716
56725,0.04463707052210463
56726,0.03659599923036257
56727,0.013274461942237288
56728,0.08240057580031351
56729,0.10739550847392756
56730,0.03673476965340215
56731,0.019543162785890824
56732,0.039932876632347944
56733,0.017243726040414006
56734,0.023795225499661107
56735,0.02420871267924537
56736,0.21141617220874467
56737,0.3104755436268122
56738,0.024129146137306514
56739,0.04530404163914978
56740,0.059281069675759676
56741,0.04752160211321551
56742,0.04203663533205874
56743,0.03693942907877263
56744,0.029766997035912037
56745,0.04534110142329926
56746,0.06429239133038547
56747,0.03666308985517322
56748,0.022349548183961808
56749,0.02381281669953969
56750,0.028874679153052425
56751,0.07531657087211145
56752,0.05365212632518506
56753,0.03076859512556919
56754,0.008021103534911436
56755,0.015971678580408478
56756,0.02445912593057333
56757,0.045051853442035196
56758,0.023965948636860208
56759,0.028350941093258634
56760,0.2845493322816688
56761,0.05972680729214263
56762,0.024377302249043872
56763,0.06434244520458654
56764,0.22703917859998418
56765,0.07491403484433448
56766,0.022776757392977895
56767,0.06555685504570456
56768,0.07667016185407656
56769,0.025915137326806843
56770,0.254931018679552
56771,0.021325250939507653
56772,0.1617508895094321
56773,0.04470914890668388
56774,0.035830852354160246
56775,0.04865758477296957
56776,0.09453786322339519
56777,0.01048366459435658
56778,0.12553338929992233
56779,0.019962435235550524
56780,0.01313775624341458
56781,0.04802524320180726
56782,0.03297694326383824
56783,0.034443798189739305
56784,0.03791432989116047
56785,0.04261843514587453
56786,0.054807817179582226
56787,0.16449488081336
56788,0.049030504035404945
56789,0.19391172631780648
56790,0.09095459067178983
56791,0.050944004716706064
56792,0.0554188640668459
56793,0.01978925127743146
56794,0.007591759189237582
56795,0.032291723026546024
56796,0.07547701739497825
56797,0.045997262430618344
56798,0.06383998157793293
56799,0.04197369097644218
56800,0.03410553493704909
56801,0.09454275056072352
56802,0.06081818120874713
56803,0.03621336992127703
56804,0.21848729427608907
56805,0.031407008890861794
56806,0.10596301248576773
56807,0.02281862914489019
56808,0.06250780760713032
56809,0.05295015424794552
56810,0.11866289827281085
56811,0.035151215308520826
56812,0.07951947619882668
56813,0.0772327456677172
56814,0.04164944696239192
56815,0.03429011599569544
56816,0.03353355864937027
56817,0.15586968943977528
56818,0.01618265899649464
56819,0.04273877089046003
56820,0.03467945747802148
56821,0.04204051004252428
56822,0.03421145085465595
56823,0.04041317660233995
56824,0.060414630131606986
56825,0.1364017394097255
56826,0.02786087761872895
56827,0.09562537164021945
56828,0.02004160332398082
56829,0.13461943330197224
56830,0.04149148603714068
56831,0.015295337988293294
56832,0.029443310957914776
56833,0.025792586512462905
56834,0.05633896959552955
56835,0.10321157365599229
56836,0.030567868580436024
56837,0.02246106209074899
56838,0.25433355935824525
56839,0.014677938906662528
56840,0.08469118091789171
56841,0.10299013644005439
56842,0.050600208344849275
56843,0.1233178009698731
56844,0.08515806852247908
56845,0.026714197759432838
56846,0.14847522606205837
56847,0.10062614802411193
56848,0.014514093510363204
56849,0.03393569606465889
56850,0.15517206941177977
56851,0.04188898190338805
56852,0.058270680772177716
56853,0.03536411078453802
56854,0.0203158354615272
56855,0.011973876153912924
56856,0.02743428929357327
56857,0.0192116864020734
56858,0.01919092315543918
56859,0.10880045192361168
56860,0.027936356040083772
56861,0.02765769325486007
56862,0.039472117498570415
56863,0.04172220962684243
56864,0.052629252118469944
56865,0.025929038663154817
56866,0.19929768012200416
56867,0.051989389632301576
56868,0.015009347812896574
56869,0.08527979049963606
56870,0.026957377177945323
56871,0.019637611263004853
56872,0.026986692290035315
56873,0.032056212876085635
56874,0.017083693327704964
56875,0.029481395354058453
56876,0.013415604581553199
56877,0.04282218036907785
56878,0.04699481655161998
56879,0.2268803688754338
56880,0.10997302656383902
56881,0.09188983281767549
56882,0.13947213869993846
56883,0.1817448472236315
56884,0.2500652975269437
56885,0.039663930114787
56886,0.13103453437082785
56887,0.048166202038038675
56888,0.07113714629606763
56889,0.01977839691060239
56890,0.08036156149107165
56891,0.07742109919505119
56892,0.031708294360546035
56893,0.026756605492390572
56894,0.019860042887604824
56895,0.020361560125431305
56896,0.11128933527221055
56897,0.04768896203673248
56898,0.04856251649828755
56899,0.03399866721234664
56900,0.0356851922099774
56901,0.11890803260872257
56902,0.2904376576463008
56903,0.07561517366552681
56904,0.02846320347421573
56905,0.009352989088713574
56906,0.07387035711025132
56907,0.011180602034977848
56908,0.01138805513566456
56909,0.041083417971077806
56910,0.08228874321731568
56911,0.02473869154369425
56912,0.02299008838524211
56913,0.11032537326194138
56914,0.17837892039822734
56915,0.02714496323261558
56916,0.026288683582435846
56917,0.02355436597843212
56918,0.05251595639334609
56919,0.03565933019561735
56920,0.01586377615379048
56921,0.020078916202833308
56922,0.17216096556881283
56923,0.15160086542154924
56924,0.020267376144022922
56925,0.042988656101362904
56926,0.04197320215389051
56927,0.10120665055063283
56928,0.07379742849030389
56929,0.025821655062142755
56930,0.06433607519712246
56931,0.03603834145661321
56932,0.014376320512572226
56933,0.1473758787832194
56934,0.028546296194054323
56935,0.04051556834334921
56936,0.01898959545271612
56937,0.13560488722682598
56938,0.039610125633680826
56939,0.08091155271604551
56940,0.022562265633179084
56941,0.04293632043484393
56942,0.05281288710606874
56943,0.28285949963772544
56944,0.7763246147070746
56945,0.034761023197044806
56946,0.0716653002902426
56947,0.02364091641309174
56948,0.027499134743580005
56949,0.024260629722069566
56950,0.020500488151094624
56951,0.02162135743156741
56952,0.09494541093034634
56953,0.022530760552151724
56954,0.1302817210654083
56955,0.14797093553661037
56956,0.06882820940692318
56957,0.0431955552127302
56958,0.0861761161115715
56959,0.0889505892092688
56960,0.1875596754825513
56961,0.04504813614907419
56962,0.1167671099248465
56963,0.1379982575936061
56964,0.05462500151686647
56965,0.05802351425564996
56966,0.05769550413406678
56967,0.03183859987327
56968,0.04905218628003665
56969,0.020403387157577113
56970,0.11231236575979484
56971,0.29391762026368196
56972,0.01886955056728095
56973,0.05807347348951249
56974,0.04039363378170521
56975,0.015917862442944866
56976,0.19521800603457534
56977,0.02075388093934436
56978,0.03390531685716509
56979,0.02183080480159235
56980,0.014281121358918646
56981,0.06690366453387006
56982,0.043993869678950345
56983,0.019226779567599214
56984,0.06068754208698774
56985,0.014828407003460078
56986,0.018756920513407514
56987,0.04781944624260161
56988,0.10448187276689548
56989,0.012950722647417064
56990,0.07921417274370882
56991,0.07953397298457188
56992,0.07876767545122831
56993,0.18684221910408683
56994,0.03906057284841748
56995,0.0429762746940402
56996,0.06050595702222061
56997,0.011078422939591838
56998,0.07888080420756444
56999,0.025362431878782708
57000,0.016899368710743636
57001,0.08530496544032043
57002,0.02819030587842491
57003,0.016526233868217343
57004,0.5030244959141754
57005,0.019616027166676236
57006,0.2501518439420639
57007,0.020756395673382125
57008,0.03152633992303542
57009,0.03904649199734647
57010,0.0426640065875443
57011,0.026787428626146245
57012,0.05024118645241738
57013,0.022229915101189733
57014,0.027194901899609915
57015,0.013351839830314181
57016,0.19740073916908354
57017,0.02283118127169345
57018,0.013175008610710717
57019,0.007774454119962556
57020,0.07475453264759974
57021,0.052104050047372064
57022,0.01649656465752298
57023,0.02267951711908765
57024,0.04698602522854818
57025,0.01420396170440684
57026,0.052379587041615355
57027,0.02395375644010727
57028,0.06663944267406073
57029,0.11229261712500965
57030,0.24765727503803966
57031,0.02885485932735158
57032,0.09946547762862573
57033,0.014346759822556884
57034,0.08628506294411624
57035,0.04439184696555288
57036,0.04880017276258728
57037,0.04430829747987148
57038,0.06396183906988734
57039,0.07021653900589966
57040,0.05419041169648999
57041,0.030299736672580412
57042,0.03399383983624101
57043,0.041078629410927145
57044,0.04360349346041645
57045,0.021822908582746336
57046,0.017524813361896787
57047,0.38751843066544855
57048,0.030028242940544188
57049,0.05143589329921316
57050,0.02360338045536997
57051,0.06076562118457963
57052,0.03499491457443189
57053,0.11312149143988041
57054,0.04306493667012478
57055,0.059216548955847575
57056,0.35283285723305063
57057,0.022499068741042544
57058,0.03823831734489423
57059,0.021627796502785908
57060,0.048759417839520036
57061,0.0498875120784391
57062,0.05986814313829243
57063,0.03861773304509439
57064,0.09678484383850974
57065,0.05531212313669057
57066,0.04907530344318705
57067,0.044034685595061365
57068,0.014473855541986293
57069,0.04299838579246254
57070,0.11187106914526684
57071,0.0753509170939555
57072,0.0703116328999829
57073,0.03479229255151776
57074,0.02482334227517321
57075,0.09208182307021906
57076,0.03786152479961272
57077,0.0218167651141192
57078,0.04137594121929791
57079,0.05813320806313141
57080,0.04040593859987136
57081,0.3143252567730329
57082,0.1283719280445044
57083,0.021855261154351338
57084,0.08314323345799775
57085,0.07965466424749898
57086,0.009490680361591564
57087,0.018698778240700018
57088,0.05082450908659518
57089,0.10476583545690601
57090,0.14367564473339195
57091,0.11026954430520344
57092,0.12763541011237267
57093,0.04456507892268529
57094,0.03177673917894718
57095,0.06646141670244735
57096,0.020937035938832033
57097,0.024099764805708673
57098,0.042629892479870035
57099,0.019555284335539647
57100,0.025009768734773154
57101,0.01974684053222891
57102,0.014849808346789367
57103,0.027667687580162553
57104,0.03271170844955519
57105,0.0671128740401641
57106,0.008082403222066471
57107,0.012410641008128621
57108,0.042134421191933294
57109,0.08843562318337793
57110,0.027058553179179524
57111,0.08531851382905557
57112,0.0106877421252747
57113,0.02125884376603463
57114,0.026395196036111172
57115,0.027282219417602997
57116,0.042080265223431966
57117,0.061734442095686605
57118,0.2753395377039041
57119,0.15460792483914182
57120,0.052834372225320794
57121,0.03050220575209548
57122,0.12244458191423202
57123,0.013227282627694587
57124,0.03930316167551791
57125,0.06789484508796115
57126,0.05445395425753184
57127,0.03992137674245204
57128,0.0564100511096326
57129,0.09599411997740101
57130,0.01811900009196072
57131,0.04171467559771068
57132,0.2870251931381962
57133,0.05653195078494708
57134,0.0147528810242427
57135,0.22329913767406545
57136,0.03307244539337358
57137,0.08527473494263363
57138,0.025493682031286616
57139,0.03074324317203262
57140,0.025672216268334484
57141,0.06630733846738983
57142,0.02939604670309711
57143,0.06233738026679393
57144,0.2332997798750097
57145,0.030545049927528198
57146,0.033503789615108547
57147,0.15376709629744745
57148,0.020111967790004626
57149,0.04804865129180442
57150,0.18978669625628772
57151,0.034013906180171076
57152,0.08511970304514312
57153,0.06550992963151571
57154,0.19443540902208317
57155,0.04581432068187161
57156,0.009735808519264779
57157,0.11377880160261868
57158,0.13650257979417865
57159,0.027109839696596673
57160,0.1052959674586454
57161,0.048214890375759996
57162,0.07193260149218315
57163,0.09298708958895696
57164,0.11642238710582906
57165,0.12088921649425607
57166,0.016378907723119028
57167,0.014414681372407687
57168,0.058758582704204226
57169,0.03784087784443257
57170,0.05155267386825174
57171,0.01884462233225805
57172,0.028941761089018078
57173,0.4753044974749136
57174,0.04948572872167675
57175,0.024331565090965006
57176,0.02107076377173551
57177,0.04901739156993717
57178,0.06478245397161522
57179,0.03276146803680022
57180,0.015076255680089573
57181,0.00905589723379827
57182,0.12768351609464287
57183,0.014180329905364223
57184,0.10262757744072853
57185,0.07527940231385112
57186,0.0666697504324916
57187,0.0686013582816291
57188,0.0476685035425697
57189,0.03227940851903909
57190,0.2796541574244556
57191,0.08010278626856993
57192,0.008615697097107857
57193,0.12745124748815462
57194,0.012282318188697093
57195,0.16202317098716412
57196,0.05691113745922298
57197,0.09183566318544742
57198,0.02287956288910052
57199,0.021499379429540673
57200,0.049400173621006495
57201,0.05915049245766708
57202,0.05223335160151714
57203,0.04417043857885493
57204,0.13355204332329204
57205,0.022296750460320557
57206,0.05412499536249914
57207,0.021576639173741304
57208,0.11205102521175789
57209,0.04210457772070164
57210,0.03135414740807078
57211,0.06717932110189215
57212,0.059193556468242876
57213,0.017503892156176863
57214,0.02800965116178987
57215,0.03508013282207965
57216,0.038774743026617944
57217,0.0562820380832137
57218,0.011499484946041801
57219,0.015190256194610622
57220,0.026908562019581014
57221,0.10909383683297028
57222,0.008477842641625847
57223,0.04932859707771203
57224,0.03767535798379822
57225,0.03921668201424979
57226,0.0716956819032716
57227,0.04314811805662681
57228,0.03774468228379507
57229,0.020022042072835047
57230,0.011939622402003643
57231,0.015242563619397999
57232,0.03730666182902648
57233,0.03120737653729434
57234,0.09984270427187229
57235,0.1325663603513002
57236,0.03298876437872609
57237,0.05114170299846305
57238,0.04164340137162517
57239,0.1610776698525026
57240,0.19473661665757713
57241,0.050997388907000084
57242,0.3367944364196916
57243,0.13108839254765156
57244,0.04785036984312129
57245,0.15865068105632968
57246,0.03671981093283591
57247,0.012984259540484575
57248,0.09528574794359335
57249,0.08183984094085187
57250,0.022763291364074706
57251,0.04012843276274206
57252,0.016339111048758344
57253,0.06937889359595084
57254,0.04132438661995747
57255,0.06138460324774184
57256,0.2998035030041579
57257,0.01752085111585905
57258,0.02730555749372239
57259,0.10708329091542089
57260,0.019686173598010802
57261,0.0947254893119721
57262,0.07262960751488848
57263,0.0635879159744672
57264,0.01393885242555334
57265,0.028445811310961945
57266,0.02012027264214082
57267,0.020966676763920118
57268,0.02691348625008312
57269,0.03228459300401921
57270,0.03229981505826603
57271,0.13139244089018337
57272,0.03533575550131237
57273,0.015030719740350761
57274,0.04491886332628656
57275,0.17323009726726746
57276,0.06251724132074109
57277,0.05142804328609682
57278,0.030167845662278894
57279,0.023668867214214972
57280,0.04839267263482549
57281,0.11868605385631989
57282,0.08250560520828523
57283,0.04713799443698184
57284,0.025190597040562698
57285,0.15853389681009628
57286,0.027896438113830982
57287,0.041965285249864
57288,0.08445523794791568
57289,0.07901129079721345
57290,0.09989491919621434
57291,0.018376180399163645
57292,0.03015391331061064
57293,0.196694261514613
57294,0.05052259664545141
57295,0.08203670907527916
57296,0.015146137037937952
57297,0.029347638164608822
57298,0.0685941593974231
57299,0.2033238051557574
57300,0.037234007551659905
57301,0.027402929174080732
57302,0.02633718820178087
57303,0.03662899488435337
57304,0.028614607186827207
57305,0.04001571335632997
57306,0.04922146665649597
57307,0.0384242207700419
57308,0.010297829134406696
57309,0.1266160685182953
57310,0.07373304670199396
57311,0.021453753853265846
57312,0.013344506374558203
57313,0.021232866533492968
57314,0.06397603414849923
57315,0.02670271725503367
57316,0.07339876089696659
57317,0.076267160567562
57318,0.07569135892120316
57319,0.09158933073050997
57320,0.04236570995663492
57321,0.025698475639093655
57322,0.05022301651762804
57323,0.059782652308040085
57324,0.16198941802489825
57325,0.16832207662617
57326,0.022840596083689775
57327,0.04475040191481941
57328,0.05713678459638283
57329,0.26044698049809006
57330,0.05356265692457194
57331,0.04398494886288699
57332,0.013862183014668635
57333,0.03658072762622361
57334,0.07280848692577997
57335,0.05760444648620401
57336,0.056791870331328556
57337,0.2976376486399755
57338,0.03314522561472684
57339,0.011867389050294773
57340,0.10817197146227053
57341,0.04402335271705308
57342,0.04939397078001044
57343,0.031206782889457416
57344,0.05731063067122005
57345,0.015004146259563393
57346,0.029638162544164542
57347,0.03860688847156331
57348,0.041993160398856866
57349,0.03237690353517588
57350,0.03621786436866253
57351,0.0979119379583922
57352,0.08731638622589609
57353,0.011953901585939284
57354,0.11852503764092166
57355,0.027816885667375613
57356,0.07180224776660608
57357,0.040625029977588566
57358,0.06881163892212985
57359,0.08394900491260114
57360,0.17092422804876717
57361,0.05554905122464765
57362,0.023084533526150364
57363,0.02647291163308061
57364,0.024659259357467454
57365,0.04712037748685852
57366,0.017509099723006894
57367,0.038532090354704444
57368,0.09227186258369494
57369,0.013440179726612562
57370,0.03384366406707478
57371,0.023135995470011165
57372,0.05438243604771617
57373,0.06599424084638551
57374,0.014982402739981504
57375,0.22842182391832566
57376,0.014495719150653594
57377,0.03861312862983643
57378,0.05929659037027685
57379,0.22378858339429464
57380,0.10488560328031948
57381,0.13135885726355315
57382,0.051359370292585596
57383,0.3554136356478291
57384,0.035689816099283046
57385,0.009295375515852135
57386,0.09342006768781524
57387,0.017726204924267575
57388,0.04356955428686443
57389,0.034453757253497315
57390,0.15655887084548106
57391,0.027937782501137834
57392,0.4719886945543507
57393,0.030278320896338272
57394,0.03242756563934156
57395,0.032446979913898825
57396,0.03379037877800066
57397,0.1568245591382644
57398,0.17958972994333533
57399,0.030847845621131232
57400,0.020400165664370792
57401,0.05564220294045174
57402,0.018577265547798337
57403,0.05203191951412094
57404,0.03943924813537829
57405,0.03189314064469769
57406,0.018287683285447637
57407,0.052039075618448324
57408,0.030343234072250622
57409,0.10555127707437242
57410,0.08105077665092965
57411,0.042223407034790064
57412,0.18285433130488876
57413,0.09178025711743165
57414,0.05731619647104294
57415,0.10685346292839354
57416,0.018119427401795257
57417,0.020348534579328708
57418,0.016396562372998354
57419,0.05882227930212097
57420,0.028246771127570874
57421,0.16361407025551758
57422,0.2937851954046804
57423,0.05246909723983481
57424,0.017819508815328115
57425,0.016945018569286208
57426,0.02002160192295959
57427,0.03173304961117589
57428,0.05455366368228169
57429,0.04120789940521294
57430,0.0576150451055111
57431,0.04031157392770608
57432,0.1075516308782182
57433,0.15218722252912073
57434,0.050846443049541945
57435,0.1713666056370616
57436,0.05300180585683734
57437,0.31004458952223257
57438,0.08420710814489397
57439,0.05397471737523937
57440,0.016168426737892923
57441,0.030266451956646522
57442,0.05063622827475511
57443,0.10451371313105487
57444,0.05830191770185696
57445,0.05215341181689133
57446,0.11846963782850034
57447,0.038372439933584065
57448,0.04420843849046814
57449,0.12717221553694935
57450,0.07091282140114338
57451,0.015752376152241027
57452,0.04173023732869872
57453,0.07625812481496969
57454,0.03198937476044371
57455,0.012287189394956044
57456,0.007563135963093985
57457,0.08111370484109398
57458,0.12367288129517075
57459,0.05680080006314314
57460,0.0413569981864535
57461,0.020678962082955325
57462,0.021951742294158944
57463,0.10351904764095297
57464,0.016754375791303847
57465,0.04955910855770238
57466,0.02485315830393771
57467,0.12438329755870459
57468,0.014665480973040015
57469,0.016014221675007104
57470,0.06391214248135632
57471,0.013426905529029661
57472,0.08714911676233253
57473,0.07198714472491627
57474,0.045590154065347305
57475,0.023077413461146015
57476,0.0991691436083871
57477,0.06748847419157522
57478,0.08643706722370727
57479,0.03746379700159868
57480,0.04286592772143924
57481,0.09021977085561975
57482,0.08518360067178714
57483,0.019180839075589616
57484,0.02508433375233452
57485,0.043491441844175346
57486,0.11756813665379151
57487,0.01407036785886585
57488,0.13048007004943601
57489,0.014889575585290984
57490,0.04399681831360327
57491,0.08815126763539749
57492,0.015515449404203054
57493,0.021768850480513954
57494,0.25818742161694475
57495,0.0775310941487643
57496,0.033060928907565006
57497,0.05876575401154989
57498,0.022159560665130668
57499,0.09236120629213047
57500,0.12227094212164304
57501,0.03505152803836186
57502,0.07611584514112157
57503,0.020602286941992325
57504,0.08241800370588298
57505,0.17384001332146265
57506,0.048861462179340544
57507,0.01822496576054726
57508,0.06131644472676291
57509,0.03330279299649848
57510,0.11285586272433029
57511,0.02941157065978188
57512,0.07472812987269717
57513,0.02402734887530606
57514,0.11062095980535105
57515,0.0547443455842587
57516,0.017199354946380162
57517,0.021934303635549587
57518,0.023739788152921014
57519,0.0652795933953851
57520,0.04443633291463178
57521,0.021747569048156074
57522,0.05361083649391565
57523,0.10686802682588065
57524,0.021408413219844602
57525,0.05715638203945697
57526,0.024767254590112073
57527,0.0891359888887628
57528,0.05492943454918392
57529,0.018757356710712197
57530,0.1741097357141017
57531,0.16961064686502414
57532,0.14273422644102893
57533,0.029721876564200677
57534,0.057273621431033164
57535,0.02799353789779451
57536,0.10528457627322399
57537,0.01280133326606671
57538,0.19006641424870735
57539,0.06375263203416087
57540,0.01726563771761032
57541,0.036653498865396275
57542,0.03659151207986634
57543,0.029821281040437915
57544,0.02496412245295698
57545,0.0308386424923324
57546,0.03623716112726769
57547,0.011076920793353396
57548,0.018176499529087453
57549,0.009987854625420164
57550,0.03390770350792629
57551,0.029426411121205434
57552,0.1410658073523799
57553,0.058912896338349216
57554,0.050895449515976986
57555,0.012577907490477066
57556,0.009868308513447572
57557,0.03940712784226522
57558,0.0943297951611061
57559,0.029724757277332196
57560,0.03715362200612145
57561,0.09518957755715966
57562,0.02594217151476837
57563,0.0220916752703441
57564,0.012002269142931732
57565,0.041357493844501075
57566,0.01385214960330653
57567,0.16396548138033348
57568,0.009419430691926097
57569,0.026066870912476836
57570,0.05980564505202193
57571,0.061272498280759924
57572,0.023705729498458103
57573,0.025465322617223812
57574,0.07656133117868784
57575,0.022621969708027115
57576,0.09891158660756869
57577,0.07690006383658467
57578,0.027537544568345302
57579,0.026054519014697564
57580,0.018285049852855235
57581,0.026812757696729233
57582,0.021793308984272113
57583,0.03307580114161188
57584,0.020289208277051864
57585,0.055966510032123544
57586,0.04149457270778653
57587,0.03916131417284389
57588,0.01642581965189791
57589,0.05466573150294469
57590,0.053533852419375125
57591,0.03645349575892169
57592,0.09810211825661622
57593,0.08469269045454453
57594,0.03072993525414273
57595,0.024309835681069446
57596,0.04116091450287343
57597,0.08945314834224913
57598,0.019838321721764446
57599,0.12712102576612316
57600,0.04342921450512738
57601,0.08470766942991721
57602,0.06495382407279633
57603,0.023096083314423428
57604,0.03837568429267628
57605,0.0825548438539928
57606,0.09368119808425264
57607,0.007264316338193382
57608,0.027340134804577563
57609,0.18726611754800407
57610,0.03517090083759031
57611,0.018969479323110876
57612,0.027179172313826393
57613,0.050993626305008866
57614,0.016306661103523284
57615,0.06942436856031572
57616,0.012588782571495628
57617,0.04406263661291426
57618,0.02320981485961533
57619,0.012238976651094644
57620,0.030925817551648783
57621,0.03225110203589805
57622,0.011553422773073974
57623,0.20654571743827338
57624,0.012785263888276685
57625,0.17115498872092005
57626,0.058771038801897754
57627,0.059531480824420856
57628,0.04622352325811839
57629,0.044599721800085736
57630,0.02534802986058403
57631,0.10608804535237396
57632,0.0762031720636029
57633,0.03523824138274874
57634,0.02023555304542479
57635,0.01661941432423459
57636,0.14749857662795207
57637,0.040740681887317456
57638,0.02264103744503264
57639,0.13744030373330127
57640,0.06378050521750163
57641,0.043435190557546605
57642,0.0533658992485589
57643,0.1547236070063645
57644,0.26484143334525556
57645,0.032662512449295515
57646,0.028224156423581268
57647,0.027791763235379383
57648,0.0185174763758659
57649,0.017794868452218976
57650,0.0645353386751494
57651,0.021293498159031057
57652,0.027072570308577352
57653,0.03412286728417557
57654,0.18638820144712617
57655,0.0261359269745469
57656,0.1534031430414416
57657,0.04015101838554473
57658,0.11113034582755899
57659,0.028169038656562
57660,0.07102162241851138
57661,0.060416641969569
57662,0.057921909588806254
57663,0.027316468375348048
57664,0.12222493549983993
57665,0.05881309398661476
57666,0.16024753942373274
57667,0.014141517155145725
57668,0.023404971062946804
57669,0.025651393988578377
57670,0.09366768226771437
57671,0.011428785225752336
57672,0.049980822355791335
57673,0.09852788052544287
57674,0.01793663866324503
57675,0.08550232160418586
57676,0.06330194132893965
57677,0.020350167750464936
57678,0.033938422613523644
57679,0.037110285365358105
57680,0.008335712656785777
57681,0.14146406269593648
57682,0.06212032585115935
57683,0.009428936665987585
57684,0.021119913960049988
57685,0.011911656927173294
57686,0.2911085772622742
57687,0.014963230079197797
57688,0.0375755572929448
57689,0.058769096642497146
57690,0.017479623458238742
57691,0.0618438043455674
57692,0.026900919498862974
57693,0.05901874431175069
57694,0.16591149118742968
57695,0.018018751039878524
57696,0.046467904900771455
57697,0.058176167714571805
57698,0.06041586158335744
57699,0.05087170053480619
57700,0.16654298979211124
57701,0.02335297016362387
57702,0.14711939301853166
57703,0.025472216641157848
57704,0.025692383624701248
57705,0.07529359972899746
57706,0.011705352057429017
57707,0.03861011681596198
57708,0.030504407645995334
57709,0.09261848798183493
57710,0.017544576624044992
57711,0.025933799658029576
57712,0.05636973563293869
57713,0.06665707655726957
57714,0.18424346610670664
57715,0.01211535141666651
57716,0.042520645009853905
57717,0.2494225220294626
57718,0.04172853723320953
57719,0.012218269673495017
57720,0.010200036835227477
57721,0.03549094836558635
57722,0.028094367940957557
57723,0.02698987258057804
57724,0.04855006578818163
57725,0.05774643831898598
57726,0.022245748878986726
57727,0.027545381506698004
57728,0.07649139476024128
57729,0.02196928595448306
57730,0.1347243525374417
57731,0.15682606964772222
57732,0.024730201870791696
57733,0.03786188202228411
57734,0.05322241150113977
57735,0.04062542116905231
57736,0.056155032485151496
57737,0.12437975278067302
57738,0.040533312163277234
57739,0.39174751293685295
57740,0.11335495182155737
57741,0.16055086027370835
57742,0.022584659181829277
57743,0.08760539082838814
57744,0.055156241224160865
57745,0.09624297737983764
57746,0.10276497095510399
57747,0.041723129524983506
57748,0.01787805583745225
57749,0.10876733025032917
57750,0.05330561073372771
57751,0.24915410485484124
57752,0.023506644699171013
57753,0.09348962216090623
57754,0.014593850019756277
57755,0.1838271610430114
57756,0.03322781854093228
57757,0.01968118694563432
57758,0.0463758576057777
57759,0.033832874628118244
57760,0.03726588153133763
57761,0.014135486952252242
57762,0.18769090197343477
57763,0.10564832119950049
57764,0.08786753670459062
57765,0.09819330339153585
57766,0.018332675297031267
57767,0.03341085762034454
57768,0.020993432522358017
57769,0.036758316602545645
57770,0.05889955805930751
57771,0.027858401684995454
57772,0.01854372111391728
57773,0.026552678404159206
57774,0.052314193486690176
57775,0.02860347380006967
57776,0.017208033825540526
57777,0.0096462155655824
57778,0.026680316147298933
57779,0.04714244692384266
57780,0.040126856029173236
57781,0.05667802321893331
57782,0.02090219369506572
57783,0.012981313656067577
57784,0.010443012009026016
57785,0.0437107744643852
57786,0.01693592491079311
57787,0.03284641209247608
57788,0.1537669863333324
57789,0.029879171840444294
57790,0.23253435310970844
57791,0.011120534541074678
57792,0.06489174207031932
57793,0.14186162633030297
57794,0.06273517062939742
57795,0.07054029568667594
57796,0.16957568036159917
57797,0.020703873909171375
57798,0.019653206501430424
57799,0.04255525533046666
57800,0.026785913532016863
57801,0.15528875520636864
57802,0.05299113041122838
57803,0.04205568576251209
57804,0.03332933347483907
57805,0.0576611970629451
57806,0.11285295299683681
57807,0.015970319527717648
57808,0.06533864168585415
57809,0.028310866199029207
57810,0.08038987060615174
57811,0.012516013825286179
57812,0.019456499915108203
57813,0.01673371926589061
57814,0.05520469287433017
57815,0.039309781370258985
57816,0.15611431816015395
57817,0.020787726275521178
57818,0.022070224594702353
57819,0.051824404587297916
57820,0.04270184712178467
57821,0.016724811441466005
57822,0.015461614136433665
57823,0.03203786091715647
57824,0.03290503392421751
57825,0.014644312397192398
57826,0.010181907070712279
57827,0.01901477412317362
57828,0.0695321067250229
57829,0.12447753930684474
57830,0.02144269970652068
57831,0.03065725394295056
57832,0.044170180845838555
57833,0.567573349401514
57834,0.067604637928936
57835,0.033683614806124265
57836,0.01967573015756565
57837,0.055160324630577864
57838,0.05234369863786527
57839,0.03129552795569634
57840,0.029539038039970978
57841,0.08460337437566144
57842,0.08071773609844465
57843,0.055874602523012976
57844,0.01824122851748177
57845,0.047231678259800965
57846,0.38723199244273354
57847,0.039165717974261646
57848,0.03358767295512814
57849,0.09098797050685789
57850,0.10109401062603454
57851,0.2010140871523583
57852,0.06567967762182288
57853,0.04247793478881014
57854,0.03196074210609448
57855,0.06827514518885143
57856,0.10058534471673071
57857,0.019300256475629524
57858,0.2306091952274088
57859,0.04168677382973017
57860,0.024617344368764185
57861,0.14420520885963836
57862,0.014891487362177467
57863,0.022053368601486968
57864,0.08561145761273499
57865,0.03860863430341264
57866,0.059584024626756944
57867,0.10185204480093811
57868,0.03231887663380554
57869,0.1464256353503371
57870,0.014003173578045775
57871,0.02438324536666547
57872,0.06074580321411091
57873,0.05539816929397868
57874,0.0269403279069197
57875,0.030455654277931676
57876,0.012259327872043658
57877,0.009314589963547412
57878,0.044255009059048014
57879,0.01307805883555716
57880,0.05130548530885684
57881,0.05210406861590812
57882,0.07345272183257523
57883,0.03850888133259141
57884,0.09502454252743409
57885,0.08243146613651833
57886,0.026145782570951532
57887,0.20383591463216835
57888,0.07925117563289177
57889,0.026091213032321085
57890,0.03335902927615332
57891,0.05007621565425704
57892,0.018247930492454763
57893,0.06612415686399357
57894,0.06556191656408354
57895,0.03178886280326981
57896,0.020991022727563365
57897,0.012679922979727571
57898,0.10517888737253892
57899,0.03723042463778146
57900,0.009391654645886411
57901,0.11848507798250252
57902,0.019020827447583436
57903,0.05529223326532355
57904,0.03527327521363824
57905,0.02653512912424295
57906,0.061503000459587065
57907,0.051376246774299215
57908,0.033609344642267336
57909,0.039105204445427304
57910,0.0501483590674945
57911,0.16435559507601094
57912,0.012127081418383241
57913,0.026916204695264442
57914,0.22742199255893408
57915,0.012464660837251392
57916,0.04306131884435486
57917,0.018731369876616687
57918,0.08526720284839509
57919,0.08357046684337413
57920,0.049914779007855306
57921,0.05754550799424156
57922,0.07713462931749339
57923,0.08801770310215105
57924,0.03840977472462467
57925,0.02355034266778482
57926,0.027381180006845057
57927,0.04051885920975481
57928,0.01726071414958142
57929,0.34440255399680153
57930,0.017379727765655887
57931,0.025665690279705593
57932,0.050128353826539504
57933,0.015498011064995532
57934,0.03210930511362903
57935,0.028655903989699555
57936,0.030909435772866166
57937,0.1073579482396985
57938,0.013945194551165142
57939,0.016901950665475455
57940,0.08742643507566716
57941,0.032468128806326144
57942,0.056983991348749985
57943,0.012760762259572069
57944,0.009280896140972671
57945,0.10345090481263353
57946,0.027432472549427975
57947,0.04978820853872969
57948,0.022461178244111566
57949,0.016261860316186608
57950,0.01582773930016072
57951,0.05772008464287578
57952,0.03753080421719512
57953,0.07154811484417617
57954,0.06694890109292302
57955,0.02933527939535839
57956,0.26058258038574705
57957,0.04868664424057531
57958,0.052370976972789626
57959,0.036278378376921064
57960,0.026755882029766934
57961,0.06569393607530784
57962,0.03516062845814603
57963,0.2902607735370972
57964,0.03796337421462141
57965,0.09336620769788673
57966,0.04540872050789862
57967,0.08678691204661855
57968,0.328526212073041
57969,0.096171015055668
57970,0.016058030824765746
57971,0.10211320670567807
57972,0.008390388068461974
57973,0.045212305728809715
57974,0.12388959635109748
57975,0.021364892294271458
57976,0.12508532340253317
57977,0.06880736510078335
57978,0.058087505182580615
57979,0.07312000048084602
57980,0.04455037997749071
57981,0.051439676678969544
57982,0.3666481104688363
57983,0.02478566747136242
57984,0.008052651423301244
57985,0.046764343377508864
57986,0.04303644591156214
57987,0.028223155488620533
57988,0.016098505926999518
57989,0.019550652569900955
57990,0.013733169536504039
57991,0.024720443130838467
57992,0.05140341952009362
57993,0.04699355609326013
57994,0.030219188494448948
57995,0.026343368685407084
57996,0.06964055589353386
57997,0.06262887616081167
57998,0.08968261099153427
57999,0.05000208580939024
58000,0.02087428925904599
58001,0.02859643433310552
58002,0.017846805449997255
58003,0.09928008017812137
58004,0.04692171835989326
58005,0.10473332181641141
58006,0.05083914491860999
58007,0.37631287348208997
58008,0.03022882508272825
58009,0.01797888505178563
58010,0.013126652639407588
58011,0.03455244826052029
58012,0.126174648094785
58013,0.018285362766960016
58014,0.04499846930328442
58015,0.049703346752577954
58016,0.03913221448310588
58017,0.03958539996369579
58018,0.08359454671612865
58019,0.030799745142499495
58020,0.17078530165644823
58021,0.11174962505357619
58022,0.21747039889952713
58023,0.024601782690798248
58024,0.15146459774493137
58025,0.027415145098023643
58026,0.037577319755007395
58027,0.030026846014776266
58028,0.01715310469071305
58029,0.03307055901969162
58030,0.04005068289465387
58031,0.10804189562017735
58032,0.15893317225043108
58033,0.04009036324232204
58034,0.0805488387973547
58035,0.08803058999525663
58036,0.10914352259994876
58037,0.012013112484200176
58038,0.267052113330148
58039,0.04184078872957771
58040,0.07527137030382253
58041,0.2478023024507283
58042,0.02922822736114052
58043,0.03367098451146269
58044,0.09203736388791128
58045,0.0924440658941667
58046,0.022297003394793964
58047,0.024361300242733672
58048,0.05773853965411798
58049,0.030605027346361155
58050,0.04215978083997898
58051,0.04134476808351358
58052,0.03283506576898668
58053,0.024787124887565275
58054,0.028017075446938263
58055,0.026415286623246177
58056,0.019920799093639033
58057,0.08121580138793741
58058,0.3972653593910434
58059,0.06816266418235171
58060,0.021606100440293298
58061,0.007397083197631828
58062,0.1396553998719714
58063,0.035077589781153926
58064,0.012793019977538778
58065,0.056450651726521764
58066,0.15562884599247578
58067,0.02330418715256395
58068,0.03709093413935757
58069,0.03833298051728825
58070,0.15771124665953234
58071,0.1835868252689381
58072,0.04238384125282074
58073,0.029480865743887585
58074,0.023500464074704876
58075,0.019209872233942403
58076,0.05386561639211857
58077,0.036097500820809085
58078,0.03577968182836903
58079,0.03652045794447466
58080,0.015952352580972124
58081,0.06475273367376584
58082,0.026165425416261247
58083,0.022639283544613233
58084,0.02768826195461182
58085,0.024393516899392904
58086,0.08224144919412797
58087,0.038339709197989
58088,0.042473354290025925
58089,0.032642666574039
58090,0.026828551531668784
58091,0.0363911502383361
58092,0.03412960407072862
58093,0.04275466876328065
58094,0.10476623826823916
58095,0.028090269983051138
58096,0.04784357602317355
58097,0.058406096000290175
58098,0.023552757074392045
58099,0.10670947250904342
58100,0.042145748391304964
58101,0.39146139983734907
58102,0.00960986920450654
58103,0.07986156982944852
58104,0.12806524454366766
58105,0.04317412144638548
58106,0.04601255733381614
58107,0.09015580762515035
58108,0.013257789973157533
58109,0.024870833986149657
58110,0.03520460929513748
58111,0.06981994952600866
58112,0.015329905357447542
58113,0.07764695068298647
58114,0.0747139214278833
58115,0.03066736789618155
58116,0.07198749113199443
58117,0.014450157244291698
58118,0.013780882268874098
58119,0.10783642986082695
58120,0.03443387104739571
58121,0.037367715967845806
58122,0.08530255602385521
58123,0.06385397021108355
58124,0.023069174226351356
58125,0.023385476294960957
58126,0.015264086966391184
58127,0.052702157932523676
58128,0.014726166366141394
58129,0.03349085957092721
58130,0.041395278638960885
58131,0.13665091120569806
58132,0.14777145012120876
58133,0.06390253676969516
58134,0.044489892219136885
58135,0.018839520815943336
58136,0.07051213272406813
58137,0.08078606679640142
58138,0.11650932575337994
58139,0.012213880362375038
58140,0.05251736487195893
58141,0.11428622725936999
58142,0.027468607887557152
58143,0.015673603464694652
58144,0.01600377191869326
58145,0.06182328915865668
58146,0.02833586001714547
58147,0.01891866002930462
58148,0.01610047530198926
58149,0.02282729761638962
58150,0.015281606849289232
58151,0.012418266907312282
58152,0.05339480032749404
58153,0.05492004389651631
58154,0.024616325955873156
58155,0.05808554831790092
58156,0.1358868143027896
58157,0.02647062359932003
58158,0.03973305024181664
58159,0.19046560196195045
58160,0.01798294360311854
58161,0.07931190351143343
58162,0.2139602515159269
58163,0.09037109197312745
58164,0.037270764547349525
58165,0.01294799112536125
58166,0.036088641487278326
58167,0.024916217014104455
58168,0.12196303146204529
58169,0.03275947657858727
58170,0.018960239075019803
58171,0.16503611719587977
58172,0.013971011617191251
58173,0.033182362514529135
58174,0.05057548279877313
58175,0.05098372932359224
58176,0.08162621678967115
58177,0.08828086581854282
58178,0.05974594612583589
58179,0.019692162439655977
58180,0.026064803100185184
58181,0.0334324185729898
58182,0.07748249497977375
58183,0.07599587790966228
58184,0.035011559262747356
58185,0.038787333916764206
58186,0.028634674826145342
58187,0.013516734689014745
58188,0.017621154955683345
58189,0.021389873663339158
58190,0.033204141142531084
58191,0.030808988488575263
58192,0.08686608640184851
58193,0.04406238210726211
58194,0.03197071636295013
58195,0.0247283648317511
58196,0.013260418996163334
58197,0.10555313216004056
58198,0.11429309451448269
58199,0.025193033973129973
58200,0.10532122706016837
58201,0.051031425991202126
58202,0.11498460899079245
58203,0.0644719981144846
58204,0.022804626031777474
58205,0.03576273645201545
58206,0.12700233330715754
58207,0.043474635304677614
58208,0.0496168663037025
58209,0.045832448552167594
58210,0.03999503954279411
58211,0.014983774425776064
58212,0.020839877978468074
58213,0.019982151171696976
58214,0.05980448349731371
58215,0.0792772216609468
58216,0.038474737328144326
58217,0.04976713827546467
58218,0.10516720844573461
58219,0.022550473237062094
58220,0.03504248644718845
58221,0.04030430934481647
58222,0.037725483189429525
58223,0.0699678335697885
58224,0.031525826783499654
58225,0.0344257736302383
58226,0.01415845360429732
58227,0.12419969616067794
58228,0.14234795246841622
58229,0.13572534888840632
58230,0.10591244772148851
58231,0.01831130066415641
58232,0.0923321966628705
58233,0.0194761812539036
58234,0.06088506838233653
58235,0.0861259544914896
58236,0.15383473314489468
58237,0.06000733978445189
58238,0.03523158043602856
58239,0.022466095526696695
58240,0.025265989725374124
58241,0.057526136618994854
58242,0.02024133369917707
58243,0.02312084780890465
58244,0.06774644747711432
58245,0.028384132041303467
58246,0.01903635895877195
58247,0.01612262805364652
58248,0.033982555184732775
58249,0.014677537385618455
58250,0.11754505135035984
58251,0.013367752308213634
58252,0.036298966528307816
58253,0.05604063667925606
58254,0.10777700140871695
58255,0.08712547704539751
58256,0.07291911951512968
58257,0.05767970891563649
58258,0.16386989949664263
58259,0.08693261109279905
58260,0.06025610119680667
58261,0.035621161485913315
58262,0.11772581589974765
58263,0.04863580547284539
58264,0.04958795692613095
58265,0.03786096971748095
58266,0.014899627255113977
58267,0.06280675747094588
58268,0.03102373944404689
58269,0.034273361747012426
58270,0.05562113644075528
58271,0.218847431709866
58272,0.0927288984214185
58273,0.07746943625061484
58274,0.023584541560127265
58275,0.017424593056416155
58276,0.1109858454429061
58277,0.05045989769736709
58278,0.038621196585418335
58279,0.17677380393413064
58280,0.02803806535561649
58281,0.048325806184337516
58282,0.034005903680577855
58283,0.03789181237273488
58284,0.044039529468349825
58285,0.05630319476916338
58286,0.055896247902877214
58287,0.061061643198444135
58288,0.08722725243515533
58289,0.04026712935686545
58290,0.016808231282026263
58291,0.08185570565948229
58292,0.027775823565487356
58293,0.05113383069432319
58294,0.03602190273306883
58295,0.02052955215790049
58296,0.11702579254843466
58297,0.025912915766740156
58298,0.01670429938683235
58299,0.021790104389624712
58300,0.1462393239753788
58301,0.05780893772216819
58302,0.042570884240770476
58303,0.01087438181288278
58304,0.05839272114630846
58305,0.013121404779135152
58306,0.03922292573576139
58307,0.027202882168352586
58308,0.013667742369480389
58309,0.034776326837122576
58310,0.04800079931769663
58311,0.0431878127745768
58312,0.09759802383793706
58313,0.019749020705745083
58314,0.06501023362116684
58315,0.0156121801647825
58316,0.04223285687268484
58317,0.02355952778998733
58318,0.03024165804981842
58319,0.12411695820368485
58320,0.12081039749281905
58321,0.018266660346879272
58322,0.04974919712248187
58323,0.019222656530361888
58324,0.062412999042178015
58325,0.027261832035308714
58326,0.020031346032824304
58327,0.08940387663158628
58328,0.018487455715017784
58329,0.07939139590856621
58330,0.10509296548517875
58331,0.07074899569217787
58332,0.03058500746831328
58333,0.016154349695649557
58334,0.016981364639134584
58335,0.04590968576846192
58336,0.042391897927448595
58337,0.11462926264075758
58338,0.05503802300772262
58339,0.0772706640406758
58340,0.038827133340029144
58341,0.028419081704551468
58342,0.12517320958474534
58343,0.011859693368765488
58344,0.04975149371483518
58345,0.10346122058913104
58346,0.18972564073169484
58347,0.05218345593771102
58348,0.03234224115730171
58349,0.041369950538994005
58350,0.26480337031528756
58351,0.018994101378630543
58352,0.055134589452352153
58353,0.04222447927516531
58354,0.03498858035874129
58355,0.015328356367281002
58356,0.1058649362188181
58357,0.02854199528269679
58358,0.04044986377763633
58359,0.032081278292522185
58360,0.055234500653004295
58361,0.15401711062843912
58362,0.07703657370798558
58363,0.03604955095110636
58364,0.07552188392932939
58365,0.0470768597411582
58366,0.02051412892623248
58367,0.028015158969166155
58368,0.013016473239174726
58369,0.01945337388840038
58370,0.04955393385119029
58371,0.1327812388791447
58372,0.012141086397314475
58373,0.012856168882755967
58374,0.025859670487968042
58375,0.036989492277565
58376,0.13341819798424398
58377,0.0428704129600957
58378,0.08363886729908676
58379,0.020434883441885595
58380,0.1569065896557661
58381,0.03722926520806556
58382,0.035351037158109236
58383,0.02096863001230166
58384,0.011486720817797055
58385,0.039224150762561125
58386,0.02362966933785419
58387,0.04860947475051055
58388,0.014808505799657517
58389,0.026043735847122537
58390,0.03557093612986416
58391,0.033057613946848786
58392,0.028372595308647733
58393,0.1419939674812678
58394,0.021114550188031534
58395,0.05998246214890971
58396,0.016204281384242923
58397,0.01758130380492667
58398,0.013955924304054432
58399,0.05633857896200989
58400,0.05997241195208498
58401,0.0324752210961339
58402,0.030921964739823685
58403,0.02204206409875089
58404,0.8969960346639003
58405,0.02846558502608792
58406,0.04900293857788702
58407,0.3450836414627057
58408,0.05010917176514506
58409,0.024550346758550366
58410,0.01248380394982158
58411,0.11324737022412645
58412,0.13833144723918608
58413,0.06860639645232486
58414,0.060724458226511485
58415,0.09499378443916312
58416,0.054236220715345146
58417,0.03550106416098558
58418,0.0461294349413644
58419,0.019275155540424773
58420,0.1903525443627567
58421,0.08378140530038007
58422,0.019917514761518346
58423,0.20840929782333917
58424,0.025044918105468366
58425,0.0259886220542308
58426,0.021203919409634592
58427,0.03248497272395891
58428,0.05206238699396815
58429,0.027791547132066472
58430,0.13665396987849082
58431,0.01902508770162977
58432,0.07807758545531795
58433,0.07338864763462978
58434,0.05029416511804714
58435,0.01597511500498889
58436,0.13564298114256748
58437,0.046009344365257845
58438,0.04330878711052982
58439,0.0984772129534671
58440,0.030940671333251152
58441,0.09206737572219938
58442,0.061391677901625565
58443,0.06620036898071952
58444,0.05794615559086316
58445,0.07984592686184047
58446,0.020754831583692592
58447,0.00957158016908713
58448,0.24458483460751534
58449,0.04289785145909601
58450,0.10400858931815302
58451,0.03252225635179805
58452,0.07625833992434308
58453,0.0101210648374881
58454,0.3177771908660032
58455,0.06780693517976466
58456,0.14586562997937613
58457,0.10831022481282825
58458,0.021083399628198468
58459,0.03482759674651687
58460,0.1983797198652367
58461,0.06224446315330011
58462,0.04583028052044158
58463,0.06257308262265165
58464,0.04372495205841254
58465,0.03208132909167556
58466,0.0530262854138569
58467,0.01631035458645379
58468,0.07209594093325511
58469,0.06540482575160853
58470,0.18338755687458805
58471,0.07866065300230374
58472,0.09752887540808808
58473,0.026698440370913287
58474,0.011618805829513947
58475,0.006883430470118808
58476,0.04134405419490955
58477,0.14896869520525471
58478,0.04662793814224836
58479,0.12949752786030327
58480,0.019252112108200766
58481,0.023772772566071562
58482,0.3215217661416414
58483,0.5061785611571563
58484,0.1228398582093606
58485,0.03544368689566432
58486,0.05968432086547075
58487,0.0328510337482278
58488,0.08939265267334497
58489,0.030678629866735346
58490,0.02175764226458736
58491,0.019068621181541654
58492,0.017686056196991214
58493,0.016165916832508315
58494,0.1490040857185377
58495,0.029232864413577912
58496,0.027181260864757133
58497,0.15763955839803256
58498,0.056847210961843295
58499,0.07040835054204603
58500,0.035151050632514405
58501,0.04210580945705855
58502,0.017035148910978886
58503,0.0269065137024379
58504,0.0962188136552855
58505,0.046139853156665564
58506,0.2208029891550627
58507,0.04271895415951968
58508,0.02756692751187864
58509,0.10502772210739883
58510,0.021697428108803558
58511,0.018614843231731595
58512,0.019260327682241122
58513,0.020548471061468593
58514,0.08559105259458191
58515,0.0866582452239403
58516,0.030018117829984918
58517,0.03672646020169594
58518,0.06237217981131925
58519,0.1305764121597583
58520,0.025875663205677493
58521,0.041232332655433086
58522,0.020516741175913743
58523,0.017950705842117817
58524,0.05234863429906709
58525,0.10513495909129134
58526,0.03017159241639308
58527,0.05348115718909348
58528,0.01669023804220686
58529,0.05891819644338141
58530,0.046225660942297506
58531,0.02073403576350657
58532,0.023142321480933915
58533,0.024246000839161053
58534,0.018076523195644543
58535,0.02296498155064772
58536,0.016531998640909318
58537,0.04836105859156005
58538,0.0809732624371501
58539,0.2488263212663863
58540,0.015346741853751997
58541,0.23969775312403788
58542,0.021005827518903522
58543,0.1068129427314601
58544,0.10113446386921361
58545,0.10003178211514703
58546,0.08604624342244947
58547,0.06562880904703491
58548,0.04994069717977186
58549,0.2480803775131284
58550,0.03477293215830145
58551,0.011226617025610494
58552,0.033706417752896796
58553,0.010936935910782545
58554,0.046548662203804804
58555,0.01327222275016127
58556,0.016497080024377934
58557,0.07006346507435507
58558,0.14284110913757253
58559,0.025385820117570276
58560,0.04233145239804003
58561,0.01553640356646961
58562,0.015384691797675012
58563,0.02147789667072872
58564,0.03506104609856879
58565,0.011205573129847598
58566,0.027765624317987896
58567,0.022357597178909377
58568,0.020131135671749536
58569,0.01271779023796508
58570,0.058973058771604456
58571,0.04596283612488255
58572,0.021901364550664482
58573,0.7224594805819328
58574,0.0365415787400966
58575,0.05226947231614749
58576,0.31321649479153874
58577,0.03436318084682774
58578,0.017029028127445348
58579,0.09465021842322525
58580,0.022733685897128944
58581,0.025262277193183295
58582,0.08780882316951767
58583,0.03838211030720394
58584,0.06058961969913967
58585,0.31544819927636863
58586,0.11203065064237283
58587,0.11164293389640985
58588,0.029151529619499687
58589,0.053276720765982354
58590,0.0225891211104521
58591,0.05166131732130742
58592,0.019076369113484315
58593,0.14190456196384676
58594,0.03718494789660444
58595,0.024478365184868178
58596,0.04861595547888674
58597,0.02994310097536302
58598,0.04059754734843567
58599,0.019077041490412443
58600,0.0638450789584591
58601,0.06302891019088802
58602,0.02525936745569333
58603,0.03459177624833063
58604,0.03597368659353911
58605,0.025992594908127976
58606,0.015457261756248371
58607,0.11870491404029872
58608,0.0334399480598281
58609,0.010559655212472098
58610,0.10661081560089203
58611,0.14164656393418182
58612,0.017009581724309705
58613,0.03343427933931775
58614,0.11207851489243942
58615,0.29590901211780074
58616,0.03802124752247071
58617,0.01851902198197154
58618,0.03649391611160156
58619,0.030588925375126672
58620,0.055568366598166566
58621,0.02673982728579636
58622,0.03110342799101606
58623,0.21692941652790482
58624,0.04865264455643809
58625,0.024407551921587854
58626,0.06683076732980328
58627,0.01651239840512903
58628,0.026036528243696858
58629,0.03627026838738366
58630,0.2653566001549966
58631,0.053147808281411045
58632,0.04510347292107482
58633,0.024639281849085724
58634,0.14538509031612878
58635,0.08196561410196272
58636,0.03288717238934363
58637,0.03139997092709945
58638,0.022207236992243584
58639,0.03641233314767997
58640,0.041891072725835074
58641,0.20897153012052994
58642,0.012244714705014231
58643,0.050714058825847466
58644,0.011394517440788463
58645,0.046391399701452445
58646,0.03674820095747225
58647,0.15154882652267876
58648,0.03680472580206544
58649,0.025115478991764976
58650,0.08024989993390097
58651,0.05149219364566222
58652,0.06403428963070591
58653,0.1322021703238992
58654,0.07562583492989373
58655,0.12536844294323213
58656,0.01952284343931774
58657,0.053562068708701074
58658,0.06007490427787062
58659,0.05289211084591902
58660,0.0688907422751139
58661,0.05676542927002048
58662,0.023125018191805197
58663,0.04626429414027411
58664,0.08529276493052561
58665,0.07285403254041155
58666,0.0283504885264185
58667,0.084893575060264
58668,0.06586371219791246
58669,0.08532923393002545
58670,0.1607267972197478
58671,0.030350563345075837
58672,0.10383525526408385
58673,0.06005546999227617
58674,0.01153908018314852
58675,0.1602074987115501
58676,0.12932708753669742
58677,0.14110230066685767
58678,0.019683337869882387
58679,0.04435443632971099
58680,0.043401659398600495
58681,0.10405862452551097
58682,0.034430961056426714
58683,0.071491467919025
58684,0.033364126365468316
58685,0.039061507101213706
58686,0.020232845618449263
58687,0.07124675035682554
58688,0.0738276242629064
58689,0.07708871105226703
58690,0.053725349191839036
58691,0.010007529623354163
58692,0.061687564730113206
58693,0.4308224096912841
58694,0.103246403590181
58695,0.16816262474380364
58696,0.1251675257963962
58697,0.1519947268549529
58698,0.03526418640190298
58699,0.07342438610546997
58700,0.08966845000008998
58701,0.047634590022907895
58702,0.07692822016620857
58703,0.07999979773026533
58704,0.07126355323505629
58705,0.13492231699445562
58706,0.04837920300219361
58707,0.01574876425493483
58708,0.03513120736692365
58709,0.03303732153630065
58710,0.02317571480590691
58711,0.024441771832369175
58712,0.2126577317298599
58713,0.0197702523531157
58714,0.03216276867588828
58715,0.06973889817804386
58716,0.011521637858859377
58717,0.040042628862877364
58718,0.04760680611810328
58719,0.058085127299446176
58720,0.036928426114838604
58721,0.08168149569031767
58722,0.06662919063545071
58723,0.08237128888012461
58724,0.13147741224623427
58725,0.064750581583386
58726,0.029434044464237107
58727,0.15492015381305163
58728,0.047390119829075476
58729,0.02098881955369195
58730,0.061338577495662856
58731,0.021339682957981394
58732,0.08643206360485413
58733,0.09891098693835022
58734,0.04358848564194226
58735,0.03815919852370515
58736,0.25857311830504826
58737,0.016477873372240756
58738,0.10169905905979168
58739,0.014940022027855469
58740,0.0479646407372602
58741,0.04409203573457602
58742,0.0764224234272168
58743,0.04260433552972477
58744,0.20448870295654362
58745,0.0376285170987415
58746,0.09818902570429075
58747,0.11286685603435184
58748,0.01995928243294828
58749,0.02123903715490949
58750,0.07062378692860026
58751,0.037774847628702604
58752,0.08965451028992825
58753,0.040172473191513416
58754,0.017203204664568546
58755,0.012637437366271998
58756,0.03468947677088922
58757,0.060782874360098466
58758,0.15610288001561867
58759,0.033744224573627885
58760,0.05267641389862489
58761,0.0908828035945491
58762,0.2138726832077071
58763,0.051474079813505026
58764,0.020773013328761688
58765,0.031215669606195602
58766,0.04515492546155642
58767,0.2199311506151177
58768,0.02599201799583283
58769,0.11417810853461617
58770,0.0363325171275633
58771,0.049608460262152994
58772,0.10571075468006579
58773,0.06423710789655562
58774,0.08275971817021871
58775,0.07398705694271876
58776,0.0756973320835892
58777,0.04302698518050572
58778,0.06603638179561368
58779,0.18495127587372615
58780,0.039827264380657326
58781,0.03136196299602894
58782,0.1387870815932126
58783,0.07164233919101794
58784,0.11623453787694348
58785,0.03991437050951856
58786,0.05224292981269091
58787,0.15142068127342473
58788,0.12557957438636125
58789,0.09856889773288882
58790,0.047477733421200215
58791,0.08389884235112818
58792,0.12067840004962183
58793,0.025998142398156135
58794,0.1418743094594811
58795,0.04158646625287814
58796,0.018345785949469787
58797,0.015006097189483694
58798,0.018504695322342224
58799,0.04178510170601217
58800,0.038653033836490186
58801,0.017903245057904953
58802,0.021660458704905447
58803,0.012627816621324443
58804,0.0199617796373085
58805,0.05414805108009495
58806,0.02711826668030575
58807,0.028085327058876085
58808,0.02132839696577772
58809,0.052381014754660435
58810,0.03840925464755002
58811,0.10876458245321133
58812,0.027001533445565586
58813,0.07983267106937489
58814,0.05400575889312724
58815,0.018163691280574566
58816,0.13425591344649826
58817,0.06795119518488622
58818,0.11492204271529713
58819,0.016578470021667614
58820,0.14817795895399935
58821,0.050816303506426436
58822,0.022591995844830556
58823,0.11396983070616404
58824,0.05522557920013017
58825,0.012366184983615053
58826,0.013143028589315113
58827,0.12560881396612594
58828,0.015846672111693536
58829,0.03194452738999457
58830,0.06764447035877448
58831,0.014981059286302608
58832,0.028920908476816824
58833,0.01531045015741887
58834,0.0772512990770331
58835,0.030617989376764743
58836,0.020417245758234386
58837,0.06613926506788531
58838,0.060050291806318504
58839,0.02100522546075121
58840,0.05862497840395907
58841,0.05381562832040003
58842,0.08109683060118696
58843,0.014845275813482006
58844,0.028024914320003286
58845,0.13131047168951804
58846,0.04276584985390547
58847,0.053832224017269246
58848,0.055521431953962724
58849,0.029104330128591288
58850,0.039034536278705
58851,0.2012114678263467
58852,0.019966497508595013
58853,0.020961611311233194
58854,0.25930491917499215
58855,0.024552386228572216
58856,0.10666352147232641
58857,0.045731925982106715
58858,0.08029417980995522
58859,0.035559255387118266
58860,0.010833093284751563
58861,0.016560115373660804
58862,0.01329908309109662
58863,0.12129102412015125
58864,0.1188362009743612
58865,0.09818416369283527
58866,0.1545787549354251
58867,0.0888304516741491
58868,0.012780186365789242
58869,0.1875736460233679
58870,0.051265118479801836
58871,0.2589987303714361
58872,0.015819625117631853
58873,0.02076877301345363
58874,0.1186476999347082
58875,0.08200009017026416
58876,0.13931465364795667
58877,0.17940998613124948
58878,0.01706147354821369
58879,0.10378296729060564
58880,0.15277786044930045
58881,0.012518697161886682
58882,0.020530124253856166
58883,0.013755518537919474
58884,0.11274024771330213
58885,0.11090786790852775
58886,0.038537057917001606
58887,0.05993560791713602
58888,0.04756120010551554
58889,0.09067788779423273
58890,0.032431197250506485
58891,0.07662640987530124
58892,0.020377508666955653
58893,0.33751704530350524
58894,0.02912166568899658
58895,0.012678615310711102
58896,0.05476403382931554
58897,0.028626470717128212
58898,0.03131475995335394
58899,0.042740004414158955
58900,0.1348730473521795
58901,0.021096774650296368
58902,0.022844066933602355
58903,0.048945013521044
58904,0.13921584093289557
58905,0.25511945295198657
58906,0.015868275125990348
58907,0.012718854038768657
58908,0.03839093257997939
58909,0.03401079870178216
58910,0.019866396424451996
58911,0.06851984295287578
58912,0.09894548188557682
58913,0.08420952553469842
58914,0.012720851576973372
58915,0.01628980770521478
58916,0.1790666020535043
58917,0.03681616532989785
58918,0.01848607005596839
58919,0.024077698394163835
58920,0.04468846722190475
58921,0.14354600584342314
58922,0.1511672494446692
58923,0.10176294637097685
58924,0.030064374965177755
58925,0.0303461645548292
58926,0.024799717308961362
58927,0.25992195895444564
58928,0.11770100737107235
58929,0.13044883435924093
58930,0.16930371052976328
58931,0.04184604504550446
58932,0.07955340508062239
58933,0.019095991285617037
58934,0.012327789871917308
58935,0.13650948495763757
58936,0.043351962546801015
58937,0.027113351507540427
58938,0.015724564593354754
58939,0.039117706038431656
58940,0.028814576121674672
58941,0.03152038099543172
58942,0.030703625180022814
58943,0.05275481601430035
58944,0.026466331910531448
58945,0.014499490111115673
58946,0.10377556144115709
58947,0.04664945225094593
58948,0.016174344192516878
58949,0.02314953566230707
58950,0.05200269891084426
58951,0.08178645922749658
58952,0.0190927463763694
58953,0.07732689884369974
58954,0.03147344917813655
58955,0.018010195067044307
58956,0.010830954935276839
58957,0.08370416689759569
58958,0.025469217443205884
58959,0.025328435275854048
58960,0.11407127979191885
58961,0.10632709319507974
58962,0.011833204868097417
58963,0.38457710940092193
58964,0.09034037849318427
58965,0.07255794219720614
58966,0.01662109056577138
58967,0.04821059189405367
58968,0.11776526983945698
58969,0.026096770104592937
58970,0.022765301513552466
58971,0.03837275594152971
58972,0.05367873419457637
58973,0.02454467202097986
58974,0.06973603804995224
58975,0.01726510691440356
58976,0.019537535318305616
58977,0.03148196829147584
58978,0.021430920422803493
58979,0.019118785490547935
58980,0.08633328133813176
58981,0.04064334386753363
58982,0.013577967178614658
58983,0.20252348160017336
58984,0.020698412489746246
58985,0.04401703377167315
58986,0.03884067255410849
58987,0.051837916363625315
58988,0.014278009218605791
58989,0.13871626247809546
58990,0.027736303624152518
58991,0.032746761809992336
58992,0.0837795614882986
58993,0.042761695123325
58994,0.052798357572802844
58995,0.0216254927410305
58996,0.06939224028052882
58997,0.4999549677293506
58998,0.2727252358169818
58999,0.20997279346282752
59000,0.14195057346773007
59001,0.049204119145795644
59002,0.013315601917087388
59003,0.034249352772676614
59004,0.07840740225064588
59005,0.14224803304773648
59006,0.07426737241398335
59007,0.023070145466406452
59008,0.15319114329732214
59009,0.015395038371645443
59010,0.049520527583883894
59011,0.11268862626911716
59012,0.07337749556283718
59013,0.036248110482756966
59014,0.04899373944433268
59015,0.17751839624099663
59016,0.04369753206098708
59017,0.08681842064596146
59018,0.014114552795430377
59019,0.3125976238513365
59020,0.09555036201631646
59021,0.04778285370851946
59022,0.050775707339768904
59023,0.057353818188182276
59024,0.10370702512726068
59025,0.022905331893837873
59026,0.019916727300684715
59027,0.04408112668059698
59028,0.04275149340654843
59029,0.03358497909260132
59030,0.03961849256613434
59031,0.016399784015318247
59032,0.23689138260887896
59033,0.014129464479908108
59034,0.04746625720010285
59035,0.045422658797773754
59036,0.04273752438981196
59037,0.015376444915685787
59038,0.017950280117330613
59039,0.02683420005965185
59040,0.028246598617778458
59041,0.010452191504243858
59042,0.020066154166753117
59043,0.024137186700926468
59044,0.26126121340219466
59045,0.24760713214788482
59046,0.05688402156051173
59047,0.16489943235018076
59048,0.24346517946980248
59049,0.01935165618217438
59050,0.02493472415741377
59051,0.02062839293379959
59052,0.07120959403918085
59053,0.08978471015938251
59054,0.09595041196525658
59055,0.16748660438261737
59056,0.06231616223396559
59057,0.03295095898859437
59058,0.2686922663434303
59059,0.01076555461731097
59060,0.01502040804519647
59061,0.03299835914940348
59062,0.07173814594497716
59063,0.06997705110910804
59064,0.1261652735523552
59065,0.09910537980450346
59066,0.0236878304539132
59067,0.0627073547199957
59068,0.015921238626112433
59069,0.08628691794577607
59070,0.04286703360003482
59071,0.022546300986359125
59072,0.19388443307998796
59073,0.19630954099754536
59074,0.11897294415818982
59075,0.07747442501804738
59076,0.057411165023543105
59077,0.016118459728560963
59078,0.015814423845334106
59079,0.03631241548376864
59080,0.12025902272664783
59081,0.04469618395877087
59082,0.07608135048493281
59083,0.023767831185587528
59084,0.010206664483946934
59085,0.07199222651341969
59086,0.04499517769199531
59087,0.014341980725273856
59088,0.013659000318832118
59089,0.020013864155348383
59090,0.03214231544015775
59091,0.19411366752900522
59092,0.20895773473178364
59093,0.0230119160424283
59094,0.015840250145968966
59095,0.011409477674724756
59096,0.18682468411757341
59097,0.03137544336348737
59098,0.026862852581672855
59099,0.029980393138479493
59100,0.08950728767106429
59101,0.04679591069849618
59102,0.02992747719000016
59103,0.17280640828192165
59104,0.0993204145756528
59105,0.6248741802900348
59106,0.11495126518939974
59107,0.10585963222110284
59108,0.050950743084690706
59109,0.013185119918383472
59110,0.02180130134190411
59111,0.06866589056505595
59112,0.012128246586839883
59113,0.04376295788805734
59114,0.04871567129811273
59115,0.019497866625867052
59116,0.05372813270789399
59117,0.1771233746986155
59118,0.05842446849280683
59119,0.026148220218123772
59120,0.023936797192304415
59121,0.05072769866829881
59122,0.051628617584629784
59123,0.02365835986025491
59124,0.2991806559445924
59125,0.10457975574306269
59126,0.08105894198509911
59127,0.026626476470950514
59128,0.20149514867410298
59129,0.015310279082483658
59130,0.10488664075543103
59131,0.025088783599855034
59132,0.041458470874001174
59133,0.04177583414355936
59134,0.09167347550054326
59135,0.02142271884554897
59136,0.08308859199777965
59137,0.031344805357022366
59138,0.047055549049446
59139,0.011106891043118523
59140,0.09355075125072253
59141,0.04851424997036756
59142,0.05229286115454861
59143,0.1162231625558397
59144,0.2164556325055471
59145,0.020336346743416535
59146,0.049610409051393134
59147,0.05018266956289657
59148,0.04335979398119187
59149,0.020802082801528277
59150,0.01305296857763649
59151,0.07162791757977471
59152,0.03333866492177303
59153,0.07247517543680257
59154,0.013811858349351242
59155,0.14646531194875523
59156,0.06274824791190188
59157,0.079913357521673
59158,0.0227002395278864
59159,0.04882399929187051
59160,0.017450339420303745
59161,0.04036411365251691
59162,0.026354620151281732
59163,0.26089999358380866
59164,0.07928063886210229
59165,0.04140915636308345
59166,0.0962631838507545
59167,0.2984404710618933
59168,0.06784565721722782
59169,0.06334601668973167
59170,0.027947157788618594
59171,0.09782367107838746
59172,0.017324813470231598
59173,0.029805413185387875
59174,0.13860386839398767
59175,0.04278662387426698
59176,0.05974387133244194
59177,0.04075454777360372
59178,0.021990321994483416
59179,0.01555694291320775
59180,0.048973006624024165
59181,0.009746297394111841
59182,0.10381799901284541
59183,0.12486690307241538
59184,0.06364088802673544
59185,0.031142555335484372
59186,0.08893633766570433
59187,0.047532489116687705
59188,0.061795399824594366
59189,0.03064917990627513
59190,0.02695761173852353
59191,0.041340689301986144
59192,0.3309367880416776
59193,0.026896398148229753
59194,0.03215158357295678
59195,0.019313054751608084
59196,0.09873413391391471
59197,0.15938823613620418
59198,0.029723694536137858
59199,0.04560658985662509
59200,0.11264021681736061
59201,0.1134091834343749
59202,0.049297702774323805
59203,0.02854283966836385
59204,0.025754741628407175
59205,0.038117934442626636
59206,0.05726541239267481
59207,0.013933232832731774
59208,0.03613954057914231
59209,0.027526716766061048
59210,0.039348350632764706
59211,0.03610131574328304
59212,0.016843393710806506
59213,0.31042393474831975
59214,0.08307940373500806
59215,0.02755924510152973
59216,0.015206571596686053
59217,0.01571111509500194
59218,0.012295465702877994
59219,0.10910895842756234
59220,0.06897777284456105
59221,0.12832949662262952
59222,0.09499957937408092
59223,0.13077724245955832
59224,0.030949535204655338
59225,0.09528463243596658
59226,0.03502405849996092
59227,0.05661798328809128
59228,0.35600464436480667
59229,0.05189643200296237
59230,0.027456581183259415
59231,0.042765457943006104
59232,0.03452187847285727
59233,0.03738205628483315
59234,0.08375552659562535
59235,0.04686976221279798
59236,0.04510754362102483
59237,0.014977263828067442
59238,0.22562253242306823
59239,0.017022948161982916
59240,0.008581329564124354
59241,0.02913250902352421
59242,0.04832742211607133
59243,0.07044015475720011
59244,0.011037316046776975
59245,0.029893684967651053
59246,0.045463568725694715
59247,0.02902753202690998
59248,0.02353490493638942
59249,0.04157911299222911
59250,0.06719187517749815
59251,0.018505603756687763
59252,0.018218108801079144
59253,0.08105279484849538
59254,0.020920885216238718
59255,0.030980676139272974
59256,0.060875824315318766
59257,0.17811769542452044
59258,0.17629430338818217
59259,0.11961934522431894
59260,0.1293731116031878
59261,0.26713548309798907
59262,0.1297933491697569
59263,0.06358838380919836
59264,0.1686450286895071
59265,0.05071242952908972
59266,0.05734304080618756
59267,0.05352423776456634
59268,0.028721116830369937
59269,0.15204922930482062
59270,0.03551109406819592
59271,0.02607864520041129
59272,0.05772832194180569
59273,0.0725963013564316
59274,0.04482551761517958
59275,0.06251293275079803
59276,0.01998955035288712
59277,0.03820547496124053
59278,0.05231452742028093
59279,0.18705123422186176
59280,0.020930545694894376
59281,0.0675555304897606
59282,0.027597388992979595
59283,0.04064589557553147
59284,0.02958410513054416
59285,0.012763927328621149
59286,0.053647202601593016
59287,0.011274702372200488
59288,0.05052321391451077
59289,0.3538345519935489
59290,0.03259445650994583
59291,0.01725153133033857
59292,0.03566000281237421
59293,0.10541019813362035
59294,0.017147654673985296
59295,0.07140309712682257
59296,0.015917101351944456
59297,0.03551755796341503
59298,0.10018374265979026
59299,0.08671855416980491
59300,0.05274837021819792
59301,0.027437980608790963
59302,0.12076761383285209
59303,0.03483057431799845
59304,0.048704846644230804
59305,0.16021088771574096
59306,0.10737017131515955
59307,0.1088281775210396
59308,0.04386545656822673
59309,0.015977117783625497
59310,0.03471569887533817
59311,0.04369417048037257
59312,0.016879695435248497
59313,0.030632349509157553
59314,0.05477716718385277
59315,0.05334748432497756
59316,0.04868590238078756
59317,0.01691944711906234
59318,0.06861201284455015
59319,0.018264578244532145
59320,0.0562498150422535
59321,0.01790215041701499
59322,0.16052865235588631
59323,0.06254057777424399
59324,0.008706740417559165
59325,0.05924978119917697
59326,0.02535000597680287
59327,0.49500473159840364
59328,0.05637438136225005
59329,0.01605315179924228
59330,0.03663117308588178
59331,0.014448808368798529
59332,0.03173631992755784
59333,0.14026123919597677
59334,0.014670964679805385
59335,0.33283551029550534
59336,0.017038072460048685
59337,0.09831796240553203
59338,0.038940363514901224
59339,0.018469803755231082
59340,0.02531563242567881
59341,0.046635397965881065
59342,0.02941834559463925
59343,0.09029105694575561
59344,0.13315887943211063
59345,0.025704058946230908
59346,0.04884121979048569
59347,0.05430385865819838
59348,0.04890400609567628
59349,0.1035731074562353
59350,0.028044233393835633
59351,0.048835246743955375
59352,0.041339808859491955
59353,0.023821094608278984
59354,0.07849602405164272
59355,0.12009537800754885
59356,0.06086850875764621
59357,0.0599549656666654
59358,0.06352481907564084
59359,0.019024416168235195
59360,0.04111451905642826
59361,0.009254780622209666
59362,0.033170372719811964
59363,0.10546600164174567
59364,0.03678384756359752
59365,0.08096213137138308
59366,0.15671835011338112
59367,0.17760460913428563
59368,0.03429702087823039
59369,0.012997771878116092
59370,0.07747381924906424
59371,0.01578435879629293
59372,0.023356309615007745
59373,0.0217508244544836
59374,0.059224964805843675
59375,0.07723229215092306
59376,0.03602913931326586
59377,0.009764501059092517
59378,0.010981582863671312
59379,0.0167869454434698
59380,0.015786856008758385
59381,0.06340626600454943
59382,0.20433009796731683
59383,0.015703940672799996
59384,0.075159462415374
59385,0.04399696436906295
59386,0.03569971554752802
59387,0.07022210216329189
59388,0.03793584575863368
59389,0.12154211658315964
59390,0.02828041576895473
59391,0.07702959432898096
59392,0.06491247898855516
59393,0.03965402516810387
59394,0.04428672426581297
59395,0.018571106112660468
59396,0.03789678391892724
59397,0.009376169005831414
59398,0.06332778319861064
59399,0.08356246125244375
59400,0.05208962599143273
59401,0.08950831962301393
59402,0.022152190469467797
59403,0.058371877197265686
59404,0.03603737637084397
59405,0.04270184693741593
59406,0.06932185298785346
59407,0.03911362777245849
59408,0.008810641052233769
59409,0.033725131629886974
59410,0.08623087315197306
59411,0.04626335383204691
59412,0.03892353705137862
59413,0.052821419931141325
59414,0.02866046890622773
59415,0.2121304502968892
59416,0.09938667391823272
59417,0.02398953683508033
59418,0.08710536885951045
59419,0.08862766297363253
59420,0.0392087222334955
59421,0.11483571224817997
59422,0.11877142478933697
59423,0.042332033241007705
59424,0.02372274598612132
59425,0.06094568560285001
59426,0.17517423809304114
59427,0.32321540247304814
59428,0.21525994379551328
59429,0.016487766232921718
59430,0.1705271683069879
59431,0.03555175485744497
59432,0.02683230033318876
59433,0.11995341997842496
59434,0.08767681444545757
59435,0.022397843538091173
59436,0.039636319255253544
59437,0.0418466141694543
59438,0.1404648398218069
59439,0.14581228932480356
59440,0.23159916650436657
59441,0.14343969244342933
59442,0.020874969085363806
59443,0.014060434885087248
59444,0.06297516770003478
59445,0.05732957703147306
59446,0.27226249356948135
59447,0.040912493433271815
59448,0.0390664907943145
59449,0.18968945322783937
59450,0.04585962489587804
59451,0.24847465553349316
59452,0.02585324352161047
59453,0.028720882773878766
59454,0.01788693832962278
59455,0.06289393410682076
59456,0.09637554301802771
59457,0.036104762738872545
59458,0.0681868502427989
59459,0.03592406626717752
59460,0.08819473907096301
59461,0.0643263890933437
59462,0.02293413336410079
59463,0.02577348977268712
59464,0.02013887046763753
59465,0.03509580265602095
59466,0.014757059825967412
59467,0.037322402294489875
59468,0.022681747655206808
59469,0.04110472087910091
59470,0.11863493837979791
59471,0.008611730599908843
59472,0.16697580892794597
59473,0.020040616364773566
59474,0.009997282167590632
59475,0.12524819048016822
59476,0.10814473241348901
59477,0.03858531784442217
59478,0.04261102250815383
59479,0.14571978281674602
59480,0.06910901667599006
59481,0.012510205967547046
59482,0.08117044280714227
59483,0.018947128472661334
59484,0.015616893375639408
59485,0.0432727324318201
59486,0.02519155292995427
59487,0.03310273846809597
59488,0.018553860578255144
59489,0.02802098737282032
59490,0.01646505576029661
59491,0.014793944861764316
59492,0.21369261286908692
59493,0.014353152326803491
59494,0.09835358351336523
59495,0.11698879822077425
59496,0.03102338161720479
59497,0.1588380626890234
59498,0.04751573523946954
59499,0.17923659541673187
59500,0.15949077823374022
59501,0.04214639096841394
59502,0.042290781732682296
59503,0.08695903579699099
59504,0.12620953999596213
59505,0.04978899525840904
59506,0.03266229835002072
59507,0.01654899780044418
59508,0.11107773998072971
59509,0.15724271933717154
59510,0.05899461756160899
59511,0.14383337864565865
59512,0.03029791722979886
59513,0.02656775514673151
59514,0.03035698351209929
59515,0.02629372013989516
59516,0.19379809712465262
59517,0.01196637959858417
59518,0.02797459226148595
59519,0.01777585990266957
59520,0.021700031219645245
59521,0.009851535210911923
59522,0.034989258004944505
59523,0.15088638843386049
59524,0.010553077637348382
59525,0.12246286699868317
59526,0.050979184399494476
59527,0.03289036240941124
59528,0.06675916306941898
59529,0.03432792078589241
59530,0.0603610488933312
59531,0.1769830652168898
59532,0.2485829697810349
59533,0.049883051534855616
59534,0.09955649552182529
59535,0.01619192395962753
59536,0.1408206436285207
59537,0.06557992973277212
59538,0.051140797486728756
59539,0.044114010457213075
59540,0.31508756186184084
59541,0.22392411901069093
59542,0.012211022378859602
59543,0.3003937573768707
59544,0.036261097242817744
59545,0.030172634177074404
59546,0.04514112491696652
59547,0.017863180138363487
59548,0.03779511188251005
59549,0.011204428893385831
59550,0.02365116508714258
59551,0.013313847152248592
59552,0.027562079852483
59553,0.04649792610201414
59554,0.1381844864137911
59555,0.14649029745081288
59556,0.16670523829487432
59557,0.04864163699993371
59558,0.015055729920208896
59559,0.10771884803143557
59560,0.04969957841069953
59561,0.07831605708035315
59562,0.041975350728022214
59563,0.02998849298755894
59564,0.012953635704073289
59565,0.013821880614862388
59566,0.03656327780059625
59567,0.03667992122589357
59568,0.017632710603040475
59569,0.07266236507390257
59570,0.45539726539170056
59571,0.04522263942651631
59572,0.0663303288603295
59573,0.036459335329175266
59574,0.1215076430546791
59575,0.022443263808766864
59576,0.108503349852614
59577,0.10901632226031037
59578,0.014418898647940171
59579,0.014091227308471295
59580,0.038122011945202136
59581,0.035337351649861105
59582,0.014604842370372021
59583,0.05934913416486323
59584,0.06020691360890659
59585,0.05177712555321099
59586,0.022924567676720128
59587,0.014140361727251862
59588,0.016371765507046932
59589,0.28101819890279367
59590,0.03341568965639425
59591,0.12058431875181358
59592,0.00930475489685961
59593,0.025676198198459597
59594,0.258583317131591
59595,0.19132909245707166
59596,0.07960921437166595
59597,0.024072234993801137
59598,0.0477476346458376
59599,0.031589435016002566
59600,0.051798231541663894
59601,0.018402938366995077
59602,0.0568550491302509
59603,0.031389449055194626
59604,0.0987907443260717
59605,0.1197937117350281
59606,0.15712548866121137
59607,0.09428539070430475
59608,0.020842186232258093
59609,0.1571957029726475
59610,0.025493843173814916
59611,0.09122626512848278
59612,0.012491790238459354
59613,0.029421255826857277
59614,0.2674553357318211
59615,0.48151664978291797
59616,0.016147688763069656
59617,0.0296983515562545
59618,0.1544453076202247
59619,0.026181491526023143
59620,0.012520221707235879
59621,0.12771289196223223
59622,0.007903554915248544
59623,0.05953769110048041
59624,0.03628865628077778
59625,0.030992465627181172
59626,0.47203787875308517
59627,0.04254625982183237
59628,0.04280990889248969
59629,0.042584648564011215
59630,0.04032805449455443
59631,0.04548585809980391
59632,0.024018026893542398
59633,0.047261317831141826
59634,0.03680405788792102
59635,0.009777880657480842
59636,0.02409175399703646
59637,0.010956657387874227
59638,0.02143947425195336
59639,0.021103349368548283
59640,0.05841895465115916
59641,0.04592998803293291
59642,0.1467776921683285
59643,0.10945089357164588
59644,0.035788663015974005
59645,0.011672369483563868
59646,0.08409147781714213
59647,0.08581882864135097
59648,0.035790979596103244
59649,0.060729251586604374
59650,0.018010175599208002
59651,0.017662189514131097
59652,0.04933387829252708
59653,0.022206227320854324
59654,0.10589700330986679
59655,0.018675335508051366
59656,0.04357336182088401
59657,0.06046259275058631
59658,0.025288051037505338
59659,0.02978191742702342
59660,0.04433983280541072
59661,0.11803694593895714
59662,0.03143607442818046
59663,0.03386266760774852
59664,0.06472788429449086
59665,0.099065140287831
59666,0.13738302560934232
59667,0.04263245899549394
59668,0.024543603640111593
59669,0.23233178605177388
59670,0.07108709843038359
59671,0.011703592729192469
59672,0.04736047610502282
59673,0.040348704837941986
59674,0.07047104965982469
59675,0.07843164718252124
59676,0.021997412901674424
59677,0.056940087625009975
59678,0.08998407735117933
59679,0.04752697423454848
59680,0.07416851397307331
59681,0.029480750137565556
59682,0.008380847425535945
59683,0.047982974793682506
59684,0.057631125933203034
59685,0.13162215973690863
59686,0.049437159211692165
59687,0.023529013331702733
59688,0.045887779004596965
59689,0.017043130559586023
59690,0.12212385242154805
59691,0.011687833493379613
59692,0.20920166866232281
59693,0.07937799513625382
59694,0.07145778716927825
59695,0.03181596995035081
59696,0.09402438363950386
59697,0.04461884322114906
59698,0.03672357089795236
59699,0.025148442110160693
59700,0.026721317927445372
59701,0.05901747663738238
59702,0.03442500895703725
59703,0.018790554669700612
59704,0.020352942291149905
59705,0.04970117432194142
59706,0.029446938718609282
59707,0.028927336006985604
59708,0.02846273095052964
59709,0.021404934452275537
59710,0.0537463836167096
59711,0.04247921858323208
59712,0.060653349281904675
59713,0.08416662196794424
59714,0.018364969273080792
59715,0.11069813720673606
59716,0.06084061430499256
59717,0.0197014653708626
59718,0.028668651913918618
59719,0.04901323112586234
59720,0.01817632908650903
59721,0.019623351174327272
59722,0.09609335106902255
59723,0.026365663605957396
59724,0.06572489478075964
59725,0.05057021191622525
59726,0.07045088520402244
59727,0.023874696540327374
59728,0.021928138921085184
59729,0.028735558240582784
59730,0.061604289966258524
59731,0.0441779525644803
59732,0.07767685752607724
59733,0.057493125687656965
59734,0.05272269268541551
59735,0.041445430346558454
59736,0.01223719975366614
59737,0.03133932395975433
59738,0.08417802032069116
59739,0.023530389011109334
59740,0.20159447538230013
59741,0.16926373685437535
59742,0.03619538166361535
59743,0.012735461258417676
59744,0.06314098280282791
59745,0.07183109073829752
59746,0.08290008914876476
59747,0.07623993731733131
59748,0.02162531700472968
59749,0.03458546613913123
59750,0.06513824681644213
59751,0.04439334938239199
59752,0.05750266799233797
59753,0.018865685879228867
59754,0.03690285262165089
59755,0.128197051868188
59756,0.052010740770239726
59757,0.1872099594126675
59758,0.15759739599521486
59759,0.14780541553430673
59760,0.3675173550696137
59761,0.0447729990603397
59762,0.030119921762677252
59763,0.026534161443446072
59764,0.12788095946982722
59765,0.13157671780680374
59766,0.017151992300480663
59767,0.04174999544766753
59768,0.07080721867239903
59769,0.04009141500732147
59770,0.07532818446400845
59771,0.12708582532768434
59772,0.04542190034345525
59773,0.04757353627731165
59774,0.10204276719362497
59775,0.03626532480784315
59776,0.15496419945885548
59777,0.011025797949019814
59778,0.21634665064305333
59779,0.23092814205229875
59780,0.055994747069389755
59781,0.1701876965203417
59782,0.04634798030592833
59783,0.039666484417474016
59784,0.029130881494345943
59785,0.04884666383849971
59786,0.032012742073489725
59787,0.02106977792781783
59788,0.04176325088764331
59789,0.06688586080781185
59790,0.03615806172614812
59791,0.1928020402467002
59792,0.012218417804198804
59793,0.00936808339744718
59794,0.642754654109003
59795,0.010191748836831714
59796,0.08173162612294925
59797,0.0507947849578081
59798,0.04499084829079799
59799,0.009979956214481979
59800,0.013902795185091209
59801,0.01650217292720202
59802,0.04898190483320232
59803,0.0302163509401087
59804,0.051169620874302
59805,0.02952120318609089
59806,0.11884988383677336
59807,0.03205060718320218
59808,0.038023500787996406
59809,0.14379775952204715
59810,0.025954485319914636
59811,0.05296889107097062
59812,0.09742178214852187
59813,0.09239807068232764
59814,0.026903195499075664
59815,0.04520000672288569
59816,0.05872291192026006
59817,0.060039445456286165
59818,0.029515359506669083
59819,0.023108880242832426
59820,0.1707286660882405
59821,0.018785505068719056
59822,0.8060379291768061
59823,0.056953288597556974
59824,0.08390245191616605
59825,0.012707250245653626
59826,0.05732877594161502
59827,0.055306781163978705
59828,0.03598281100928631
59829,0.01747696745307087
59830,0.04457304858491044
59831,0.12745621478298375
59832,0.03495500737826545
59833,0.4101285378928134
59834,0.03881297155280321
59835,0.038587872490312584
59836,0.44465343804251817
59837,0.065443506865695
59838,0.07990087805320198
59839,0.16005212143891392
59840,0.02100459930365911
59841,0.017494108082218914
59842,0.01845049670095751
59843,0.032045501611455474
59844,0.0246547836496697
59845,0.0676822684317853
59846,0.016246867226493423
59847,0.08139402094971346
59848,0.06747892211712966
59849,0.03729888612529996
59850,0.021277960238811545
59851,0.06155303384257615
59852,0.14798899520030284
59853,0.12258135785006238
59854,0.039288010519016967
59855,0.060292713808743625
59856,0.017160656610703467
59857,0.0780499647418168
59858,0.011844255399127642
59859,0.07709068133045882
59860,0.012361289427459538
59861,0.04674436355616332
59862,0.23085662804227639
59863,0.03296206291886439
59864,0.06431792229250402
59865,0.07545399576106179
59866,0.04648021825695653
59867,0.01825992189903006
59868,0.04499222684326085
59869,0.1401228305338453
59870,0.19797947424325033
59871,0.012714577717603502
59872,0.04570798341389243
59873,0.08638520940448138
59874,0.03150039463199188
59875,0.013523874259249903
59876,0.038186879151710054
59877,0.030659140686455602
59878,0.05352717946054712
59879,0.02226576120426978
59880,0.1382928059099095
59881,0.02754047059639369
59882,0.03097863220820502
59883,0.043144924429897875
59884,0.03712044834997833
59885,0.10390490584411294
59886,0.016253587734538923
59887,0.08023813588750005
59888,0.02617129101897236
59889,0.019472507347166983
59890,0.3602234361258021
59891,0.09295153401890918
59892,0.08830071520156074
59893,0.03577166871114828
59894,0.47567199091429146
59895,0.04117069295402427
59896,0.026007371692895735
59897,0.04517384116833873
59898,0.031079799362355748
59899,0.013290951936790793
59900,0.054136174303370276
59901,0.03531267015844289
59902,0.01794151018318208
59903,0.030866926681057345
59904,0.00696753154534915
59905,0.01843818974937367
59906,0.04211791744545254
59907,0.24711133597661755
59908,0.03732285268813101
59909,0.031710385161006896
59910,0.07489651372713818
59911,0.18600485518522158
59912,0.01908383326435902
59913,0.025327302159595128
59914,0.027574673520954395
59915,0.05496330027860648
59916,0.031067883562721527
59917,0.05105108889698268
59918,0.028684925998163486
59919,0.6292852572245405
59920,0.04233943745887836
59921,0.0369906343300977
59922,0.026772940257635228
59923,0.034840482962558345
59924,0.023005259983193447
59925,0.031391465986013514
59926,0.014097862606785132
59927,0.09418182911965278
59928,0.013366479235566431
59929,0.21689814900258483
59930,0.026897114101953657
59931,0.1991161590883695
59932,0.01642806546142992
59933,0.06453497148874465
59934,0.11590553079628144
59935,0.0568633477066391
59936,0.020682249052321296
59937,0.1574743193025268
59938,0.023828733374173287
59939,0.01710166999091551
59940,0.13909834836835036
59941,0.176680618289465
59942,0.031293227426261096
59943,0.008995214319846083
59944,0.030969707816093147
59945,0.03536536846446861
59946,0.06018700641568973
59947,0.07019018431271563
59948,0.037661238206535656
59949,0.0610484116964628
59950,0.18299400632488072
59951,0.01687420867490809
59952,0.056634958283843975
59953,0.049991745277382676
59954,0.022200348475711163
59955,0.09347746297988765
59956,0.10687312652510098
59957,0.05536688104656698
59958,0.01198966835740302
59959,0.04868465197114502
59960,0.02927864385285487
59961,0.2662550559868399
59962,0.08286233863572257
59963,0.020730028802844674
59964,0.03574297628260942
59965,0.08391281062309214
59966,0.03650379458167628
59967,0.030847539237114606
59968,0.04491816333238925
59969,0.07836182665682696
59970,0.06133968030596633
59971,0.015534021473874405
59972,0.13546015145571724
59973,0.08571379298516632
59974,0.10197520303614589
59975,0.24125112661110057
59976,0.5230255622013278
59977,0.028286824027997287
59978,0.031121114682375446
59979,0.013307434521601219
59980,0.2135282222318744
59981,0.19199775611337588
59982,0.17206695721841397
59983,0.053099576881365726
59984,0.04520098099963728
59985,0.04834989225960166
59986,0.02932388168366335
59987,0.12919703447664788
59988,0.08260714290916107
59989,0.01038779717064616
59990,0.05153260345931966
59991,0.10379647167853959
59992,0.034921671106585436
59993,0.12534097711282308
59994,0.016097300991669197
59995,0.11854645993010786
59996,0.054455468398502675
59997,0.020201853279972176
59998,0.054291835474836285
59999,0.01859442872614623
60000,0.04750581260398235
60001,0.029565907144425026
60002,0.026554568978668258
60003,0.1451629347242861
60004,0.0981067341911524
60005,0.0470044811655792
60006,0.038749063021845935
60007,0.07579088578966195
60008,0.02070188674724857
60009,0.023008092453408638
60010,0.024195030128296702
60011,0.01781110835384421
60012,0.19945463349512843
60013,0.04838020980717711
60014,0.22191326450989304
60015,0.0638534212352584
60016,0.026232506394665244
60017,0.02637292025646772
60018,0.03171646887497583
60019,0.12174181371047357
60020,0.028981810987758823
60021,0.03968556282855676
60022,0.02666057913128026
60023,0.10315117125409258
60024,0.8772476682735604
60025,0.04789800243531128
60026,0.27951085859647407
60027,0.036483343980029975
60028,0.04201133665153613
60029,0.01430777612115805
60030,0.017483428804931755
60031,0.013625413972089604
60032,0.08153699654583466
60033,0.05258340077706569
60034,0.016694794360939586
60035,0.051128619758911455
60036,0.07887227741741004
60037,0.020090180578941533
60038,0.058908822080542156
60039,0.04585947732507585
60040,0.061002589787631595
60041,0.13728606091911053
60042,0.06424301208007162
60043,0.030983398178009373
60044,0.09689993725906791
60045,0.062397093142435495
60046,0.06823466788235517
60047,0.018723975301121572
60048,0.03574426188539896
60049,0.1348962007648789
60050,0.028814763596961297
60051,0.03508445287057274
60052,0.08545236486700816
60053,0.16840679575129913
60054,0.021198313058929094
60055,0.04189324913736095
60056,0.02555538536396441
60057,0.06997123640662817
60058,0.0410671217140595
60059,0.03930415358307912
60060,0.0277852551008958
60061,0.018965217274638662
60062,0.059431164631191
60063,0.011830199584670641
60064,0.16667005847353672
60065,0.024484909247836292
60066,0.0870433408481923
60067,0.02429566775063045
60068,0.049127381467110647
60069,0.033317444504629444
60070,0.02548953381941525
60071,0.15253790797438474
60072,0.1900287679128411
60073,0.07466703224632726
60074,0.12225403243377204
60075,0.01089792622399206
60076,0.08985742919437989
60077,0.06543236003827455
60078,0.06476177902002225
60079,0.10649177983298865
60080,0.17473902729819274
60081,0.05173324430846556
60082,0.23144361671823113
60083,0.053958699281691606
60084,0.02408067386549737
60085,0.018577708920087272
60086,0.08782452806990076
60087,0.11920549692808294
60088,0.06080438231971255
60089,0.0402646304728469
60090,0.07398447571773441
60091,0.028703623429719688
60092,0.04515966047741954
60093,0.2060764027646768
60094,0.15005727948383366
60095,0.7050514490404878
60096,0.01440002279289862
60097,0.02593257767591186
60098,0.028007496762140042
60099,0.02022645891062782
60100,0.06915939247772081
60101,0.015579456617342103
60102,0.030184913562338975
60103,0.061752934734213887
60104,0.013748606790441958
60105,0.36471833529070585
60106,0.04703619944972996
60107,0.02393677086925654
60108,0.04504405738656096
60109,0.11246620165063884
60110,0.05383041382196735
60111,0.028491044517489496
60112,0.01898328488302501
60113,0.3070353461289073
60114,0.07903157469994182
60115,0.13730424939774655
60116,0.01704813555447554
60117,0.03228126741556949
60118,0.013894072531444599
60119,0.026972738312330165
60120,0.049574675654562805
60121,0.036158184936442336
60122,0.39246669104843745
60123,0.029094096480187803
60124,0.05019010809425095
60125,0.1109218213198928
60126,0.013973036945310484
60127,0.17174432073622994
60128,0.05121123620860249
60129,0.011995557279036636
60130,0.03328674753270348
60131,0.18578066678374133
60132,0.013667966264630614
60133,0.030459623587091793
60134,0.042667824097919665
60135,0.15027473013049925
60136,0.04544791853505374
60137,0.0762644114708512
60138,0.07718578544582257
60139,0.07724350897390972
60140,0.058653252562533315
60141,0.09621292597824882
60142,0.05084019315432228
60143,0.07108565107481868
60144,0.2129076108059349
60145,0.05527993452824358
60146,0.01939741566718175
60147,0.04666013554985814
60148,0.00891940516291066
60149,0.09833682121938628
60150,0.04621597789308338
60151,0.029350916790808805
60152,0.1683396921759016
60153,0.02333087423973678
60154,0.08486099994734261
60155,0.10271299728562025
60156,0.26334291544657035
60157,0.10089362790171001
60158,0.051916128425643256
60159,0.2065913278306458
60160,0.023780125932154648
60161,0.011156326625992682
60162,0.12720838902412462
60163,0.03251931130743015
60164,0.06677535642095303
60165,0.03900235919715599
60166,0.03211520978758314
60167,0.10735036193654748
60168,0.04178930968162842
60169,0.0558684845991084
60170,0.02485074108654957
60171,0.12238491704927448
60172,0.019927400728070897
60173,0.01997570013454192
60174,0.022955554786264556
60175,0.012332376127809689
60176,0.027531461386370887
60177,0.10022173225187432
60178,0.03884385872290726
60179,0.02675127265974512
60180,0.05802792835394709
60181,0.18499078556612109
60182,0.04239583063083865
60183,0.10389417939388063
60184,0.018124738293796905
60185,0.024323782729225002
60186,0.022150219470973214
60187,0.0783943183856369
60188,0.038542484964220775
60189,0.041291051261086405
60190,0.02923818646666062
60191,0.017448349637369125
60192,0.012320112150405382
60193,0.04447561328828741
60194,0.08440561018731459
60195,0.04050124610913838
60196,0.07747118513181048
60197,0.2150591850472246
60198,0.031371373760579656
60199,0.10871790492052247
60200,0.07221200004450902
60201,0.08198361771052921
60202,0.012951032058912201
60203,0.02806537365907818
60204,0.011759582451521377
60205,0.12487364069027848
60206,0.02686874954551792
60207,0.028529109114981417
60208,0.04193615327361969
60209,0.042203697105646594
60210,0.022604419677034342
60211,0.03409309591312713
60212,0.035628902137990616
60213,0.02596649603333175
60214,0.0489323872044129
60215,0.0701154129437051
60216,0.016463781990018654
60217,0.013469618116488781
60218,0.019402322867682863
60219,0.05119363954282335
60220,0.16488952686611227
60221,0.12394489662860862
60222,0.020000034367383065
60223,0.029261551023018258
60224,0.08586320430231793
60225,0.012013252875321609
60226,0.0485793071503077
60227,0.3279084931300268
60228,0.04405388520138567
60229,0.044740167637631556
60230,0.04859311777451268
60231,0.04116382954693562
60232,0.14162935908417468
60233,0.02497577912652604
60234,0.02421075152944982
60235,0.07927177604527424
60236,0.2525322222248532
60237,0.01959798931519007
60238,0.03727550572904814
60239,0.07805356141897293
60240,0.018757482315196503
60241,0.03353564114097414
60242,0.07302929210180141
60243,0.06837806433839416
60244,0.021130787528880767
60245,0.01812401206272414
60246,0.022270171924147514
60247,0.16972559499949036
60248,0.0997142259809723
60249,0.06191453150693451
60250,0.05826207843816593
60251,0.024006615899829335
60252,0.02633003045778439
60253,0.03476478027730311
60254,0.09118645715834096
60255,0.027569213063472882
60256,0.034850371096143015
60257,0.563048009047789
60258,0.04503862733907927
60259,0.08078088428551192
60260,0.0222281185049834
60261,0.011939473344068297
60262,0.032658487614017365
60263,0.028756042292875802
60264,0.28562466047277946
60265,0.1464600669006524
60266,0.2789416326056141
60267,0.016096649040671936
60268,0.05760025970928158
60269,0.02787298155875028
60270,0.016863204347131674
60271,0.03849219913974448
60272,0.23064969181293185
60273,0.03552692901578901
60274,0.016355099014560698
60275,0.1607405053547612
60276,0.018590814280205908
60277,0.035966516679197404
60278,0.017380617295446977
60279,0.09006165961124503
60280,0.01876828623522536
60281,0.2488552093798458
60282,0.02623988528436985
60283,0.012136092957529399
60284,0.2170051088915284
60285,0.03092545284813365
60286,0.13316172365808926
60287,0.02657975452837172
60288,0.047454971328345696
60289,0.19512858922375964
60290,0.046642007834115276
60291,0.058518021760670905
60292,0.05998790457817153
60293,0.07551335900498696
60294,0.04144987076981854
60295,0.07999237519092342
60296,0.02368471716176175
60297,0.021800060056455687
60298,0.035563248005536945
60299,0.036681794776567134
60300,0.07175548956223093
60301,0.04530188732178026
60302,0.7605535740006409
60303,0.08073261429253892
60304,0.20948407523502013
60305,0.02760034302834149
60306,0.09931003967151603
60307,0.04617072355909307
60308,0.04075183353303425
60309,0.07633938636630164
60310,0.04710766545053113
60311,0.02405005898269038
60312,0.04420797261736553
60313,0.023672659119430485
60314,0.04167448369121273
60315,0.034643745212070184
60316,0.021988754160399922
60317,0.028178338289937117
60318,0.06597341221745065
60319,0.04361344910454216
60320,0.019714695722235474
60321,0.04904418248061358
60322,0.016230125473556095
60323,0.03291738832105587
60324,0.3499056676200549
60325,0.015361108223454252
60326,0.10654858953364688
60327,0.07249756998302662
60328,0.12073326752476143
60329,0.07738014524779377
60330,0.03549643523440392
60331,0.0559862788267865
60332,0.02973448996656501
60333,0.03674267647100635
60334,0.05271738583582203
60335,0.04136617247945911
60336,0.08446557843342477
60337,0.08753258501807663
60338,0.032784977940098686
60339,0.26193971177253045
60340,0.019941531600837704
60341,0.08436556088447114
60342,0.026910891978561023
60343,0.1948977464882543
60344,0.18814644486319032
60345,0.18918558356703588
60346,0.026473113637042106
60347,0.06280248118946953
60348,0.05846576294167288
60349,0.06805855082170142
60350,0.22224712979282957
60351,0.07398422314204797
60352,0.11994299385844262
60353,0.06714193091513204
60354,0.020261496848478992
60355,0.019955732440884152
60356,0.16285951418109154
60357,0.01707590942533077
60358,0.15080434270110066
60359,0.012635976085780952
60360,0.01512776685797288
60361,0.034429004449289785
60362,0.08706915476876964
60363,0.04152113578654366
60364,0.16737656921594188
60365,0.17154278359972175
60366,0.024438036990974767
60367,0.0321067095328582
60368,0.034237100797239274
60369,0.019536986665501327
60370,0.13146560502052024
60371,0.06007057458214768
60372,0.4447963626859939
60373,0.015043423718760485
60374,0.047412061701688504
60375,0.04929708459413994
60376,0.030693165037197243
60377,0.05781277536273227
60378,0.08651824195126125
60379,0.20678122368816898
60380,0.027872947357823582
60381,0.10875307856084088
60382,0.03784222538069962
60383,0.03669557313698015
60384,0.3881425815678795
60385,0.08230179735972232
60386,0.008871723899088394
60387,0.010539484737074207
60388,0.055732497920576274
60389,0.1082030509349242
60390,0.9745609111995746
60391,0.06227656993203674
60392,0.03550077318871816
60393,0.01445099410671372
60394,0.03541148096460972
60395,0.0613717667885523
60396,0.04749007007499639
60397,0.055088299416930005
60398,0.06310499126578398
60399,0.08843271879020512
60400,0.017235461841905476
60401,0.032703248129424364
60402,0.1692591601978
60403,0.018889952448288495
60404,0.019076770406211845
60405,0.03559934358032579
60406,0.031235194826504595
60407,0.010960713442173342
60408,0.025240279823821328
60409,0.016804352965690782
60410,0.02067664707711815
60411,0.06497243724486644
60412,0.046122015179398304
60413,0.07640951388602013
60414,0.08964873705441792
60415,0.02993637116972419
60416,0.11684367073911422
60417,0.23816686207297688
60418,0.12946164055801695
60419,0.28778455958041643
60420,0.025608969898661585
60421,0.03836561351016456
60422,0.06942576066677957
60423,0.0080895132250716
60424,0.04171249028774651
60425,0.03823823105077691
60426,0.03812289644234787
60427,0.012482981600425568
60428,0.056283960144572764
60429,0.021780572786420885
60430,0.031842387592049784
60431,0.016767809973494766
60432,0.45266978721204637
60433,0.042561606411245345
60434,0.03850474312033707
60435,0.02221358928113358
60436,0.04552533373464578
60437,0.01215471185907783
60438,0.12209856951646741
60439,0.0722273349417876
60440,0.10728890423692702
60441,0.35802196664629016
60442,0.009609858304097716
60443,0.027806406411292908
60444,0.021785216136530873
60445,0.06237608785311885
60446,0.020350749891798386
60447,0.20748274608613657
60448,0.04895799694120502
60449,0.1012840523823916
60450,0.021540389687545673
60451,0.038217927519831954
60452,0.06640903039393738
60453,0.02503442997355422
60454,0.015419406789376488
60455,0.014332699513319619
60456,0.013616543130043837
60457,0.041001348009929627
60458,0.034442406607259425
60459,0.07086977663913209
60460,0.15547737954067586
60461,0.020137358417758412
60462,0.03493077086952124
60463,0.05839107647336355
60464,0.44175505990278996
60465,0.030654101826149558
60466,0.040196450397635995
60467,0.02130372685090672
60468,0.06365863758459983
60469,0.016147762930105832
60470,0.25411862580481537
60471,0.013554191496392943
60472,0.05765723939779746
60473,0.01828706743658929
60474,0.025635346221652526
60475,0.148682730815134
60476,0.15820266364702243
60477,0.11667507136088694
60478,0.32301312176075336
60479,0.06976887595198943
60480,0.10528297707021558
60481,0.021273783717516426
60482,0.022069634189989716
60483,0.05817737601025867
60484,0.05851708497700045
60485,0.021083587180362677
60486,0.05432062231801541
60487,0.01916223691268434
60488,0.23701144386121914
60489,0.01008042958914206
60490,0.036711561739470266
60491,0.03556629956760753
60492,0.28239788927469794
60493,0.018463562034686937
60494,0.018265200139788534
60495,0.04469289862475308
60496,0.10829372187907416
60497,0.027563221715864374
60498,0.0828694118176645
60499,0.08604070222008599
60500,0.043353153770090136
60501,0.019940416818508548
60502,0.0583488259980111
60503,0.10394121623056517
60504,0.11700292659288378
60505,0.02669844353458778
60506,0.166028754839252
60507,0.06791492433350058
60508,0.04917040915685598
60509,0.07258683216705067
60510,0.03271849890119966
60511,0.013682235962063648
60512,0.04345938838668985
60513,0.08899626531298674
60514,0.19933340390215232
60515,0.0932710564534125
60516,0.02380068642760994
60517,0.16881295254189752
60518,0.08292815204916049
60519,0.011637307297254408
60520,0.0496584955402848
60521,0.03495301452750449
60522,0.021713987895374556
60523,0.023115228284289944
60524,0.06019622241499352
60525,0.07846714858100959
60526,0.018827342159419017
60527,0.07830202459028893
60528,0.04643721579162257
60529,0.06484601593563312
60530,0.06968535695573683
60531,0.1362519839580477
60532,0.11278087846718111
60533,0.00840489122458961
60534,0.02937165546171617
60535,0.009891370561797206
60536,0.0145354953360993
60537,0.021600995991878005
60538,0.015920560081160363
60539,0.022411857548938364
60540,0.03700975072821552
60541,0.05081945835523728
60542,0.13611444541436238
60543,0.015320576940039712
60544,0.008628765408015885
60545,0.016202450022683383
60546,0.017643965457284045
60547,0.04175321595973609
60548,0.9425915836003915
60549,0.04042069748449273
60550,0.03222745313140777
60551,0.02270011037557691
60552,0.019517872085595432
60553,0.03042320830023008
60554,0.01837410404602402
60555,0.044744574740248566
60556,0.08778231511338597
60557,0.043860379566471715
60558,0.049248906863763785
60559,0.10832656284467689
60560,0.012292934109394003
60561,0.12035897817954949
60562,0.016236501912712687
60563,0.06387774901925534
60564,0.014732630466074075
60565,0.032562148293783164
60566,0.043789477921395564
60567,0.07971903563229853
60568,0.19253207599463523
60569,0.016063777574354586
60570,0.0345358630406903
60571,0.04644195928708272
60572,0.12100433439986986
60573,0.0374497545467683
60574,0.062199456769333694
60575,0.05837331775625355
60576,0.03138420858610441
60577,0.03631345229384025
60578,0.14629172340439311
60579,0.024639225610447388
60580,0.13877283836080212
60581,0.048641795439146096
60582,0.02776220438120937
60583,0.06221220284430633
60584,0.1239089257444924
60585,0.044967250542256865
60586,0.053371891302376975
60587,0.2543649473861218
60588,0.017527694788773533
60589,0.13190005444515204
60590,0.04530121181286825
60591,0.13509928010227443
60592,0.037986753344560975
60593,0.020921266034320325
60594,0.04190733765708502
60595,0.023098308789911738
60596,0.049437614665893886
60597,0.05442993129763758
60598,0.031073468003852533
60599,0.021227051600603914
60600,0.042254965051391105
60601,0.03467377328362778
60602,0.01955836913523351
60603,0.07807421309309019
60604,0.03010939831636681
60605,0.05743791033236216
60606,0.05266512656045545
60607,0.05683012459830239
60608,0.09474919832665046
60609,0.014850339229119896
60610,0.024023167354011308
60611,0.06256150387057234
60612,0.026686581902287277
60613,0.037182934981646966
60614,0.03139736570657555
60615,0.06106762176779381
60616,0.04571492540686454
60617,0.08372265153075567
60618,0.03423997493815432
60619,0.022923013107354485
60620,0.06246871992980396
60621,0.033006239232649594
60622,0.052628096966737
60623,0.17462323499100352
60624,0.027627277764275687
60625,0.014887619660471151
60626,0.07016921437297709
60627,0.04889448430066728
60628,0.030232874980447424
60629,0.11291077554918764
60630,0.04363269856763158
60631,0.14170572071028148
60632,0.022133465317045325
60633,0.02183498024288376
60634,0.02227201143769316
60635,0.0384784870593385
60636,0.03214299906318937
60637,0.01043120671710341
60638,0.022355314693195273
60639,0.3547659562426286
60640,0.25515011185824976
60641,0.0314008217157811
60642,0.04459851420528031
60643,0.15188399990669682
60644,0.027781910893196645
60645,0.059210431881317416
60646,0.1556745068587503
60647,0.010900449876325918
60648,0.02326496673367979
60649,0.040774169219285616
60650,0.022125253264650063
60651,0.33235073311555463
60652,0.07731714129157329
60653,0.040686229661366057
60654,0.09448548031184062
60655,0.06877950089182275
60656,0.03861986162109887
60657,0.02424770972284576
60658,0.12479382125812429
60659,0.08830878902881066
60660,0.08716757227000138
60661,0.02929430317395538
60662,0.021892929924291153
60663,0.030860068341869815
60664,0.18513097310116416
60665,0.041200751311921975
60666,0.014298727134796668
60667,0.15963801322767268
60668,0.021366090882920824
60669,0.014543865024793563
60670,0.027826218667750615
60671,0.08638222874151105
60672,0.03436312788401526
60673,0.05390601967681919
60674,0.025000031807354682
60675,0.03874785813186485
60676,0.02040411879571382
60677,0.022821466219610065
60678,0.03481431226589412
60679,0.09087496157091188
60680,0.2578668273854639
60681,0.06252512104701735
60682,0.01203483001133827
60683,0.051566842029213474
60684,0.02461823925578279
60685,0.4807641448024884
60686,0.09187964094122056
60687,0.06170572795942644
60688,0.032790954838691405
60689,0.02312762453416868
60690,0.0617111756153151
60691,0.09646665230705978
60692,0.03561904040527045
60693,0.042938882007697195
60694,0.033341545357736924
60695,0.12758951607073893
60696,0.02335844530174493
60697,0.041945055014880245
60698,0.019587141584672594
60699,0.23087408442881135
60700,0.027955700350969025
60701,0.04407173238263782
60702,0.0848307738553877
60703,0.05589111072982712
60704,0.1004381473863259
60705,0.03734273539233998
60706,0.21964644237169473
60707,0.015152872802631067
60708,0.15105055463711234
60709,0.05355195171400959
60710,0.060160789628535674
60711,0.0464442504564657
60712,0.0645805920951213
60713,0.05552245911232576
60714,0.1317418841024084
60715,0.18933355013350117
60716,0.024125888569059346
60717,0.1555313590795072
60718,0.08380497553782155
60719,0.03778257676791941
60720,0.011617981360490016
60721,0.0484587865380545
60722,0.029259043481134298
60723,0.031410392445363006
60724,0.06740481712054563
60725,0.02023799804434329
60726,0.035472314815863736
60727,0.06075351610524963
60728,0.03530864003136132
60729,0.07396554862131907
60730,0.009133566897350068
60731,0.10365562706382629
60732,0.1488610742455903
60733,0.1503417524555265
60734,0.011673618767242466
60735,0.20313824628423338
60736,0.08679228304201564
60737,0.01674042507221965
60738,0.01953095439791712
60739,0.15608560607327676
60740,0.10777641002829626
60741,0.4646648710557543
60742,0.07247932014575639
60743,0.03552267338233421
60744,0.013933055273453534
60745,0.26171954588826263
60746,0.09326629619243072
60747,0.054517431244882605
60748,0.034608823831671985
60749,0.01577276926106291
60750,0.014662029166583287
60751,0.04520454821031335
60752,0.030338149651832458
60753,0.04582686655092396
60754,0.04579806697512134
60755,0.06233331480830515
60756,0.05859732717774764
60757,0.04287322726536637
60758,0.35322233776883827
60759,0.2818728435940374
60760,0.3143282113334438
60761,0.04633306418525863
60762,0.0746721533519156
60763,0.016239001986512416
60764,0.03828048577492512
60765,0.06827461801767601
60766,0.04505046137207476
60767,0.019943936238412917
60768,0.03948420854960451
60769,0.07669121107721
60770,0.03497710564103175
60771,0.12853385282830246
60772,0.024164534911101175
60773,0.07094410447528993
60774,0.06135104848170957
60775,0.11625028406824234
60776,0.01653145231902329
60777,0.043638814657578046
60778,0.019132613209755133
60779,0.03404382218875837
60780,0.06100985249162112
60781,0.07858646757716854
60782,0.0982052544349531
60783,0.05317130801311815
60784,0.04798866035967936
60785,0.025841164260614863
60786,0.037672323802388094
60787,0.03160002229396808
60788,0.01701803922782443
60789,0.12058054044288322
60790,0.04646149534075396
60791,0.09739579333529504
60792,0.02639697452292559
60793,0.05569363387504784
60794,0.022310996057127983
60795,0.08796168098260936
60796,0.040394119178364205
60797,0.03276101544217364
60798,0.026463397510839162
60799,0.02050127134128222
60800,0.013123872951661427
60801,0.03824921426064955
60802,0.016785749210583168
60803,0.03173264538303318
60804,0.039609807430025165
60805,0.14480844479412552
60806,0.11534230900291888
60807,0.026193976734702647
60808,0.0873801733209891
60809,0.022184865754602316
60810,0.17345498830886213
60811,0.022766765820156555
60812,0.12323735566741233
60813,0.02314204045143719
60814,0.01620476124462579
60815,0.06961900834322586
60816,0.01631654187192928
60817,0.021041363510550987
60818,0.026833111556218044
60819,0.06979440837764547
60820,0.038665417776451744
60821,0.019050263071043107
60822,0.12408717719115066
60823,0.023321473218039866
60824,0.8734363664531082
60825,0.05865587137088315
60826,0.024864732640375573
60827,0.024413979808457123
60828,0.07356167089228863
60829,0.026242398207825743
60830,0.14396376390211643
60831,0.017451888511898342
60832,0.02438302905695186
60833,0.042205260549995835
60834,0.009545268019616878
60835,0.07285583045077479
60836,0.009762484168601114
60837,0.025887035519605903
60838,0.08426696126851033
60839,0.13741229177488062
60840,0.09040726092495746
60841,0.04167559875067634
60842,0.05440084759240638
60843,0.06841026709234799
60844,0.010753467853542368
60845,0.02510812652862578
60846,0.028554108764185474
60847,0.09791949450991896
60848,0.07697817868661899
60849,0.09285806471761421
60850,0.05171298158017289
60851,0.02514057902446869
60852,0.05086476325153491
60853,0.04024022929528484
60854,0.013546061468218863
60855,0.028215673582308934
60856,0.25125818271271616
60857,0.06646540550941943
60858,0.014777718751850263
60859,0.0806444880568796
60860,0.09510754658762408
60861,0.00966103859732313
60862,0.03335904661410296
60863,0.021338269543796244
60864,0.02336280153897332
60865,0.031201422836815186
60866,0.027009173563814236
60867,0.014526365855619033
60868,0.04597430943886972
60869,0.055447953147942444
60870,0.04298755536061756
60871,0.3780183872419794
60872,0.14558349897400288
60873,0.02702396784950785
60874,0.012870430643265018
60875,0.03010797037489861
60876,0.06532804778256854
60877,0.05101262687745949
60878,0.06561788109715093
60879,0.01902768595364434
60880,0.011110829863713235
60881,0.02909590484899611
60882,0.09923781828697295
60883,0.8351485140905869
60884,0.0327437404301152
60885,0.05051254679952565
60886,0.08196448328875963
60887,0.09374381651578483
60888,0.029965495604118375
60889,0.029606799433302758
60890,0.01670944353048109
60891,0.038969836292145274
60892,0.07282894173478548
60893,0.0300837009811432
60894,0.01693208471347199
60895,0.045339952081125984
60896,0.021052934199966282
60897,0.2434374605784445
60898,0.02832574012797399
60899,0.0324649877641537
60900,0.047706328218784455
60901,0.03533690410768634
60902,0.032793565821078244
60903,0.018352441350152585
60904,0.3501429640484479
60905,0.061639881347773325
60906,0.04414336360762681
60907,0.016249625009191256
60908,0.016520615510000395
60909,0.15906870540267842
60910,0.03346738123533931
60911,0.02260771812090214
60912,0.01977865380722559
60913,0.11428691915290493
60914,0.04159140491896013
60915,0.039075686332080334
60916,0.0486237145955334
60917,0.2249821056223288
60918,0.07822709205033963
60919,0.036508367981727394
60920,0.2015484590550995
60921,0.07118283346330408
60922,0.10435884435545263
60923,0.019117474091771693
60924,0.03806668619612511
60925,0.05332744541639537
60926,0.12226141460681969
60927,0.016891033632620612
60928,0.0262134303031291
60929,0.012518124472031381
60930,0.06354010785849151
60931,0.23010116415931897
60932,0.03663006951361981
60933,0.015392311061616369
60934,0.057758634344639695
60935,0.10318651728940703
60936,0.01681421936652101
60937,0.03850065717285463
60938,0.03772374909671882
60939,0.019546385834290175
60940,0.031628890196661714
60941,0.027197110734619154
60942,0.038331907025690594
60943,0.06294626295256962
60944,0.023186850450843146
60945,0.20021312291258136
60946,0.011609297167348206
60947,0.1766892242140502
60948,0.1782623788144479
60949,0.020652352783539076
60950,0.14659883413138342
60951,0.08318054154132101
60952,0.015252456388942941
60953,0.024684184122545156
60954,0.13609006569367976
60955,0.10150306969370179
60956,0.024054594318347198
60957,0.05273705998964462
60958,0.021329614853740367
60959,0.07142547769910461
60960,0.014456581709262565
60961,0.08644805784293423
60962,0.14670481869787555
60963,0.042148801596635165
60964,0.03827036163169753
60965,0.013618965344530167
60966,0.02514595794140523
60967,0.05805815558644103
60968,0.040005195655299176
60969,0.01300405076761892
60970,0.08668477420551124
60971,0.06031350298289651
60972,0.05555608210344373
60973,0.02479962441842353
60974,0.05752699376850525
60975,0.08357924871201883
60976,0.052565855851235355
60977,0.03847753046110882
60978,0.06163870898738784
60979,0.13905232303007345
60980,0.06660882863337242
60981,0.07644107709720732
60982,0.04236155850061374
60983,0.05130565368909987
60984,0.024853139710352534
60985,0.033329304116795466
60986,0.031814834314967774
60987,0.01417366576459662
60988,0.03581761234884642
60989,0.028072165651116428
60990,0.0265007586736465
60991,0.040758038389072986
60992,0.14113826079182307
60993,0.015808155980671354
60994,0.11333772451914567
60995,0.15017167007568005
60996,0.042914250225668846
60997,0.031032743042898225
60998,0.04475858518254259
60999,0.3203101239184403
61000,0.017652861775656024
61001,0.03522533796818151
61002,0.062154735831327426
61003,0.030990663401368974
61004,0.03546618948500693
61005,0.03238757208560235
61006,0.034117444459517775
61007,0.05867019144869452
61008,0.0851582719017542
61009,0.13951995670701106
61010,0.027672586411439916
61011,0.08386218145486224
61012,0.14577087006857004
61013,0.04641569555591429
61014,0.060562680418606206
61015,0.09461025482895805
61016,0.03027638694374512
61017,0.022239866135771356
61018,0.09178599872026715
61019,0.10047535054030737
61020,0.02722522363450741
61021,0.04340094804698546
61022,0.04453057652700413
61023,0.02429563065621822
61024,0.040702075099292
61025,0.06302089120967103
61026,0.02884121020464132
61027,0.01824109795645952
61028,0.10787445841269816
61029,0.046253973394235634
61030,0.02438628882508829
61031,0.03422957856543189
61032,0.30412223708968605
61033,0.019004493806296575
61034,0.04898610334661484
61035,0.06346450180711605
61036,0.03953341879324246
61037,0.1207635860643928
61038,0.10414284731478647
61039,0.02023395606919949
61040,0.01835011130170166
61041,0.057942504633090725
61042,0.07516244763278515
61043,0.04824726922240585
61044,0.056497109042399796
61045,0.03997214906492839
61046,0.03410685118067674
61047,0.039090446647479564
61048,0.05851376693313253
61049,0.07588601585956685
61050,0.055473189772001975
61051,0.026000321990606902
61052,0.17028166651281096
61053,0.05593582146473868
61054,0.48833674580721415
61055,0.06431510340114005
61056,0.03296581484714255
61057,0.08288271900614633
61058,0.018855706004626535
61059,0.04474684956989371
61060,0.022687436617406888
61061,0.06324763842042021
61062,0.19508714278431297
61063,0.016078990028872163
61064,0.044042299496703366
61065,0.04969890787748676
61066,0.08425934680794694
61067,0.051889192351892
61068,0.17322425380226394
61069,0.07434537195098809
61070,0.09171217289338518
61071,0.05419791299447155
61072,0.07539697344948566
61073,0.11183493177801737
61074,0.0429740717514795
61075,0.02132013605943469
61076,0.10716485181983429
61077,0.13704927910625114
61078,0.04683979415648164
61079,0.03143013679662671
61080,0.028292136517119926
61081,0.03512214434584923
61082,0.025665767223915628
61083,0.03362143051400944
61084,0.013640668006954675
61085,0.03636012623486232
61086,0.030659246815199666
61087,0.17328294403472178
61088,0.272544123852299
61089,0.034182666089047645
61090,0.018833834520738453
61091,0.03243180898059292
61092,0.015439580925704056
61093,0.04538153199351915
61094,0.07947830433888002
61095,0.018043390633181895
61096,0.06257880707306754
61097,0.010390223216237107
61098,0.027909391261638987
61099,0.04364114412841358
61100,0.2539795665212495
61101,0.09892712244675829
61102,0.06780051384249691
61103,0.023541559234049464
61104,0.03616306394071644
61105,0.043878210339252155
61106,0.13616691793523325
61107,0.19143497805001472
61108,0.08794436944271898
61109,0.0841891410118083
61110,0.03668295794945899
61111,0.03263225760721647
61112,0.1014411636157318
61113,0.07382995858588871
61114,0.06594350851133561
61115,0.027980440750210382
61116,0.11101566780566961
61117,0.05257338408494118
61118,0.014393865580732145
61119,0.13320208520910062
61120,0.16575349138561998
61121,0.09090167328143695
61122,0.012042444925175387
61123,0.0457675379756407
61124,0.068434176575284
61125,0.028332576955876834
61126,0.04177930851337731
61127,0.039349472340431235
61128,0.011406528780825391
61129,0.011077353725933381
61130,0.230730001654679
61131,0.060527718103961015
61132,0.02007612413330623
61133,0.01917632461339316
61134,0.0360156154382793
61135,0.03973082840071504
61136,0.013792942480289977
61137,0.024471874964660176
61138,0.5535444017987212
61139,0.020151485693423662
61140,0.09438453525206743
61141,0.01856561693355119
61142,0.09239111305574368
61143,0.018222538051561488
61144,0.012392002887583266
61145,0.04507228227014008
61146,0.011498533718070372
61147,0.033941919944972095
61148,0.011468579035564808
61149,0.12055862626194576
61150,0.08662893054338738
61151,0.05675075581267673
61152,0.04266552907419604
61153,0.24335423485496221
61154,0.125006146517268
61155,0.06399080896333845
61156,0.017870876925190005
61157,0.08540055557863335
61158,0.04136755675942489
61159,0.023751760877768632
61160,0.12384273676323389
61161,0.0611581164929515
61162,0.0424152561922703
61163,0.08842379460962316
61164,0.06403909931033974
61165,0.07621889636414277
61166,0.06476863981485098
61167,0.02896297603706256
61168,0.05836386775109352
61169,0.029687534945049894
61170,0.07258702306651771
61171,0.12826783987162005
61172,0.029346867353150088
61173,0.02163386957150029
61174,0.017087361453088458
61175,0.3632464176724155
61176,0.14677177305830708
61177,0.01635141832400415
61178,0.016745903655307422
61179,0.22013603548150035
61180,0.028475877155281618
61181,0.056158274075769066
61182,0.02727306079697809
61183,0.03794634141033301
61184,0.013439181778622774
61185,0.0917912314777804
61186,0.025291803333954917
61187,0.023042658502881497
61188,0.017893019054870847
61189,0.05018319797514158
61190,0.04738554560220226
61191,0.02161282588631722
61192,0.07181082548853358
61193,0.07960711233727016
61194,0.04010831122486215
61195,0.02801058777237519
61196,0.12301866393101948
61197,0.032130670853301305
61198,0.05776787539619681
61199,0.2702475419650923
61200,0.07143652834523434
61201,0.08320528999900036
61202,0.11965631926149886
61203,0.014207406917172642
61204,0.0957638649427905
61205,0.04629237362848109
61206,0.10685240453757731
61207,0.028360587005555115
61208,0.3025682687422223
61209,0.10071064379333261
61210,0.11823097763784247
61211,0.015016725624833296
61212,0.049631877973610315
61213,0.020695672586862827
61214,0.014852785995044731
61215,0.07648122281716148
61216,0.04934799991959632
61217,0.022052871874985374
61218,0.1731172584059981
61219,0.6001191637283682
61220,0.052697581051088356
61221,0.04460904926767263
61222,0.040099903904205786
61223,0.18908607344816253
61224,0.29489741583845613
61225,0.034217279019632535
61226,0.03183215119925102
61227,0.1446580681385241
61228,0.12712548640721147
61229,0.02180529565307365
61230,0.1969444148814882
61231,0.05876584555270137
61232,0.11068546228284094
61233,0.031387112285079045
61234,0.019983641495587103
61235,0.03709125292593494
61236,0.08412529847259258
61237,0.06554187817762099
61238,0.049179095161185016
61239,0.029998713914204826
61240,0.029099761726517875
61241,0.08834769067279982
61242,0.029410651734094004
61243,0.06238355711780636
61244,0.01964453183719123
61245,0.11888399392911544
61246,0.010931935966885816
61247,0.087207112318497
61248,0.03915751776615551
61249,0.012505566909738622
61250,0.03803684856209434
61251,0.07869539375290552
61252,0.0374039837970381
61253,0.04946826619395507
61254,0.017157430057257866
61255,0.06004441109225993
61256,0.0695355451348047
61257,0.0609819194310761
61258,0.018999528901987913
61259,0.12881248990032113
61260,0.021225758247656226
61261,0.04517514301153416
61262,0.20380646660572377
61263,0.021878176116723685
61264,0.062109505296194245
61265,0.01661531589653878
61266,0.03299666809367617
61267,0.11583622824248306
61268,0.1507616164846283
61269,0.02073526061062397
61270,0.03364642544086832
61271,0.009513770209655645
61272,0.039091871115443676
61273,0.04249170201226576
61274,0.06999942645265796
61275,0.013667025139397406
61276,0.04933774076404314
61277,0.03505725226503788
61278,0.3206125362025344
61279,0.0727138468384418
61280,0.06425715165412765
61281,0.05328284200556221
61282,0.03257059013775858
61283,0.017121112919549104
61284,0.1965656388875528
61285,0.04666487128968738
61286,0.02195635851835545
61287,0.011876091783518672
61288,0.20662069158126248
61289,0.30103851702739304
61290,0.025742769580321227
61291,0.059473591158131264
61292,0.03669611415128926
61293,0.02399776970122408
61294,0.16589639413709922
61295,0.04004081550252564
61296,0.010191015554060753
61297,0.07077654021081026
61298,0.024943682781029833
61299,0.11621140674714406
61300,0.05215670422965993
61301,0.04174116275475949
61302,0.03647044947775631
61303,0.07196482834606685
61304,0.05556918920461354
61305,0.018895441806497056
61306,0.017163725388608816
61307,0.20875567950215462
61308,0.039469404881118456
61309,0.07769710640573282
61310,0.03016863077772548
61311,0.015213611114211226
61312,0.009034066883244927
61313,0.01211303835972305
61314,0.1279471833987485
61315,0.042474373024776774
61316,0.020387488803962284
61317,0.17563520663718768
61318,0.06682784105620335
61319,0.04396315276509011
61320,0.029795921772826243
61321,0.03790779777210187
61322,0.05256207914517744
61323,0.0553147695697128
61324,0.1715558244044371
61325,0.023119609154113843
61326,0.021131558567571783
61327,0.02963616735454716
61328,0.01914293574652774
61329,0.06595872428995657
61330,0.08572362274532752
61331,0.0906498895973142
61332,0.037922666842897655
61333,0.04035452871954767
61334,0.06632529558208752
61335,0.017886657941718936
61336,0.055994885022085064
61337,0.041840691080498205
61338,0.01147596391057389
61339,0.04740187943814225
61340,0.0339368958832803
61341,0.0327313178478082
61342,0.023499274993749528
61343,0.01799713173751452
61344,0.03470029278092851
61345,0.40493094864369333
61346,0.05255058185987215
61347,0.18161971129859117
61348,0.029452319050777952
61349,0.18199469882764063
61350,0.044201476557587493
61351,0.030956937899932556
61352,0.03608082864892824
61353,0.056201932703593194
61354,0.11536851334493374
61355,0.07794475731836077
61356,0.030558694125169112
61357,0.023683200455247633
61358,0.20848369402999134
61359,0.15028790392890334
61360,0.016489659754443324
61361,0.0672661958860806
61362,0.035748944987644124
61363,0.1335397339464094
61364,0.015543398289876626
61365,0.04011734428157765
61366,0.023695734364831213
61367,0.032200772053572906
61368,0.046092236797599426
61369,0.182649727589336
61370,0.22514622165821274
61371,0.07605060964860957
61372,0.03654451353978237
61373,0.03422360584426533
61374,0.04374812709935237
61375,0.037918549598702625
61376,0.16738047441528198
61377,0.056269339637086385
61378,0.047580150884863934
61379,0.032698229241616666
61380,0.01653132140773899
61381,0.09593797945496838
61382,0.036222900261667794
61383,0.03629963809662342
61384,0.08078611226444501
61385,0.09955313220220138
61386,0.23563831027181378
61387,0.054201728195473295
61388,0.013875137235456369
61389,0.021701321760735224
61390,0.02882182586836141
61391,0.04112410688144884
61392,0.11943202743759615
61393,0.19286830213509168
61394,0.0076337411142262295
61395,0.01957014120389148
61396,0.09955551904089033
61397,0.05811165852630342
61398,0.20208565182425406
61399,0.04867191067835204
61400,0.041334043915709454
61401,0.03472166747361642
61402,0.0436315403314383
61403,0.00976887643871328
61404,0.06157725533063195
61405,0.01137656236208472
61406,0.025222776832742485
61407,0.03307446128273213
61408,0.022195474930641258
61409,0.09440995405971292
61410,0.10010192216896459
61411,0.026940735422403057
61412,0.16807292440900226
61413,0.0433812685811081
61414,0.023797345576331196
61415,0.01113544047795547
61416,0.09448556109172529
61417,0.049549174340070834
61418,0.012890592879453985
61419,0.05583632065211239
61420,0.08062201151234068
61421,0.08105316633310711
61422,0.08616950735730047
61423,0.023742316112183706
61424,0.03635364759919175
61425,0.017503761699300055
61426,0.02645399811268537
61427,0.03307692546267249
61428,0.027620274331274754
61429,0.07352272779374608
61430,0.027466201586946994
61431,0.030727655254510093
61432,0.020253344449054828
61433,0.12023085404178696
61434,0.042511714962794614
61435,0.11089256752093864
61436,0.08476501586088084
61437,0.07882545291274415
61438,0.17084770949817787
61439,0.02009396576631204
61440,0.02586589146459575
61441,0.03966817493482419
61442,0.017091805382070443
61443,0.15445043405565073
61444,0.027916414109710942
61445,0.041989837899588045
61446,0.16176295120366943
61447,0.12103163138251175
61448,0.12493283342059398
61449,0.023607560540780427
61450,0.015467760841044337
61451,0.017490566935029553
61452,0.019075678660864626
61453,0.0293252125690743
61454,0.015215452083154436
61455,0.012227924514593798
61456,0.05673045764388743
61457,0.02625101927741338
61458,0.050245704239179845
61459,0.021364516097505663
61460,0.0809961307838
61461,0.04959900133520143
61462,0.1224914145855554
61463,0.012880608879525307
61464,0.07189612463198836
61465,0.01413917690839131
61466,0.04248271754061568
61467,0.05217547846449327
61468,0.03281850485133121
61469,0.02172333128210213
61470,0.023578634393487233
61471,0.028079508701846757
61472,0.017531737818050487
61473,0.045378478475125106
61474,0.07954021491804893
61475,0.0972337504130659
61476,0.352551534581672
61477,0.10589596815270741
61478,0.051382815909946235
61479,0.053059675873460596
61480,0.10188621889995594
61481,0.03402867335904828
61482,0.07888883632873805
61483,0.06490961347208402
61484,0.0405673435679411
61485,0.0785901399583211
61486,0.018271642358114803
61487,0.03981495288543327
61488,0.06611998837594585
61489,0.08356662741609036
61490,0.17022928357024786
61491,0.05089224231520032
61492,0.018994604354509552
61493,0.021321909811206262
61494,0.01029057702540091
61495,0.07950674948506675
61496,0.013979136119671736
61497,0.07459780540410763
61498,0.03142013029994817
61499,0.04029430286952165
61500,0.035852610886119116
61501,0.10541797227073163
61502,0.028551139687323576
61503,0.01525931512765276
61504,0.14388445042906461
61505,0.04572464244548006
61506,0.23913826764070206
61507,0.04699652621546559
61508,0.060920530141296836
61509,0.0790554280835856
61510,0.01715813636836037
61511,0.012490914440853967
61512,0.03964926808394563
61513,0.1028025460842567
61514,0.043708418147923506
61515,0.05513303473398033
61516,0.02495410495511166
61517,0.02545606143665276
61518,0.02848117690846409
61519,0.014918021867824994
61520,0.02230118325681347
61521,0.02226454845429779
61522,0.10407475442390707
61523,0.04394255911088588
61524,0.048898948193521426
61525,0.02574004932865276
61526,0.03978374044134445
61527,0.05761716149443148
61528,0.042399121050527046
61529,0.11998495214888899
61530,0.14817443582859538
61531,0.0253923072342199
61532,0.031184883362930887
61533,0.06364633150997973
61534,0.018375938577941037
61535,0.05728105676039941
61536,0.10710669551875272
61537,0.023059283486744065
61538,0.030196084675109352
61539,0.021086235469566568
61540,0.06525555553481295
61541,0.02593730510182346
61542,0.0833032302831799
61543,0.02756169390372756
61544,0.03763607794229923
61545,0.023141415260419063
61546,0.1517217207772064
61547,0.016276137987195884
61548,0.12061736867777777
61549,0.07782240536823772
61550,0.024764332503545566
61551,0.4713758154729037
61552,0.07740977399467315
61553,0.028392490337965003
61554,0.15410635570471595
61555,0.01958004725392712
61556,0.07176004773033402
61557,0.007406119310802488
61558,0.058766678817268686
61559,0.012737135316910666
61560,0.10638071199779064
61561,0.020108250756524344
61562,0.03225580214921411
61563,0.013545435531609902
61564,0.01958318515634682
61565,0.02224291421361048
61566,0.06019080458249041
61567,0.02038558281243398
61568,0.12359466498576832
61569,0.009142285655761589
61570,0.2597098073990932
61571,0.019931585431733394
61572,0.029577600636890918
61573,0.038848547502703404
61574,0.027969822673332454
61575,0.025011500909938287
61576,0.022183095534048985
61577,0.016484714788179155
61578,0.051906454805597926
61579,0.10429695518005519
61580,0.05212458909609109
61581,0.019072177758218862
61582,0.016875734667166523
61583,0.2396801354287941
61584,0.11984033094312817
61585,0.0731905996487483
61586,0.02171075760780787
61587,0.029906824466656306
61588,0.11838278764240676
61589,0.010818914073979868
61590,0.015448342447716043
61591,0.04908904275191335
61592,0.01859827221252743
61593,0.4476371705096458
61594,0.012369165680691732
61595,0.0844451084604137
61596,0.037885265213082164
61597,0.07694187626524253
61598,0.037133499967292365
61599,0.32759427500388805
61600,0.05582252711715677
61601,0.025307757382924873
61602,0.1875035713845556
61603,0.019934244353160643
61604,0.11165762156683857
61605,0.07680673895588745
61606,0.027402240442695715
61607,0.08176307499333493
61608,0.023112963714572637
61609,0.013125334450848136
61610,0.07388958863741212
61611,0.01244433784111215
61612,0.0297843721439425
61613,0.07539760265413119
61614,0.1613586417840808
61615,0.010754165616951387
61616,0.10281911710126893
61617,0.012599811253757795
61618,0.08154022458503193
61619,0.10828598394197282
61620,0.07078259245609592
61621,0.014235014336809695
61622,0.013384237255757847
61623,0.09954354174379448
61624,0.04499511457916072
61625,0.014793758073620298
61626,0.02693482322674958
61627,0.07573440996639094
61628,0.1501983276986602
61629,0.035668666442347924
61630,0.03900668839842459
61631,0.04951821575270609
61632,0.018855261169823376
61633,0.01224120409649154
61634,0.23422298495779967
61635,0.04656188788763666
61636,0.08096105254494164
61637,0.035060874531288866
61638,0.055950259450799816
61639,0.03252800680015781
61640,0.0595116428543708
61641,0.027130433227000605
61642,0.026507893696291075
61643,0.035938127881406434
61644,0.018575186603536444
61645,0.04434704090449078
61646,0.08091222949326408
61647,0.04214911048511671
61648,0.06367065853512942
61649,0.028502733890038528
61650,0.029081925072410003
61651,0.03948041551098473
61652,0.05133818349788904
61653,0.01890583380619227
61654,0.03292792533746289
61655,0.03839069862895423
61656,0.011477786104866487
61657,0.14031282559472535
61658,0.5763555367767383
61659,0.07924981744119022
61660,0.148940349160377
61661,0.11151245923838426
61662,0.031920401044189466
61663,0.009546670083949696
61664,0.012461894681443462
61665,0.04425228713098421
61666,0.08280897014283672
61667,0.0592141498239816
61668,0.062367380293962195
61669,0.02084036980492967
61670,0.10979914640359584
61671,0.020968071909732842
61672,0.024021427840441457
61673,0.0318948570568631
61674,0.030697543980448442
61675,0.10555684092050871
61676,0.019484059940410126
61677,0.0453731411210719
61678,0.025924873443146566
61679,0.027137982102197047
61680,0.10239418532872574
61681,0.017797253305976885
61682,0.022631099219925097
61683,0.07267265065045465
61684,0.05358124835394562
61685,0.013279143813564957
61686,0.149214685078545
61687,0.0611071498438029
61688,0.01566038745881533
61689,0.10083486206638065
61690,0.03138199424687318
61691,0.02932394471669867
61692,0.12478231319633987
61693,0.03939678174903235
61694,0.06459059836781963
61695,0.019173318138719527
61696,0.023759126484767846
61697,0.041190178185812804
61698,0.15686621152577737
61699,0.3153936316306167
61700,0.01867489366368708
61701,0.02471507609283355
61702,0.07723894564348985
61703,0.08352190876435311
61704,0.046466581317016996
61705,0.021590816549215606
61706,0.046663831619044506
61707,0.05614780595711305
61708,0.09069370576972675
61709,0.23718305431694986
61710,0.08042167184870952
61711,0.031861990914763966
61712,0.096921968216965
61713,0.18104625678284325
61714,0.06664566534310727
61715,0.03686470181727994
61716,0.19630896985403132
61717,0.024104038113825683
61718,0.07675185489814411
61719,0.5765923125408206
61720,0.3324847847163001
61721,0.04224156745556081
61722,0.05238636278306573
61723,0.05462850636009127
61724,0.13401199286112533
61725,0.0332341853010086
61726,0.3966296153589548
61727,0.03839875982831173
61728,0.058831331625794556
61729,0.04327274894397041
61730,0.07964741817908569
61731,0.037790407570564524
61732,0.06368438919398474
61733,0.06699952504421361
61734,0.04527173783620829
61735,0.018510159184188302
61736,0.05244847682557487
61737,0.04822080525482192
61738,0.024420706160876552
61739,0.10083898515613957
61740,0.15473905952595857
61741,0.1673663323876856
61742,0.033094742353907046
61743,0.007031826314169862
61744,0.062023875561974084
61745,0.10558462069553531
61746,0.021657362198815585
61747,0.07278532051236207
61748,0.03281604219208076
61749,0.08250408234884354
61750,0.04087353006972401
61751,0.01807717752827693
61752,0.03928518337522416
61753,0.01609174938160686
61754,0.03036721276144709
61755,0.2637223604066795
61756,0.10593903654072817
61757,0.19991175361401603
61758,0.0474311297946087
61759,0.036654395232000245
61760,0.10045864963285564
61761,0.06166706623956698
61762,0.06027998138894627
61763,0.009252867195179227
61764,0.0289779407193259
61765,0.4193536788078112
61766,0.01880472165499092
61767,0.01902223871131771
61768,0.05162940064557526
61769,0.015828579483962688
61770,0.04322232476124819
61771,0.058548366151392674
61772,0.01208173392146093
61773,0.057618198219906804
61774,0.05495038174184587
61775,0.06057730411097259
61776,0.04832400299844551
61777,0.08674358461717632
61778,0.1002985023073189
61779,0.15923253160089146
61780,0.022264290379183375
61781,0.030588418226492536
61782,0.10807426798090203
61783,0.05571634992688384
61784,0.045409399903990705
61785,0.03366306798731327
61786,0.03487374410851658
61787,0.07062690324466822
61788,0.07447142226354128
61789,0.029972672909092824
61790,0.08627822356443715
61791,0.023195092495537143
61792,0.2842298468776536
61793,0.06456564481948991
61794,0.10736592585229027
61795,0.02831475056471261
61796,0.0370307942725745
61797,0.07115698699191154
61798,0.03246917240608858
61799,0.046468998225365925
61800,0.016065774255440594
61801,0.021334915919770263
61802,0.05556455960033573
61803,0.10046780646693902
61804,0.023020281155640854
61805,0.2870592531674294
61806,0.023884084029461006
61807,0.012029438327224638
61808,0.025663382388058202
61809,0.046544178197034124
61810,0.06492747538500504
61811,0.11489299663985782
61812,0.059309506593282574
61813,0.0742619772883556
61814,0.6146879159431049
61815,0.13446478089812197
61816,0.02815636509341669
61817,0.025534746422624165
61818,0.018974061926197487
61819,0.018814156244178933
61820,0.03962486797564078
61821,0.13489935841608344
61822,0.09807866499292259
61823,0.04960229890792214
61824,0.08399735217587403
61825,0.032046737997804234
61826,0.13174942495691638
61827,0.1050915715227558
61828,0.0357235385181897
61829,0.05123725985022776
61830,0.13403659172826454
61831,0.07456913897051079
61832,0.017122506330010907
61833,0.053914407263878895
61834,0.0410627119182733
61835,0.02516998291077035
61836,0.022828114661760636
61837,0.009521152439244738
61838,0.06569932624647506
61839,0.2058463482538181
61840,0.10896956174504223
61841,0.03887989292467007
61842,0.0276130411231572
61843,0.03722340576040274
61844,0.0329885448839595
61845,0.08154385565770353
61846,0.1328295423094185
61847,0.014469693927862692
61848,0.02861101356631555
61849,0.03768641002303867
61850,0.0646322701434603
61851,0.048589503068929764
61852,0.23658773321469984
61853,0.10697998288423559
61854,0.3995924413287312
61855,0.026991353330381957
61856,0.0876729612160646
61857,0.012662893616926404
61858,0.04614250804961202
61859,0.03448439429959556
61860,0.03979750483791448
61861,0.121838353544857
61862,0.10517912079867617
61863,0.36016466581004436
61864,0.039669593627782974
61865,0.040954712836677704
61866,0.039409910847412286
61867,0.03952108973249342
61868,0.060343457254358135
61869,0.03692846742076288
61870,0.014212065316595926
61871,0.029209286698229347
61872,0.1050015002417495
61873,0.06946592698619457
61874,0.0981853334457759
61875,0.03631148653651481
61876,0.06496652338867413
61877,0.03771017549353075
61878,0.028800066807950466
61879,0.06550945973564719
61880,0.05207643649425833
61881,0.008296808888285899
61882,0.20517636549982157
61883,0.051268683054442224
61884,0.02524014870609423
61885,0.020136726891818085
61886,0.045062288174169
61887,0.21197804922633712
61888,0.11619015136071084
61889,0.08736055114713995
61890,0.0834432662616811
61891,0.048007937022491
61892,0.047839802588031374
61893,0.04144738510661034
61894,0.03542212444552684
61895,0.035450078889703626
61896,0.025052769680219474
61897,0.032661053084029994
61898,0.020779795389151562
61899,0.18840602619822294
61900,0.12540759945718055
61901,0.04968780299659811
61902,0.025453498522244978
61903,0.5429314177177276
61904,0.3265982787985701
61905,0.03031612949718752
61906,0.13130079956360158
61907,0.028780441798169697
61908,0.014997734814730252
61909,0.03241813659161728
61910,0.07091753657386586
61911,0.04456480478664442
61912,0.059831692882223605
61913,0.025811461510698085
61914,0.014783461419571323
61915,0.03183456404063186
61916,0.013760410462520401
61917,0.030142460005644644
61918,0.009545141948659071
61919,0.030274906792575475
61920,0.03490791816379213
61921,0.07103111761607979
61922,0.014536652409925077
61923,0.12006282453514974
61924,0.1341392085215996
61925,0.056182291458949485
61926,0.11754328604461042
61927,0.02278073697876694
61928,0.0417622873896536
61929,0.2418776802907409
61930,0.02897220930610974
61931,0.048567215344690585
61932,0.06005666069799275
61933,0.026402993647664706
61934,0.11956815661198492
61935,0.012123717456794705
61936,0.056454163803702426
61937,0.07752214072991852
61938,0.019504588147439435
61939,0.1973724738400607
61940,0.020271224773743206
61941,0.03795248507977337
61942,0.04562788438555663
61943,0.0436177114348408
61944,0.10479775238974064
61945,0.038017404269576796
61946,0.09813775039241955
61947,0.022572148851397807
61948,0.021047181879908793
61949,0.02493743127298754
61950,0.025595731666753555
61951,0.08711354081006249
61952,0.016819954367512067
61953,0.04767410611609077
61954,0.06708380813579032
61955,0.14923467703270232
61956,0.1148511976796207
61957,0.132153615837631
61958,0.13886123373612724
61959,0.012235127538332332
61960,0.025129090321589477
61961,0.04370663778959913
61962,0.06200837038758692
61963,0.0751102399039782
61964,0.028732954826238985
61965,0.03722154868444786
61966,0.02294966957817975
61967,0.03306729235213643
61968,0.06338923746578164
61969,0.034896602075867714
61970,0.045663961456118805
61971,0.18911492525422635
61972,0.06767012285843446
61973,0.0584264162411592
61974,0.03316142975198803
61975,0.1249644918494012
61976,0.044864118856323895
61977,0.05167951547198116
61978,0.05331924668420445
61979,0.15110455096489772
61980,0.042708530357242196
61981,0.08307723518203719
61982,0.04164544118140266
61983,0.05938948714210202
61984,0.05091469516988743
61985,0.07541314181634805
61986,0.03346379044900383
61987,0.08658327638430342
61988,0.05755755627773644
61989,0.07182343378969545
61990,0.07419604242704582
61991,0.20162740855149036
61992,0.06890522656051781
61993,0.09704837400444798
61994,0.07227135823406841
61995,0.02931852691952666
61996,0.05839534724180158
61997,0.04065175029694872
61998,0.10292489558281633
61999,0.06290052548967548
62000,0.021943844940421023
62001,0.10907772344646832
62002,0.027404844824861337
62003,0.03970718864470239
62004,0.04037272549769609
62005,0.017254270477726832
62006,0.04333086231031621
62007,0.1615813338544473
62008,0.026311979557824175
62009,0.3741946216345486
62010,0.0245759891553853
62011,0.033517384482340484
62012,0.018328641577630252
62013,0.02022053914121346
62014,0.0261463432211939
62015,0.01889236546693264
62016,0.07437937385830819
62017,0.06673181590358437
62018,0.012132533095268756
62019,0.032072617745596915
62020,0.18885670685697378
62021,0.027635189468585203
62022,0.04774411821068463
62023,0.05505948516223282
62024,0.04727553146517667
62025,0.036651936331940194
62026,0.03107903749510343
62027,0.03234702547943033
62028,0.07306753201279009
62029,0.08316965857669592
62030,0.022335097904884853
62031,0.0356540115090658
62032,0.07056088249999115
62033,0.10708115237062116
62034,0.273441032380853
62035,0.044973933671066064
62036,0.01739697098161097
62037,0.05488421384019504
62038,0.04073598235823821
62039,0.01306748446411118
62040,0.03509092121701048
62041,0.03457266436655687
62042,0.07158407370793377
62043,0.06527444758788808
62044,0.011681688148691157
62045,0.0371079844087223
62046,0.029330220783433947
62047,0.026169229288471766
62048,0.03182784935457979
62049,0.07104976896846775
62050,0.05948152757013048
62051,0.01737172981935805
62052,0.018203617795258368
62053,0.024852683180698037
62054,0.0626584442290136
62055,0.08540320725438094
62056,0.05722198469260914
62057,0.03114284346659782
62058,0.14498386193560583
62059,0.0256303475562094
62060,0.015753655800123945
62061,0.039471535947420644
62062,0.01610460806574205
62063,0.11440253870894221
62064,0.17363397027136673
62065,0.04980997371614906
62066,0.09390528052775564
62067,0.02486286264905484
62068,0.019639639020199773
62069,0.015586555506799951
62070,0.05302206739316028
62071,0.019675543977674417
62072,0.07842349962378481
62073,0.021486129940660896
62074,0.0344771960638463
62075,0.0903752058899111
62076,0.07052227668832031
62077,0.05856423862243637
62078,0.29763957323188517
62079,0.10503734786082985
62080,0.03239696671459278
62081,0.07003802461213852
62082,0.03552307020815343
62083,0.13236823917836826
62084,0.19172454202901068
62085,0.029154652091900195
62086,0.310207756657758
62087,0.014435195584183994
62088,0.04371516530749203
62089,0.12069688458666337
62090,0.056829710253358826
62091,0.05567493641447982
62092,0.08976641006688066
62093,0.048896164060234185
62094,0.03733277666822932
62095,0.021370453112404937
62096,0.13849501597909983
62097,0.018408360018286656
62098,0.019348739073714698
62099,0.012221111949149743
62100,0.1036512916984917
62101,0.04125461231847183
62102,0.015322920028293835
62103,0.03364770495877365
62104,0.11977402775728264
62105,0.03617079166949934
62106,0.053010255106736306
62107,0.04872210894839385
62108,0.03597597813984728
62109,0.15341844388934306
62110,0.08663971667341326
62111,0.22033262989552924
62112,0.11564151105117748
62113,0.07464105703996249
62114,0.01466863225422686
62115,0.11402479229915445
62116,0.022156345478641638
62117,0.021512045357666494
62118,0.04811285208433784
62119,0.19240795033631036
62120,0.06976888038625056
62121,0.01067015439046029
62122,0.09434977234491769
62123,0.0768506679202218
62124,0.17562421346414345
62125,0.04713713129694156
62126,0.012605313196140267
62127,0.08200376457571161
62128,0.09996439415985284
62129,0.07807572867651875
62130,0.0319517080013394
62131,0.0639820114023366
62132,0.03834150365152251
62133,0.0866986654920189
62134,0.03419042288436969
62135,0.35341696313380844
62136,0.06990638916849837
62137,0.038502906904495385
62138,0.02031228391311295
62139,0.05196644390627559
62140,0.37957658062351785
62141,0.033195472425253905
62142,0.0479440799172995
62143,0.05956210280320191
62144,0.03951750824467841
62145,0.10751559166593225
62146,0.038010817806381034
62147,0.10981840788975145
62148,0.027649466667542463
62149,0.014808419652440633
62150,0.02763034183112218
62151,0.024935322815070108
62152,0.017225349480193056
62153,0.023346797181347415
62154,0.014170486435507394
62155,0.03749279494939123
62156,0.06630457335825507
62157,0.03915954216716747
62158,0.07874798673588045
62159,0.054416639868558124
62160,0.03570713775363993
62161,0.009835749733828562
62162,0.017003597268587568
62163,0.15015871053072888
62164,0.06196065380654192
62165,0.07022482097055446
62166,0.137513445963533
62167,0.025689876597938352
62168,0.0344656767597814
62169,0.06103946021580009
62170,0.04970427281861981
62171,0.04390223790572856
62172,0.034018050317824663
62173,0.028148012424471312
62174,0.0289743449502736
62175,0.12232563957052853
62176,0.022667914750613718
62177,0.03445242513200643
62178,0.08263906349466779
62179,0.046214756216856064
62180,0.11184891741699954
62181,0.04674876308258051
62182,0.02229966842616876
62183,0.03875260898614891
62184,0.27371849749549604
62185,0.05888103523023107
62186,0.03770889104169496
62187,0.017741790114747902
62188,0.18524559012446098
62189,0.01755982575837263
62190,0.23831572751933794
62191,0.08665569035722089
62192,0.05241429786210902
62193,0.1056206305180692
62194,0.0231630453897066
62195,0.040045214830817764
62196,0.29813512239704854
62197,0.05566367250638963
62198,0.07064157369642904
62199,0.022471506731040466
62200,0.032252573661359196
62201,0.01743082731756143
62202,0.031167222394570537
62203,0.06343894613034506
62204,0.033023692697376726
62205,0.09538184367179336
62206,0.033837100578878676
62207,0.04276334638932369
62208,0.044880629048638924
62209,0.02275271570824025
62210,0.027741852700980403
62211,0.030579709284218746
62212,0.2666474765826804
62213,0.07631168093837773
62214,0.12353577028736863
62215,0.035763352178897465
62216,0.13980913832844516
62217,0.011900374058072347
62218,0.05149161950787966
62219,0.07472931057173982
62220,0.028710254678880845
62221,0.039847644022314346
62222,0.07394826125569195
62223,0.17944270819002872
62224,0.08233785607383795
62225,0.06469084593234113
62226,0.009160117029174783
62227,0.06946488240603775
62228,0.0328739564200457
62229,0.08017125655377252
62230,0.026680326709787
62231,0.06542002574561945
62232,0.05423901262688072
62233,0.05757086561176979
62234,0.09450599283955975
62235,0.04319800357081622
62236,0.03182040558790727
62237,0.19518687615453748
62238,0.020598458900642717
62239,0.08165910805146054
62240,0.02435101963339836
62241,0.05934871518972138
62242,0.1071009104331074
62243,0.05185185555962221
62244,0.050493442452176227
62245,0.03585167320155447
62246,0.0773126201498101
62247,0.05439137287248361
62248,0.08258161701580491
62249,0.015965500963985912
62250,0.03271367403324335
62251,0.03423233852008337
62252,0.012907545134826793
62253,0.05526434244404407
62254,0.17414343943673458
62255,0.029893105919269802
62256,0.03313581932349964
62257,0.04301057994365483
62258,0.018701707860000694
62259,0.038950004939577385
62260,0.12701576202900594
62261,0.028154093338313056
62262,0.04284675731330635
62263,0.14814036215800486
62264,0.01874964890805781
62265,0.09883812129643837
62266,0.008300739658248504
62267,0.010932066314475087
62268,0.04381076185390374
62269,0.010805519070730471
62270,0.10724731964816699
62271,0.014448294054433472
62272,0.11007245870453793
62273,0.36607729371520714
62274,0.12044549797395918
62275,0.07293976287157708
62276,0.4889497580390658
62277,0.1301068552338168
62278,0.017523005123699857
62279,0.03563164692946701
62280,0.017686856501024067
62281,0.13879412387186543
62282,0.02314459999047184
62283,0.05205170828380444
62284,0.5384536940113336
62285,0.040205282328997304
62286,0.13581031967202403
62287,0.04093054001248859
62288,0.1271805533264814
62289,0.05142601719889102
62290,0.03591726806951888
62291,0.08494789672501761
62292,0.024893255003267896
62293,0.032574888504088136
62294,0.45268302441006725
62295,0.34664206774040185
62296,0.057220548429896594
62297,0.06145370134194479
62298,0.08638657016161796
62299,0.3380414372038761
62300,0.026490316033159836
62301,0.04822492312853156
62302,0.11409052823438023
62303,0.018533511685014863
62304,0.03772345439827504
62305,0.07807951202826809
62306,0.05715139688510067
62307,0.07808406086902625
62308,0.023048358298986795
62309,0.1675104459594915
62310,0.021817470829085563
62311,0.06622585407243903
62312,0.026934721514299122
62313,0.06351739222960923
62314,0.07795124231806144
62315,0.06044250970010788
62316,0.0329447759613718
62317,0.06675016469621742
62318,0.03762541272763877
62319,0.047619452628597625
62320,0.09541171426495544
62321,0.20188369028946623
62322,0.07647280830382508
62323,0.02911712562218552
62324,0.04755292012841232
62325,0.053281110918991084
62326,0.05554229740509818
62327,0.0765018137765858
62328,0.10626651973871333
62329,0.036133236931764345
62330,0.05021487180652201
62331,0.14585992134034034
62332,0.025325870160867934
62333,0.02385265889638337
62334,0.03570711181266924
62335,0.03647269867436694
62336,0.30615843466258913
62337,0.21452254538320803
62338,0.03660253884679374
62339,0.10547405767495363
62340,0.2383594439504312
62341,0.05134936343840859
62342,0.060228746573632225
62343,0.012594038532638147
62344,0.06163391102317794
62345,0.04145556514938519
62346,0.037385418703657226
62347,0.011724495747727184
62348,0.08615201700357378
62349,0.036529168636008816
62350,0.021801641026128735
62351,0.18511605063263087
62352,0.03706725183494916
62353,0.11668722111374519
62354,0.080149723263989
62355,0.02315090798919553
62356,0.16949362896774847
62357,0.05282547397077424
62358,0.05277062090619512
62359,0.11645794058824999
62360,0.20778923913474667
62361,0.026583108336694593
62362,0.15344699773124548
62363,0.03629470499650252
62364,0.02194987866631178
62365,0.014961364170083846
62366,0.02568904800260159
62367,0.024816797184742286
62368,0.05173354956176535
62369,0.03405988365463312
62370,0.019823760103377688
62371,0.05558184231148614
62372,0.06402168369254571
62373,0.04722749694522001
62374,0.02141009187790914
62375,0.05337802762065208
62376,0.09694893040708162
62377,0.03389185590689147
62378,0.05310197133782739
62379,0.0164151540880036
62380,0.0273111657569177
62381,0.013582294074368052
62382,0.04681705384283284
62383,0.0696718718638983
62384,0.019558143273657028
62385,0.038913282137768075
62386,0.017153403397491128
62387,0.04590263369923877
62388,0.04380658218960622
62389,0.042968201446568245
62390,0.06833114355114478
62391,0.03273218739476346
62392,0.044387917271874584
62393,0.010391251359125922
62394,0.27828319129515133
62395,0.014394538764632609
62396,0.08853750917028447
62397,0.07210687581211639
62398,0.02930564502371247
62399,0.16560903319881323
62400,0.05321308193814815
62401,0.01653114865953922
62402,0.033446575558959114
62403,0.1086645274807596
62404,0.02970436042380012
62405,0.2454189236053474
62406,0.028110884149615555
62407,0.06081710099198635
62408,0.053045790690935374
62409,0.04952445910627328
62410,0.3051971687880078
62411,0.16540130655520668
62412,0.038354306780928084
62413,0.06481023821187457
62414,0.06872942832753076
62415,0.037810029881111484
62416,0.07541842886225972
62417,0.041516439049092024
62418,0.029250910550642988
62419,0.0437236482346644
62420,0.06619764924337045
62421,0.029079363688564043
62422,0.027255645511183355
62423,0.10807114005351748
62424,0.041975559395167
62425,0.020349383018949625
62426,0.015496588474376521
62427,0.011439251456565151
62428,0.22672528631553984
62429,0.04470815500319254
62430,0.08501203813357022
62431,0.07865077818502458
62432,0.033143800302199655
62433,0.10229705495622046
62434,0.028734204252210904
62435,0.013634957480377555
62436,0.02536970540765516
62437,0.016115737548413646
62438,0.028852247921079738
62439,0.361881371101587
62440,0.05457154550953959
62441,0.09087335343372788
62442,0.023480169170740098
62443,0.03137123179544758
62444,0.06923618479036926
62445,0.028310388176414698
62446,0.029319855624978963
62447,0.014476917142388796
62448,0.07055921890343664
62449,0.02597696925127224
62450,0.04076952362522936
62451,0.021219791015552915
62452,0.04008464995492338
62453,0.024446261727723014
62454,0.06910758816260859
62455,0.04507185242362526
62456,0.11888302390818223
62457,0.024284102118337758
62458,0.17798662401540086
62459,0.16506189716246064
62460,0.14896642527929976
62461,0.03134159813691798
62462,0.07214366488137097
62463,0.0922697943219971
62464,0.048534001540051615
62465,0.09343916041588886
62466,0.023393238125791575
62467,0.04780124661563409
62468,0.15198592108025327
62469,0.038913076973218844
62470,0.04728992281100907
62471,0.13962583885210428
62472,0.020432645597818024
62473,0.02776292184070606
62474,0.014833394774799235
62475,0.03549290913587676
62476,0.06481690681158775
62477,0.014969923224919829
62478,0.08888716507072272
62479,0.06331470979853275
62480,0.336628078741658
62481,0.10031761819216736
62482,0.0802829313512903
62483,0.05856864756549137
62484,0.05955911044546636
62485,0.09159870334715481
62486,0.023516515825608098
62487,0.024984843026209222
62488,0.13075991701243525
62489,0.05758743425587583
62490,0.07278672646825865
62491,0.09637321365519964
62492,0.02170289633071298
62493,0.038520505418057654
62494,0.013468561992502777
62495,0.01822213735907329
62496,0.044892080675865
62497,0.02018448903749516
62498,0.017797520438896472
62499,0.10049622014126788
62500,0.01702328621941195
62501,0.03549457179822954
62502,0.21353471505930233
62503,0.029265874881775657
62504,0.009348576332126008
62505,0.04709273194590316
62506,0.017707055173472982
62507,0.25171160142792703
62508,0.06273136042365475
62509,0.027623955052050217
62510,0.012292504381218433
62511,0.12102611744180383
62512,0.059102166232519446
62513,0.129994528540612
62514,0.033633199982424304
62515,0.05353481071925152
62516,0.05944239066433953
62517,0.03057098077977104
62518,0.16423668773482736
62519,0.021127900077461022
62520,0.07409176587246051
62521,0.15871894902229644
62522,0.045140533787112566
62523,0.13491770793921307
62524,0.028196280350268367
62525,0.017521703625895352
62526,0.022987700489626707
62527,0.10300861789083918
62528,0.07435133062969553
62529,0.10358123980564721
62530,0.0652170337989363
62531,0.05862475882617737
62532,0.02779178536707069
62533,0.04904893182452407
62534,0.08681036687564941
62535,0.06617242722888321
62536,0.01424980914574113
62537,0.05537621546751888
62538,0.07346182211241271
62539,0.178086715163624
62540,0.0830473099631336
62541,0.09393885984659994
62542,0.02476977888092798
62543,0.044467849519300134
62544,0.0307546469526354
62545,0.09482427404643388
62546,0.02229065483316168
62547,0.03321098403182435
62548,0.09695820555051382
62549,0.026948632588526426
62550,0.025054666819521575
62551,0.01881014711249431
62552,0.3490628449363058
62553,0.28325665331977373
62554,0.022495411515659355
62555,0.036915992213646776
62556,0.18739713991651866
62557,0.0735440733273465
62558,0.028017668337536824
62559,0.04010719105077296
62560,0.11333060144740673
62561,0.022152484387884086
62562,0.033069683493217886
62563,0.03881283873838949
62564,0.024248790464716806
62565,0.10138261792343606
62566,0.014698012291897222
62567,0.04113859460588589
62568,0.07971787624423786
62569,0.02562744380965007
62570,0.0450297933756102
62571,0.026412311961054785
62572,0.03130482599764554
62573,0.053353258840891364
62574,0.058849910458889376
62575,0.016856351287307083
62576,0.11629866607198319
62577,0.07624087484801058
62578,0.009188516492066211
62579,0.02937360395311763
62580,0.012442363152289566
62581,0.06801685676853467
62582,0.0634459897340416
62583,0.019704283908322528
62584,0.09520686989901364
62585,0.054361776312902246
62586,0.09771327773069645
62587,0.007753278121735574
62588,0.1425335104317138
62589,0.08498043868864534
62590,0.03086136677830694
62591,0.26119307742613435
62592,0.1868348065804483
62593,0.036310094296228654
62594,0.028903052835998474
62595,0.04798556536668665
62596,0.02114045975308404
62597,0.05065127965548889
62598,0.1390582503629982
62599,0.09410729941113447
62600,0.06322496172456771
62601,0.09013475154500052
62602,0.15548432390623063
62603,0.08019214446171663
62604,0.08474048608635591
62605,0.08982980979535889
62606,0.05491499089379917
62607,0.014386717897501832
62608,0.4720901437171131
62609,0.07210746337682902
62610,0.08254186980276684
62611,0.0135958749481404
62612,0.028625073798315873
62613,0.027565755493911433
62614,0.07244386683634436
62615,0.08862109490323611
62616,0.045052715259123896
62617,0.0750710577091345
62618,0.02640512200338547
62619,0.038588111967794596
62620,0.04907623460916544
62621,0.03902152251375989
62622,0.22813448349721502
62623,0.03685863299642141
62624,0.01584415996855644
62625,0.026602330297725168
62626,0.12293965380106878
62627,0.10015516077862954
62628,0.028105167458386225
62629,0.09431342305921947
62630,0.02734190716252529
62631,0.028833061521909894
62632,0.03437011064070215
62633,0.05104614447821891
62634,0.031168955192748257
62635,0.037357460312197825
62636,0.02679815769447494
62637,0.037951837029972214
62638,0.07077173305727122
62639,0.024433875230962642
62640,0.45474655509853734
62641,0.167877996380412
62642,0.020282708301978446
62643,0.08959054263410675
62644,0.17335955384413396
62645,0.021757879886852922
62646,0.021342499299918265
62647,0.0582660918120254
62648,0.021436810642866046
62649,0.07770088649517229
62650,0.036327406324606966
62651,0.49261335885181573
62652,0.0901812355053661
62653,0.018672113861908382
62654,0.12988590061587507
62655,0.058516658308785045
62656,0.00985343875996291
62657,0.025928769304686405
62658,0.01676798910395751
62659,0.04682959272750977
62660,0.016577452415906045
62661,0.02962972502042889
62662,0.021152838691888665
62663,0.027678220682135914
62664,0.021231415488557465
62665,0.035068753617860896
62666,0.15411276233435445
62667,0.015326674844930804
62668,0.020780236395745173
62669,0.015243682772657138
62670,0.011413555236835321
62671,0.03368787984671616
62672,0.05420640599460841
62673,0.07915935587317063
62674,0.03515695860335876
62675,0.05225059890792704
62676,0.05094701581153608
62677,0.1487494116780318
62678,0.06432767892588488
62679,0.07390823423892666
62680,0.01852913956325865
62681,0.17230829361406763
62682,0.014377251715239712
62683,0.10494536330295037
62684,0.04753991257680288
62685,0.10141619875556493
62686,0.1110345371258537
62687,0.028008933104299583
62688,0.20650710100324493
62689,0.15474527890232376
62690,0.016773733322510084
62691,0.024875928944082363
62692,0.0285502297133065
62693,0.028479695546760983
62694,0.009607415471109475
62695,0.023411243107447664
62696,0.19201192779313778
62697,0.016284913775694042
62698,0.025244078073804813
62699,0.14127071747477998
62700,0.0652167940969963
62701,0.07504990994337124
62702,0.03636447323408136
62703,0.073638347443473
62704,0.11344962019776678
62705,0.3337661405208548
62706,0.008547686558579735
62707,0.01894883353726703
62708,0.03234499060955767
62709,0.036069253072396154
62710,0.026731649885931207
62711,0.07759583295323605
62712,0.04585281553454388
62713,0.030958331518792574
62714,0.04166000963783379
62715,0.07333400667111573
62716,0.0365949176589927
62717,0.04900150998640029
62718,0.11510807265168391
62719,0.05045167848918311
62720,0.09227625721580107
62721,0.04095467553336521
62722,0.07071165710946162
62723,0.028314049069988967
62724,0.105980111487186
62725,0.05176239264203253
62726,0.09694792959160844
62727,0.02702416911068222
62728,0.02876686256813999
62729,0.01718689528100503
62730,0.12679933872135996
62731,0.04886824299129687
62732,0.05947041421882422
62733,0.04104311713960979
62734,0.0747231286628727
62735,0.04529519886270175
62736,0.03785359865203855
62737,0.10398278577204953
62738,0.16800430951189
62739,0.04107852457970575
62740,0.0925303641123624
62741,0.05202827495775676
62742,0.04589107644353467
62743,0.654804894653725
62744,0.02830044094881809
62745,0.05905586805992951
62746,0.009520206607418064
62747,0.8705766857674159
62748,0.02641425738390344
62749,0.036294223580792304
62750,0.01602134994894827
62751,0.04780798837865128
62752,0.05027560883056878
62753,0.03276795830766123
62754,0.08385594130092663
62755,0.023160510638805233
62756,0.022740575963357636
62757,0.04492076496427728
62758,0.047273994607580166
62759,0.009790100092849538
62760,0.07842444949683272
62761,0.043791470464266326
62762,0.03971414086570995
62763,0.03235436215284261
62764,0.019958386923209316
62765,0.052116893216266946
62766,0.06579518029554723
62767,0.10936821194008756
62768,0.16278933959577502
62769,0.05233239298806863
62770,0.026739770335802524
62771,0.015708376350238917
62772,0.05061545426933645
62773,0.04083094420752434
62774,0.14638080902450284
62775,0.07333495756243635
62776,0.027401498200396605
62777,0.040848211070204254
62778,0.0635050288802679
62779,0.08281404786922884
62780,0.03948434422232837
62781,0.015452732508212294
62782,0.02761220831952754
62783,0.019778298479651114
62784,0.04730048006567247
62785,0.04186643100448718
62786,0.1915086727625078
62787,0.03843935683592895
62788,0.04351950204565934
62789,0.04016749153658504
62790,0.054429903310743634
62791,0.035296033380529446
62792,0.059990976659847595
62793,0.03512707427704413
62794,0.023511033835771508
62795,0.07199637643478246
62796,0.07722762982832232
62797,0.07197485596016087
62798,0.029468587300355703
62799,0.020446337554469143
62800,0.0789584973438799
62801,0.015224509889697363
62802,0.16696280330385874
62803,0.03599990404813075
62804,0.03317664363765658
62805,0.08519610530197859
62806,0.03214444189285215
62807,0.042483669109899674
62808,0.08239237481534226
62809,0.27425501008224806
62810,0.012392693526477865
62811,0.01924937709020161
62812,0.08370869226741996
62813,0.03758689086961019
62814,0.14485325204489174
62815,0.061030046181730684
62816,0.03233973678713904
62817,0.12582120285905876
62818,0.022052550100988104
62819,0.018689151658888903
62820,0.09905277512033187
62821,0.02106648420945068
62822,0.09130970072939482
62823,0.08126445709595627
62824,0.030941066223469205
62825,0.15952242139353412
62826,0.03888071377230857
62827,0.03062347646168256
62828,0.03251911244580839
62829,0.07530417973856192
62830,0.042087376735494654
62831,0.1086411210661525
62832,0.04032499083261018
62833,0.038320397783932904
62834,0.013599344156364705
62835,0.05463891785971632
62836,0.01949991624478934
62837,0.013548892836570967
62838,0.14583054563377393
62839,0.03857534988274062
62840,0.027809702617947043
62841,0.05188003559579024
62842,0.10525152107361856
62843,0.05745558495803549
62844,0.07011231535132265
62845,0.029961674810776946
62846,0.02530533370516631
62847,0.014769724713637813
62848,0.10703072124719573
62849,0.10307236497413952
62850,0.06308725803364162
62851,0.07351939544007846
62852,0.09675893086894938
62853,0.04922387908435358
62854,0.030492268872886835
62855,0.10638233499747199
62856,0.013286626326215138
62857,0.040652528204088274
62858,0.17256459181238407
62859,0.02423810092648634
62860,0.03091416919572766
62861,0.03212599850181001
62862,0.06504801334901374
62863,0.20359710392311392
62864,0.04634197878640002
62865,0.01483811619838753
62866,0.03380316950885269
62867,0.12173043341147792
62868,0.036497834279434975
62869,0.048178216902345826
62870,0.010778502720036404
62871,0.06664881082336115
62872,0.1637069218559545
62873,0.023980596283332205
62874,0.031957060807663404
62875,0.04343781736533494
62876,0.010885011137604532
62877,0.03994022790922622
62878,0.07048825980107136
62879,0.0490399855616263
62880,0.06627395330990142
62881,0.13546575515803
62882,0.05416118995934281
62883,0.09881498589768688
62884,0.034295937034464194
62885,0.12770980037374116
62886,0.04803400563295211
62887,0.01863774218170511
62888,0.22079950042205337
62889,0.03448378682565589
62890,0.0729442070483169
62891,0.029432688051628304
62892,0.05730797818299835
62893,0.17106312542932967
62894,0.024273457253111225
62895,0.02711382876442426
62896,0.05775103869251158
62897,0.5673685857469206
62898,0.06237383001937648
62899,0.11614910967453454
62900,0.02163921682237532
62901,0.04206254397896114
62902,0.0877034784317067
62903,0.04798763802877909
62904,0.12294396230665006
62905,0.02980000841727355
62906,0.09251930401513031
62907,0.04031600862604341
62908,0.061952220797427855
62909,0.030428852845953622
62910,0.04897479874538419
62911,0.2271184665389746
62912,0.03039258386604199
62913,0.05961372637171295
62914,0.06835051511287822
62915,0.04745413418683797
62916,0.03609083683160481
62917,0.023695659981719252
62918,0.07299493584520199
62919,0.047291402536350065
62920,0.28313607187095113
62921,0.02100402394914042
62922,0.014191165032151487
62923,0.031465635486604096
62924,0.09378243794974263
62925,0.09924714038184132
62926,0.02717499138721044
62927,0.00949820729079256
62928,0.033761782271814596
62929,0.06539510326065162
62930,0.036593255102211286
62931,0.040678668516524304
62932,0.008650727256915453
62933,0.030827146465843332
62934,0.05570469985332425
62935,0.03505832249416951
62936,0.12338141353747345
62937,0.028161496654335625
62938,0.13737806540008102
62939,0.04957560305598421
62940,0.027371227028442188
62941,0.18390504491653054
62942,0.02369062247859193
62943,0.04338540259801183
62944,0.2548807425699183
62945,0.19541965505900083
62946,0.01362941460186768
62947,0.093100406955296
62948,0.030397896956398957
62949,0.05884636250328846
62950,0.028013643625729265
62951,0.3127820571366255
62952,0.012110207280858036
62953,0.01563717013730928
62954,0.022365469462164764
62955,0.1314578867993783
62956,0.05717624266833863
62957,0.039949067429244214
62958,0.04067277630044995
62959,0.017263586269307577
62960,0.040952473424076236
62961,0.07596397614846981
62962,0.03335765023490367
62963,0.12775660481750117
62964,0.041475888151744744
62965,0.01832350133975871
62966,0.05806427890635459
62967,0.01198465545248574
62968,0.0579224532291087
62969,0.03430257407957382
62970,0.01762525298372776
62971,0.09726012236087492
62972,0.029845198400055502
62973,0.08465447167998705
62974,0.08523054745845375
62975,0.03841001267591543
62976,0.3301345262893015
62977,0.05036986467177766
62978,0.02157257410644843
62979,0.12014268605123708
62980,0.06438339584455513
62981,0.054397245622045724
62982,0.07558421339176469
62983,0.12893196573360385
62984,0.31475296479020404
62985,0.038127991835083946
62986,0.016719922715657917
62987,0.05950549164092375
62988,0.0534089106769774
62989,0.026365139480650012
62990,0.07905253733208192
62991,0.10507572914530286
62992,0.05318681740921377
62993,0.05281624468655559
62994,0.131124759396486
62995,0.03886150022709297
62996,0.05028720882513771
62997,0.1196266917244582
62998,0.02606970045141892
62999,0.08027380730041218
63000,0.08300054732687878
63001,0.08745096155793504
63002,0.09801278399573
63003,0.027609470376923358
63004,0.04948304227478213
63005,0.021332942720223586
63006,0.014227123039322545
63007,0.07449823906977063
63008,0.052444522379563645
63009,0.04488316613200745
63010,0.2050604150139807
63011,0.07531746713526047
63012,0.021831830600183663
63013,0.2742771789489229
63014,0.10386275213141241
63015,0.020819409241861063
63016,0.04359841179159381
63017,0.050513112910419065
63018,0.11562890940096615
63019,0.009361519321429614
63020,0.038610617917028134
63021,0.00764800032917215
63022,0.09486587570683176
63023,0.0471602138687616
63024,0.11651004469740726
63025,0.03672037429517787
63026,0.028606357428693358
63027,0.019560644736017055
63028,0.03675466634073561
63029,0.07274817293831652
63030,0.0474175567021583
63031,0.02393599854849424
63032,0.022425067501505996
63033,0.025193959611423223
63034,0.03052105524392351
63035,0.031907462217150365
63036,0.03792847347340856
63037,0.04766734804934351
63038,0.057482865220406625
63039,0.22300142879750945
63040,0.03947032071937853
63041,0.6289136938332884
63042,0.028102303075008946
63043,0.030703529589066355
63044,0.05295659830995553
63045,0.01842252400025296
63046,0.11298874704185542
63047,0.037362721454387286
63048,0.030046669623357298
63049,0.01721237758597138
63050,0.0973160080701801
63051,0.02782831905714984
63052,0.016383102804226484
63053,0.20915020742084112
63054,0.04229377482968901
63055,0.02971372199614576
63056,0.027318830402349153
63057,0.1574460978399193
63058,0.011907313619988076
63059,0.0787938939978526
63060,0.043584661955257495
63061,0.038550494572045714
63062,0.10565845646250807
63063,0.03766105594289374
63064,0.01026789098435402
63065,0.09286027783349494
63066,0.03727970734771184
63067,0.035813461319622215
63068,0.05948881317226133
63069,0.04580217725373305
63070,0.05130133951281049
63071,0.06564732299839832
63072,0.013053314938305327
63073,0.028072132854363645
63074,0.015435185481513111
63075,0.01363217360036561
63076,0.12191184270367797
63077,0.06540578233952525
63078,0.17021696550894105
63079,0.039663956185662826
63080,0.03238958030442263
63081,0.018155941723243745
63082,0.1619610381105267
63083,0.044954307164093855
63084,0.027711232623814357
63085,0.020933494352641826
63086,0.03015874553612042
63087,0.024976862707117943
63088,0.05375670918593671
63089,0.09526216776697087
63090,0.03744993540351552
63091,0.0890929021946886
63092,0.08343699446068846
63093,0.016442914296784926
63094,0.015864061682939516
63095,0.048611807854725034
63096,0.0655316941748176
63097,0.035458981136757516
63098,0.01767603982355574
63099,0.03588847573062529
63100,0.04496579734888034
63101,0.07255734270137015
63102,0.16585135307293886
63103,0.02433286588795563
63104,0.030583317823103046
63105,0.04613738867788151
63106,0.0719420326663536
63107,0.009021335438651506
63108,0.009339112591732653
63109,0.03646089004012978
63110,0.024169951380954208
63111,0.03261345014254555
63112,0.16950279284032835
63113,0.016789475856719818
63114,0.021596651074729824
63115,0.021755836175141038
63116,0.0662194308115859
63117,0.04809654172929419
63118,0.07311605167855773
63119,0.09263321380233637
63120,0.037072151711796765
63121,0.06750314618278265
63122,0.322125134682986
63123,0.8879895422704167
63124,0.06353663200064254
63125,0.026192342197896526
63126,0.021349755179003033
63127,0.014736608344378156
63128,0.18826792773085643
63129,0.15857624307616666
63130,0.009085539610199658
63131,0.12455199715162447
63132,0.036864894974697894
63133,0.06643013247998418
63134,0.07513470764318793
63135,0.13115327115280007
63136,0.03911054633802247
63137,0.04487532732031868
63138,0.20180991725557076
63139,0.04977575122690542
63140,0.0989755069692595
63141,0.011460715303422925
63142,0.04210234485524275
63143,0.3133643990376333
63144,0.12280159107182845
63145,0.08266389236711902
63146,0.032738996906456104
63147,0.07622571822751524
63148,0.06754675519760987
63149,0.015366319816137338
63150,0.014224081990489613
63151,0.17423978785637412
63152,0.04717642684621281
63153,0.0239915271308338
63154,0.03236885355825239
63155,0.0453388824791182
63156,0.012421631192977418
63157,0.03706895603188001
63158,0.1413189741649393
63159,0.04553576745552768
63160,0.19828978146064802
63161,0.018512108728422714
63162,0.2493699378603736
63163,0.011895812023174742
63164,0.09456983570911878
63165,0.05422507899441104
63166,0.019160724863325415
63167,0.07976082293959531
63168,0.04976933968836983
63169,0.2475983436770592
63170,0.010223334608393343
63171,0.10195870082200813
63172,0.016336690275952297
63173,0.016956486551602395
63174,0.02556424209911221
63175,0.049750256934847546
63176,0.04095043218984352
63177,0.03216897466461935
63178,0.02522985726006558
63179,0.022953053000952694
63180,0.029000240657761515
63181,0.057072671649588444
63182,0.07088947139249138
63183,0.016451663992053892
63184,0.03622047187873987
63185,0.08350519844281962
63186,0.13485341774962883
63187,0.0241889038223984
63188,0.3019075115724432
63189,0.06276696408746804
63190,0.03605706395147906
63191,0.047118922772612
63192,0.027507583607251043
63193,0.08944925404815444
63194,0.012977210583959963
63195,0.024991440054996844
63196,0.028880472026827766
63197,0.01605493171876081
63198,0.040261177370132115
63199,0.01818798034348003
63200,0.025490500215793126
63201,0.042130725019182816
63202,0.05968061435235712
63203,0.10656103280859297
63204,0.040422173819272
63205,0.14583915949585702
63206,0.1239777321875907
63207,0.03230580666258162
63208,0.011459067145054342
63209,0.09738771068718072
63210,0.08991492720991605
63211,0.0460551757500007
63212,0.060102858441582904
63213,0.02250687712596149
63214,0.021394854047409127
63215,0.054630919006727105
63216,0.032595150837284884
63217,0.2836653341961563
63218,0.03828903490288818
63219,0.07045368931123291
63220,0.020888009643189088
63221,0.10833486891994905
63222,0.2929684219700976
63223,0.04913268724418915
63224,0.034053500191700316
63225,0.014904974443402764
63226,0.01772586690855498
63227,0.068555353429405
63228,0.02869141297387153
63229,0.024166192804628873
63230,0.040707723568219695
63231,0.07561939141357102
63232,0.026369421921842214
63233,0.022773762377455924
63234,0.11015876872555497
63235,0.06640569922142414
63236,0.09077618126071346
63237,0.1183036175941614
63238,0.09300823007761536
63239,0.02291403363819728
63240,0.07445246588875012
63241,0.048661932106239335
63242,0.13567607635145099
63243,0.04495129085914515
63244,0.16883963031454097
63245,0.34618153840652743
63246,0.04462106936652004
63247,0.011652093242581464
63248,0.0311482351691919
63249,0.022607763494408427
63250,0.02001573206139921
63251,0.016227981166446578
63252,0.03701728072886755
63253,0.0729645754368161
63254,0.10561359603157422
63255,0.05150326580258781
63256,0.18521713043573076
63257,0.11195481131396064
63258,0.024470921343292797
63259,0.0366070539819262
63260,0.06800160923001505
63261,0.05168658203635362
63262,0.14499784786003123
63263,0.2716435983083939
63264,0.02579951894547547
63265,0.053395988886739035
63266,0.03691151991501284
63267,0.011019841879739915
63268,0.09590115855353237
63269,0.049693528044080115
63270,0.06659903784633103
63271,0.11491943719710862
63272,0.01940963085900966
63273,0.04309384029442344
63274,0.03611691621944382
63275,0.02323410675842763
63276,0.06613461023946145
63277,0.022367549921925807
63278,0.06574795179315501
63279,0.021764764784551298
63280,0.025090711328467373
63281,0.13477566163526802
63282,0.04017748186050686
63283,0.4487825841089551
63284,0.04192786259863362
63285,0.06350155400830121
63286,0.0221065736209355
63287,0.037408068463831386
63288,0.02499328005496478
63289,0.04317640621845865
63290,0.021089192358283815
63291,0.07931043008162428
63292,0.09711164899314098
63293,0.16795828936789062
63294,0.12548367466642701
63295,0.13602662995282908
63296,0.03160864075516072
63297,0.04698163603172989
63298,0.09756355374038442
63299,0.03336825360350562
63300,0.09454836148757655
63301,0.1434258231898515
63302,0.020177683447318708
63303,0.018650166582995637
63304,0.035485989777551026
63305,0.03412454705040761
63306,0.07267778286799013
63307,0.1933340186998354
63308,0.03233796922544987
63309,0.16004897479105656
63310,0.025188739534841107
63311,0.03234286948724759
63312,0.07126239595782478
63313,0.05468093320246146
63314,0.011121455671251432
63315,0.04511557287930519
63316,0.02494999805912743
63317,0.03271387338282082
63318,0.04613506610653063
63319,0.019965882334362552
63320,0.05604561283518461
63321,0.11902364184307712
63322,0.018546373210315
63323,0.08606941751033097
63324,0.4225754644708666
63325,0.18197070697004256
63326,0.029543136697737917
63327,0.0316889704499191
63328,0.05069736193977467
63329,0.049296774673343716
63330,0.047361291722049774
63331,0.038300721791095726
63332,0.04653542248426769
63333,0.02089082002111949
63334,0.09623701640321225
63335,0.07344602729297638
63336,0.03547286722442335
63337,0.0440669793527814
63338,0.021574465184602917
63339,0.05486526494587235
63340,0.04992352424330892
63341,0.038779017290138176
63342,0.04303535190482536
63343,0.039375710171363654
63344,0.09656082769827246
63345,0.028723583574952735
63346,0.01824748025679542
63347,0.020241850906152117
63348,0.021010791042489797
63349,0.12472932612699328
63350,0.038166331610080546
63351,0.02379501107584108
63352,0.12845476971680148
63353,0.0638315344862351
63354,0.04832181052335248
63355,0.12340952347307078
63356,0.014558747330193134
63357,0.06103118039330467
63358,0.05452618658870675
63359,0.11612115394543807
63360,0.021905945872507025
63361,0.04359078327134851
63362,0.10381251240653651
63363,0.05070929275601846
63364,0.06440234221194534
63365,0.07869166104196729
63366,0.06127473801062004
63367,0.07695885031058275
63368,0.06112178254983887
63369,0.08875413515463453
63370,0.09524506531486884
63371,0.06304852290220905
63372,0.02685745087046174
63373,0.07299160012131718
63374,0.18887524534442895
63375,0.08220957864934642
63376,0.06286223664966278
63377,0.035807546349984565
63378,0.24754211643630905
63379,0.07449996428302122
63380,0.014558528837609983
63381,0.02328775749803092
63382,0.07504622378948594
63383,0.12996809978286533
63384,0.20911521907277675
63385,0.01751824849094491
63386,0.10214535429171817
63387,0.012579056955458077
63388,0.03628433417791272
63389,0.021155833416085994
63390,0.026739273775941964
63391,0.055160983073246
63392,0.02713543937141351
63393,0.026809944484794245
63394,0.03287375159489205
63395,0.05387978851286408
63396,0.027234855760886724
63397,0.07039876010380333
63398,0.02125797681606631
63399,0.04476448808159433
63400,0.01712769329862189
63401,0.08162289036324312
63402,0.08572797443565992
63403,0.03360374943812412
63404,0.038564435893926496
63405,0.03364790538579958
63406,0.010097683333807035
63407,0.024001259153584968
63408,0.0724058396539092
63409,0.01153860634361004
63410,0.1499275827394261
63411,0.07160207086432828
63412,0.04141891378636701
63413,0.03374796523441235
63414,0.014225215121181675
63415,0.04452892691668341
63416,0.03277707591984724
63417,0.012482007633818086
63418,0.017246457301848855
63419,0.05146565893721282
63420,0.0249435132288763
63421,0.020217216337975654
63422,0.13296755291091775
63423,0.02423018697306297
63424,0.022205667517628785
63425,0.04862139675083364
63426,0.3786519565952233
63427,0.08388231258278615
63428,0.027375292160600702
63429,0.08041826253310334
63430,0.021608043587236694
63431,0.049389465654466794
63432,0.03141752939338821
63433,0.05069797497416276
63434,0.09060649619353042
63435,0.035848445298496866
63436,0.14173629728014905
63437,0.14453186476878613
63438,0.08208982010998887
63439,0.1277724498447767
63440,0.09179066789595133
63441,0.11540300445303983
63442,0.01522336891757323
63443,0.07274905373284526
63444,0.04657727678457353
63445,0.10620171278691681
63446,0.09413106813682351
63447,0.02022349586054722
63448,0.01485497717413079
63449,0.06484171361456931
63450,0.038179149279411594
63451,0.06569906294959421
63452,0.041885413895470215
63453,0.18378340949012123
63454,0.04218867577393437
63455,0.01232791453043636
63456,0.01736118971501098
63457,0.03202969507637442
63458,0.1531488015539677
63459,0.0822271119926916
63460,0.0228133445880501
63461,0.01966041310503427
63462,0.13899357085912906
63463,0.012390838443234735
63464,0.01877803426783722
63465,0.014917239718610975
63466,0.11069197753827988
63467,0.016140226053303793
63468,0.08152345242373385
63469,0.07047212359631785
63470,0.019528967974268136
63471,0.048609404349554755
63472,0.059751643013800995
63473,0.5168309537609065
63474,0.08361533297718074
63475,0.024350559952441578
63476,0.06352258965714414
63477,0.12561636820574132
63478,0.11662233601219323
63479,0.08782544852765549
63480,0.026042534974589235
63481,0.041248955198988316
63482,0.049082270670358016
63483,0.05416243981411091
63484,0.05544035454920716
63485,0.04204063311973133
63486,0.06404696491501258
63487,0.12319513864554986
63488,0.04702911337073351
63489,0.07450803827179733
63490,0.025346096658524005
63491,0.030296496688099223
63492,0.08286184586705632
63493,0.026499078283742657
63494,0.010517935538366914
63495,0.05615609704148021
63496,0.022511240643994766
63497,0.028406756245741883
63498,0.06331836741600934
63499,0.043419007523763375
63500,0.03206073626739034
63501,0.016864611208689106
63502,0.05931096534425389
63503,0.05383023609534485
63504,0.06363015917998162
63505,0.0709727481108148
63506,0.056127747155682056
63507,0.021172288293913797
63508,0.041143369197852574
63509,0.04852713593259503
63510,0.10885193338333089
63511,0.04488644116693026
63512,0.06676206836337688
63513,0.03669279211117041
63514,0.047700531627406936
63515,0.05884694708535548
63516,0.04079803688063795
63517,0.087283867364018
63518,0.0185850470016688
63519,0.08089895683436926
63520,0.05422556167082164
63521,0.056290695226059714
63522,0.579947582994221
63523,0.044819601021521924
63524,0.04885192764368732
63525,0.039502441856980916
63526,0.028979299091787834
63527,0.04798910266539965
63528,0.08076709641143087
63529,0.03644151805743671
63530,0.010088090355979653
63531,0.06298381744146382
63532,0.11682799902696159
63533,0.0212734644188479
63534,0.07139022321116696
63535,0.018669202721453726
63536,0.23315106656814777
63537,0.2819714213934944
63538,0.05817666389256924
63539,0.019293541308516526
63540,0.1189246513946369
63541,0.012119840943200918
63542,0.022691445071031727
63543,0.09311806983548068
63544,0.01814762270434809
63545,0.05692872056561292
63546,0.019708059218156212
63547,0.022349815859523746
63548,0.026629591038345037
63549,0.03422700580147742
63550,0.012573755468886382
63551,0.022016443465622235
63552,0.039966251910902494
63553,0.1571434892766868
63554,0.04671315872874618
63555,0.019509867067812298
63556,0.04306327865830544
63557,0.06210960450328291
63558,0.08347247315710078
63559,0.029873402212364744
63560,0.06710236791178184
63561,0.02719809937417396
63562,0.05129508556544184
63563,0.04429798571308425
63564,0.01838651987299331
63565,0.044554411353003975
63566,0.04863599834165616
63567,0.04877102502885219
63568,0.035893960654271584
63569,0.028296407494686992
63570,0.04429147275595585
63571,0.09517948663293928
63572,0.09960665565730481
63573,0.1075385817062583
63574,0.01000726847251375
63575,0.010862704769736551
63576,0.11369947950189147
63577,0.2657567809815168
63578,0.0700832231932742
63579,0.07150481624213613
63580,0.030608111154192902
63581,0.027738192473135262
63582,0.011387313426621248
63583,0.03644649123472873
63584,0.028395243414426376
63585,0.03198367090239651
63586,0.027797740945075877
63587,0.02959379530148446
63588,0.016383418688325005
63589,0.12884109505211092
63590,0.1028942611012704
63591,0.0904160136642693
63592,0.038760952233625856
63593,0.0542715917703624
63594,0.08003665027255732
63595,0.017838699556782498
63596,0.034264502400803656
63597,0.062036887794674214
63598,0.02491196045590918
63599,0.09138760428601475
63600,0.19765171605378554
63601,0.023138081589291794
63602,0.023833708716596454
63603,0.03188883093739335
63604,0.14019139365183525
63605,0.07805155881536038
63606,0.6089290271834571
63607,0.13198436943849598
63608,0.014977296595689192
63609,0.04006480429238862
63610,0.08044387212771109
63611,0.042525132302665386
63612,0.024227083966578775
63613,0.02920076540380818
63614,0.034896369151436145
63615,0.051064190217213534
63616,0.10875958599981193
63617,0.11351599757035843
63618,0.021641690895238073
63619,0.01516708595025341
63620,0.08435085690300548
63621,0.027137634291737017
63622,0.042419037566751756
63623,0.03921595795797246
63624,0.027443538628748425
63625,0.03793911331282447
63626,0.024019191246245356
63627,0.014618129494467643
63628,0.02852736551374768
63629,0.017194923826942182
63630,0.03342943467725281
63631,0.02880424646858035
63632,0.03379745798677286
63633,0.0747915844221492
63634,0.03142320540518863
63635,0.011840204297689491
63636,0.0526201705735326
63637,0.017481501616379565
63638,0.08599795921423198
63639,0.036718199753599724
63640,0.18727263032227068
63641,0.025717031527568393
63642,0.02130727329454703
63643,0.1180080871226213
63644,0.030403151966992736
63645,0.01191618096192706
63646,0.010962963338288773
63647,0.07777638328559515
63648,0.09399625623947862
63649,0.010613334857489403
63650,0.0241227147246074
63651,0.043744065808562244
63652,0.050614786994997704
63653,0.07093361231193121
63654,0.12681503501800576
63655,0.09430696060683942
63656,0.058274092885134035
63657,0.04673278558320594
63658,0.016985443213887258
63659,0.031960566082071255
63660,0.427971502505119
63661,0.01887978210432418
63662,0.02192966310814053
63663,0.20173024959378436
63664,0.2134561225193066
63665,0.36620605290335695
63666,0.05576559282740755
63667,0.06241102590370904
63668,0.03567239845896372
63669,0.2183430059205842
63670,0.0725550281612765
63671,0.03293249726845784
63672,0.04294784352644529
63673,0.10003368961382854
63674,0.014106628710136956
63675,0.020699819307122086
63676,0.02734182529062912
63677,0.07874557486950584
63678,0.047590225984898434
63679,0.03249936200690999
63680,0.011161682902958846
63681,0.04140435071757058
63682,0.050495869952827205
63683,0.02598961935759218
63684,0.11222557389820603
63685,0.08791302444381674
63686,0.03993684344725699
63687,0.03749581667633797
63688,0.03523069392724028
63689,0.027761830285795288
63690,0.02205552739173219
63691,0.01336964229742788
63692,0.015429854960576013
63693,0.13051991071355698
63694,0.03712341397010094
63695,0.029344478366995087
63696,0.021946850790158227
63697,0.031088997354903537
63698,0.019702827739836483
63699,0.08578453486274154
63700,0.020613764162462793
63701,0.04034759583465552
63702,0.04307723456478016
63703,0.07530184259146397
63704,0.1136607471771644
63705,0.10527458016624691
63706,0.04513482767944006
63707,0.07499689626294392
63708,0.09587063299548462
63709,0.04075406704436871
63710,0.0302624674929393
63711,0.04492774511904311
63712,0.041174998036965144
63713,0.12586619969291157
63714,0.04596485636849976
63715,0.011157747528156202
63716,0.08067322157556392
63717,0.030386402568694737
63718,0.06017695057901183
63719,0.029697792200340235
63720,0.039879151616997024
63721,0.2803790492456319
63722,0.08346377039797827
63723,0.08831926498164587
63724,0.1931285895773176
63725,0.26622800863876955
63726,0.0796118614572312
63727,0.038694770071803344
63728,0.048485205093260555
63729,0.21590440537884578
63730,0.08209753817259505
63731,0.053322988361023074
63732,0.07938571940100439
63733,0.0313296771930405
63734,0.0648790318690245
63735,0.10997258526052178
63736,0.0629308745157508
63737,0.027279198940649597
63738,0.03674436627798162
63739,0.021067398485867868
63740,0.07928114327843638
63741,0.06313568892875387
63742,0.01564971709936834
63743,0.022016416311112372
63744,0.021973233402073584
63745,0.22802585534544256
63746,0.02192117918069999
63747,0.0967658135190786
63748,0.052463150954398116
63749,0.043181702891700785
63750,0.024557753976950418
63751,0.016357383748278193
63752,0.04850113786689725
63753,0.11149005540362274
63754,0.10576055174758209
63755,0.03195247186645154
63756,0.02651711874036327
63757,0.036771567954938605
63758,0.014597453781254812
63759,0.024392165188835517
63760,0.06854265742776258
63761,0.07069458467804592
63762,0.022606416767086905
63763,0.05368700181112066
63764,0.01812063607177717
63765,0.016164589492066183
63766,0.03172195042890759
63767,0.06984684975206248
63768,0.2627336967073218
63769,0.07618213385515325
63770,0.012214108115270272
63771,0.025974250035194605
63772,0.0589006363457833
63773,0.015856653553234117
63774,0.03784701298361286
63775,0.1299357394004078
63776,0.0246187345208616
63777,0.15611812165736993
63778,0.024393565862877484
63779,0.017027900209383273
63780,0.0131236922710194
63781,0.19755277127565607
63782,0.08428511244148137
63783,0.025666584748075236
63784,0.099370177968025
63785,0.05875851796638355
63786,0.0395722934491687
63787,0.06517183429916931
63788,0.014473282476144569
63789,0.23745049853124056
63790,0.09018873222907173
63791,0.014237967039085062
63792,0.0768253282238408
63793,0.12468555307895984
63794,0.01306338923351527
63795,0.016175873367897952
63796,0.037563336918773976
63797,0.06447605367340768
63798,0.04233134058260085
63799,0.15088495550691394
63800,0.027225576264190407
63801,0.04910821339724954
63802,0.11315180923209334
63803,0.02469078311195275
63804,0.018381060196568242
63805,0.0504476799011418
63806,0.034257118807547046
63807,0.03613454885509432
63808,0.031201740152918152
63809,0.03393541973683365
63810,0.017678713017893297
63811,0.0313095496195915
63812,0.01860621837106345
63813,0.07308813750015299
63814,0.03781353798349753
63815,0.04293972054110551
63816,0.0629625255484666
63817,0.12150048125587018
63818,0.012651385193015903
63819,0.008613040540887044
63820,0.014818871453165091
63821,0.016646197291668965
63822,0.027558454079032686
63823,0.030204015082812515
63824,0.025338788261649866
63825,0.014690395120012308
63826,0.0476098839669251
63827,0.03279602355653627
63828,0.019824621770856928
63829,0.01316885213296441
63830,0.10199721184532436
63831,0.012902070319228073
63832,0.028356064590173306
63833,0.040875067828985714
63834,0.09875237847651754
63835,0.02101794384331378
63836,0.03807329070469448
63837,0.04579042831453379
63838,0.023324300261612328
63839,0.01721018936476431
63840,0.08620911704270368
63841,0.04325795386301265
63842,0.019781008933264354
63843,0.05504594736223178
63844,0.04843336178850854
63845,0.12550747606084384
63846,0.018415564005432372
63847,0.0186549906170295
63848,0.09760733425579483
63849,0.022226862107299246
63850,0.05390859872528282
63851,0.039728280775862004
63852,0.022452149556074094
63853,0.05417127664620247
63854,0.028616397059553357
63855,0.1105171136197603
63856,0.026503830308196457
63857,0.018730445379148
63858,0.04226696120108196
63859,0.10184609563096567
63860,0.020448254172222066
63861,0.015202481100854216
63862,0.23753745106382063
63863,0.035034105903077914
63864,0.038842455522027274
63865,0.0477700316398215
63866,0.06536079578911946
63867,0.052882650913599505
63868,0.04046165360716627
63869,0.10529087307159124
63870,0.04488406341050961
63871,0.018853519156470322
63872,0.06432382012086496
63873,0.014130753302820596
63874,0.04459318290638793
63875,0.011495805869432975
63876,0.059403347057940925
63877,0.030193402753495083
63878,0.027812981629143682
63879,0.0642869774658428
63880,0.04456137188946528
63881,0.020056951600492763
63882,0.03804687270548738
63883,0.09975709056220897
63884,0.008955035469972688
63885,0.024805715820285526
63886,0.03460766422100319
63887,0.11963524645750895
63888,0.017184787216811707
63889,0.03205273517723848
63890,0.08521711276005778
63891,0.027914536084133426
63892,0.11017466926008575
63893,0.08182680367985021
63894,0.029120906025928147
63895,0.0353338107752605
63896,0.013868445054850874
63897,0.030791924967186086
63898,0.047772701604414096
63899,0.03187866434334176
63900,0.6041469700815847
63901,0.026924414063510184
63902,0.007673344708825917
63903,0.01877167417246235
63904,0.00830644868833076
63905,0.035649626459039865
63906,0.051819026774032176
63907,0.08144563833725194
63908,0.044570229287573315
63909,0.024440847195174434
63910,0.014130452827755458
63911,0.28296405158272736
63912,0.06673517010305431
63913,0.04940599595004405
63914,0.15358414519697985
63915,0.07227649945825187
63916,0.016694672705907576
63917,0.03287185450991826
63918,0.0878107164008893
63919,0.09550341417650034
63920,0.15050861928586373
63921,0.03279390962020173
63922,0.034605197333254595
63923,0.008077035750373131
63924,0.03686947932733881
63925,0.016098867275438435
63926,0.11893431080925865
63927,0.042968165131496455
63928,0.07357693814684514
63929,0.014095265801111062
63930,0.030059147030177997
63931,0.13206169313434227
63932,0.030413196423432307
63933,0.09161678754119311
63934,0.05269991407259464
63935,0.07215241364346454
63936,0.019587690941938542
63937,0.028255146043222518
63938,0.019461519710164226
63939,0.021996876144202974
63940,0.08310685888603865
63941,0.06147744860181765
63942,0.017479691182689064
63943,0.0171033941733355
63944,0.030686702266133053
63945,0.04993798695087469
63946,0.030166701676284456
63947,0.09246368571813839
63948,0.014171280350773719
63949,0.03362514926841145
63950,0.044113702509506254
63951,0.028192975459696422
63952,0.02668501891728409
63953,0.07802391796384481
63954,0.007302196422945954
63955,0.11017336318118202
63956,0.09970781384693325
63957,0.14224995553809927
63958,0.09412343571475565
63959,0.07529840670329302
63960,0.028303463521590168
63961,0.05129982237000916
63962,0.06865309892166753
63963,0.02340788396941105
63964,0.03222225193176204
63965,0.3421956638734155
63966,0.02641657259614185
63967,0.43668475371934024
63968,0.10299475305622412
63969,0.04657864036618791
63970,0.018787319193029575
63971,0.05510876146377929
63972,0.09620736757956083
63973,0.03983969540530722
63974,0.039145945009790566
63975,0.05530810866889474
63976,0.08687051647877664
63977,0.06722863088643782
63978,0.02554822475003013
63979,0.014104600621493317
63980,0.03481652849220226
63981,0.03263753041908156
63982,0.03598188417058925
63983,0.039429381572219806
63984,0.13904248672041541
63985,0.05605766567988627
63986,0.019366778937298233
63987,0.01348297220950647
63988,0.05462034568759688
63989,0.016635911630796533
63990,0.1135100490029119
63991,0.03663026070270022
63992,0.06687493569128607
63993,0.01674999700914671
63994,0.11734224818105672
63995,0.04039062213146131
63996,0.032900146120960753
63997,0.07372822873940973
63998,0.016311602673553426
63999,0.031138276223872594
64000,0.03680511460286665
64001,0.07594866319856712
64002,0.04539710093512884
64003,0.050903547497293214
64004,0.018834838908686036
64005,0.11168128271531419
64006,0.10543493359105373
64007,0.12315754800395652
64008,0.034884935430719466
64009,0.42312598987474065
64010,0.016035548021014534
64011,0.05256085106814371
64012,0.08521486363772265
64013,0.01060494872941918
64014,0.15203398440159743
64015,0.15667816970136286
64016,0.00902682340922305
64017,0.0538502237819455
64018,0.0783960588006678
64019,0.23632306567917227
64020,0.02558292021387001
64021,0.03764165175332002
64022,0.07690190712817203
64023,0.020745894609455487
64024,0.014283494350450572
64025,0.24859642960948683
64026,0.03513240982466831
64027,0.0132855937187705
64028,0.02549051863890859
64029,0.07154782129185235
64030,0.14358410988406597
64031,0.04515957583084672
64032,0.09621334787036312
64033,0.03149456340581237
64034,0.0901317348616138
64035,0.2060758469220261
64036,0.027866136776906004
64037,0.16697336095279097
64038,0.04005692509232429
64039,0.024707061789192367
64040,0.014855565137591583
64041,0.031041023465004404
64042,0.022548255545888737
64043,0.02903778993330288
64044,0.02601629123084715
64045,0.03834375481780819
64046,0.017427728826947146
64047,0.02817684960740789
64048,0.2050120592761336
64049,0.02413678958771387
64050,0.09237330934427704
64051,0.04085247083654979
64052,0.0871054814712694
64053,0.12025871907347091
64054,0.016349629190515677
64055,0.10595838725386511
64056,0.09234781539519094
64057,0.03224115441048315
64058,0.008295932227732236
64059,0.14529015328107053
64060,0.19467508255760405
64061,0.06875677532386662
64062,0.0786402646821609
64063,0.07639532429190013
64064,0.018179759698485294
64065,0.21900194439999704
64066,0.04992452342663584
64067,0.0342054295735771
64068,0.033061625836115355
64069,0.018671602133449205
64070,0.04694173254192049
64071,0.012037830981616416
64072,0.17229325105614623
64073,0.06834826535179825
64074,0.02004070085582714
64075,0.021226188577008653
64076,0.06744664405274442
64077,0.021700039659840565
64078,0.06183310585055631
64079,0.17918666339681077
64080,0.033039460578850335
64081,0.037025883736994836
64082,0.03551741471290346
64083,0.20336412073771737
64084,0.02802062570095549
64085,0.014757312930352894
64086,0.018148091301433043
64087,0.03525235064346667
64088,0.0456760683471415
64089,0.04057064297449428
64090,0.060052247235685696
64091,0.06224980726280656
64092,0.03236779072968755
64093,0.04690518079305139
64094,0.13721579284570234
64095,0.033516348305387404
64096,0.02581312116003512
64097,0.1085094853823986
64098,0.008904413326174457
64099,0.049383076533315126
64100,0.1145275727663066
64101,0.0353350316784542
64102,0.08956301423143838
64103,0.039804684362688386
64104,0.011754087046109672
64105,0.03147291937918385
64106,0.04146044758427072
64107,0.023395111689050712
64108,0.0351028776809599
64109,0.019515194350829674
64110,0.049183965563940946
64111,0.04052726306158434
64112,0.031967242692637975
64113,0.08193303718201869
64114,0.012725191920160682
64115,0.02871007382933708
64116,0.17760308160651053
64117,0.1260626039598265
64118,0.02868971520631515
64119,0.08554166565516931
64120,0.2324922830501973
64121,0.12851650612599422
64122,0.14616254601678008
64123,0.07005095858693053
64124,0.2310021873785008
64125,0.051344065146249604
64126,0.07980688915422628
64127,0.04963549730027274
64128,0.11684354132035606
64129,0.0640444455437954
64130,0.009951534277922213
64131,0.057823849041345035
64132,0.4365395051943265
64133,0.3258071261117263
64134,0.02640305740324697
64135,0.05143506960845899
64136,0.019710078357901895
64137,0.8620807308674316
64138,0.02895778348637646
64139,0.0733114445907011
64140,0.02806934575414419
64141,0.034167851909951474
64142,0.09893153628730206
64143,0.03745998463571103
64144,0.053933406181591016
64145,0.24804628360760178
64146,0.0748839924119839
64147,0.13602964174428034
64148,0.06801168713266671
64149,0.04139753459159658
64150,0.5355246449696853
64151,0.10043704431944889
64152,0.017217144717560376
64153,0.03604968197210535
64154,0.07612853295231577
64155,0.05256389185662846
64156,0.04165937283358882
64157,0.10404274984646186
64158,0.08156021101794925
64159,0.0890390093246526
64160,0.03971212614283161
64161,0.01811179873443272
64162,0.026018409543130734
64163,0.0718626881343097
64164,0.05729443385227513
64165,0.022828019782764823
64166,0.1553419159584982
64167,0.035149692328559495
64168,0.039210789302245676
64169,0.06963075350429683
64170,0.06602350664061035
64171,0.03530014724769749
64172,0.009326505305175259
64173,0.046564411680096195
64174,0.11340869989350028
64175,0.06429240138143295
64176,0.11862590215326788
64177,0.05614202392056316
64178,0.12675036038855744
64179,0.06123967335802109
64180,0.5054874138012189
64181,0.06446712265857335
64182,0.02385059880554164
64183,0.048270909992977444
64184,0.011588851500256549
64185,0.029857392859873842
64186,0.0285462870775433
64187,0.17613954621001224
64188,0.018816508392967363
64189,0.03460835316338954
64190,0.09905558087395369
64191,0.043196931769815275
64192,0.03129539236178851
64193,0.03772341174984722
64194,0.14418343647733686
64195,0.42165376352803197
64196,0.03262983510461255
64197,0.16324076117936187
64198,0.09922690923558558
64199,0.04026286490181161
64200,0.0754241745980493
64201,0.03976725301017367
64202,0.10147605102615803
64203,0.06262605353536302
64204,0.05078214980801883
64205,0.04816611330928057
64206,0.03017233153272043
64207,0.01659261617575298
64208,0.02403004406874063
64209,0.011663030612231048
64210,0.07685242318233643
64211,0.19082603822673408
64212,0.06594868035987761
64213,0.05979165644341078
64214,0.05316487334044337
64215,0.016536444305703762
64216,0.029492496602514268
64217,0.03471853958579817
64218,0.055107761782510076
64219,0.08374370634506526
64220,0.06175309232486569
64221,0.016632263019969767
64222,0.21553218569227975
64223,0.056341427425840106
64224,0.021116579824842687
64225,0.026754489197706878
64226,0.04674582636927001
64227,0.028275922650660753
64228,0.029022905223595165
64229,0.04248750930660601
64230,0.12225834482539515
64231,0.04469507427140172
64232,0.032976274532321784
64233,0.022120595616085693
64234,0.025641989923095337
64235,0.03324786652476971
64236,0.023512116512302797
64237,0.055178203068817086
64238,0.0453746639375429
64239,0.09179871537474193
64240,0.04929163958286946
64241,0.04390728456600335
64242,0.0926576839146987
64243,0.06342219308046311
64244,0.03607115215625925
64245,0.0748011067833396
64246,0.04959525541524911
64247,0.11377223371940166
64248,0.1340525848067278
64249,0.01359085584122318
64250,0.10753682251119348
64251,0.05716265848271893
64252,0.14036214741735858
64253,0.09245142612676532
64254,0.06485352090326495
64255,0.08117341804403776
64256,0.03239045542636136
64257,0.01559544553494684
64258,0.1422696711148708
64259,0.050947152687972855
64260,0.13409655069718915
64261,0.016530152239428997
64262,0.07592468165484312
64263,0.036890303884249215
64264,0.06800157795897996
64265,0.13677110659487418
64266,0.06939272934893959
64267,0.05629958017293499
64268,0.044882358805316866
64269,0.07819235740130448
64270,0.022613002007694453
64271,0.05310146600634254
64272,0.040073373539862275
64273,0.03063183351047213
64274,0.020232760561307052
64275,0.05131447707299354
64276,0.032131354348982254
64277,0.025408780046895455
64278,0.13959769184428078
64279,0.13473823136633878
64280,0.034183632362001205
64281,0.04409293490268271
64282,0.011865430817590302
64283,0.1128399338662405
64284,0.05146705916280449
64285,0.07944976857652393
64286,0.016130738703817225
64287,0.062074092442983675
64288,0.08661815089580921
64289,0.0729794335322892
64290,0.09115023214371419
64291,0.1221198242591169
64292,0.06804441685174778
64293,0.017470942972186414
64294,0.0907937151372864
64295,0.017677428314470403
64296,0.06115107162285679
64297,0.049105764525629925
64298,0.05137663350683222
64299,0.07768092276854967
64300,0.028471106591685953
64301,0.03362542489403682
64302,0.09638592728366616
64303,0.09524988674617577
64304,0.07634748154644319
64305,0.03815558815040727
64306,0.16839204386655907
64307,0.01439372164112969
64308,0.0979982812235265
64309,0.05235642799815392
64310,0.07629836197296166
64311,0.037761195299462244
64312,0.05544122659897908
64313,0.1020922195969942
64314,0.053022506390916976
64315,0.07506647340027957
64316,0.01508308851754868
64317,0.013197579041312447
64318,0.07881202895892858
64319,0.04921607433784367
64320,0.03658097951225053
64321,0.05579495836013988
64322,0.0356819178868166
64323,0.05581945936934891
64324,0.20537006288037238
64325,0.12848119637379096
64326,0.06140316982219113
64327,0.03478392256068155
64328,0.10646843354643905
64329,0.05558830273459994
64330,0.2197629509845617
64331,0.024425078098038108
64332,0.01889819662406679
64333,0.13384850424070036
64334,0.15877848995164745
64335,0.06879769416648802
64336,0.1701522036182084
64337,0.019022549679679767
64338,0.044628548316257094
64339,0.03077910340083368
64340,0.11317158954378503
64341,0.033327976844505044
64342,0.0883464309031388
64343,0.014043878572245212
64344,0.11195249343651903
64345,0.059009560138046785
64346,0.017457145868397552
64347,0.020866745476251558
64348,0.18576349553240798
64349,0.05952693890309902
64350,0.015852018632287104
64351,0.11800154241278094
64352,0.09506129400041878
64353,0.028615107709561466
64354,0.06725675659556679
64355,0.1256739130764165
64356,0.028563851509625773
64357,0.12661402757952042
64358,0.0444186598477629
64359,0.013820598043338366
64360,0.05683519929589072
64361,0.011748178309624697
64362,0.07477596164155056
64363,0.03396917362076018
64364,0.032558968082795056
64365,0.03788057081124273
64366,0.04750449207017902
64367,0.020056439201723057
64368,0.04236334772876917
64369,0.07299847736404728
64370,0.06469794279983997
64371,0.024363413522076063
64372,0.2981072030349405
64373,0.08088447580878125
64374,0.015005187169156824
64375,0.8464599998269149
64376,0.0806697054247543
64377,0.022239582035420515
64378,0.04918914126662072
64379,0.035782876217525246
64380,0.053482570444114225
64381,0.010943726411108062
64382,0.022554418787275845
64383,0.01685362741069981
64384,0.04624365015372306
64385,0.07723173131220447
64386,0.01666909982101827
64387,0.057634416883717
64388,0.09663765747696422
64389,0.029362773764651018
64390,0.014531067446850544
64391,0.04101685665499438
64392,0.06499548618837832
64393,0.06599458543447517
64394,0.013200648940350189
64395,0.19934750012829028
64396,0.029841395699047382
64397,0.009426559181098729
64398,0.0466789001477592
64399,0.027945786683133828
64400,0.5036537922502899
64401,0.038562389334076845
64402,0.08962762736661682
64403,0.1184666025729992
64404,0.05669841400000245
64405,0.23813643151879116
64406,0.01937250698709343
64407,0.05754257515409954
64408,0.04186145270889931
64409,0.035971425628299414
64410,0.028814854891104916
64411,0.016929807658653262
64412,0.19463757111573193
64413,0.15969599972995102
64414,0.023571380097953447
64415,0.20578801726342616
64416,0.02209195669888672
64417,0.09563609721666054
64418,0.03131523640968226
64419,0.051319149934434594
64420,0.2049458295916678
64421,0.07009055381822474
64422,0.02103682531985522
64423,0.017155356531830326
64424,0.04552945894079329
64425,0.08578404359618517
64426,0.05963502272560083
64427,0.011562227832673402
64428,0.01251118063164013
64429,0.01235861149253685
64430,0.015561863051195054
64431,0.027096876219843385
64432,0.03325802542764722
64433,0.023952974781380223
64434,0.08014974784246384
64435,0.06358861788438443
64436,0.04438981943194621
64437,0.10913101899007935
64438,0.01799338776915634
64439,0.016347659255919383
64440,0.0654619947632254
64441,0.009906918145258374
64442,0.022487191683478947
64443,0.00955430213935944
64444,0.08294365750722342
64445,0.040003498353485614
64446,0.024683292922697143
64447,0.010978785152285597
64448,0.03078722217336486
64449,0.15548742731901577
64450,0.03281869351922082
64451,0.008553711855409209
64452,0.1677495255551894
64453,0.03022961886309864
64454,0.24573146449301578
64455,0.1375661155702372
64456,0.10389835927937674
64457,0.12734393608231676
64458,0.01744886706130268
64459,0.023848168673719614
64460,0.07639434055712356
64461,0.025718396433535594
64462,0.09009853628479954
64463,0.08129139309622971
64464,0.06406261102299413
64465,0.06620475026483327
64466,0.094730834558783
64467,0.03366040745290954
64468,0.03863415619931579
64469,0.054850941686276244
64470,0.1488739419039727
64471,0.2022686154816116
64472,0.04657356399240578
64473,0.06003680304061508
64474,0.03397249434888257
64475,0.012368430186688723
64476,0.030405645721920956
64477,0.023352692703137674
64478,0.028321307934773082
64479,0.05816761075366746
64480,0.031061738019132562
64481,0.09875697512999333
64482,0.0338054179177145
64483,0.021244684353135514
64484,0.050324879413096435
64485,0.045152821341026814
64486,0.04628771539127868
64487,0.02526578931671707
64488,0.12455956446486566
64489,0.028537190515077134
64490,0.043203101039939705
64491,0.15156564623467983
64492,0.11112613010179986
64493,0.06430617482373346
64494,0.017819479178230017
64495,0.10993835266286842
64496,0.06370612608227132
64497,0.12934213423110677
64498,0.06502643549561761
64499,0.2710071428280072
64500,0.04327526369216943
64501,0.0645180141436802
64502,0.03988776968752791
64503,0.0675733446556876
64504,0.08430883177775725
64505,0.030065696049282827
64506,0.20211848255844606
64507,0.0237486648269607
64508,0.1028221488139712
64509,0.17160356011448108
64510,0.0215261613678364
64511,0.052844194620264705
64512,0.15323199656123507
64513,0.13546358100708944
64514,0.0524128453679129
64515,0.12927488135869097
64516,0.09766426506944516
64517,0.022453543904511816
64518,0.021873095411848273
64519,0.009023701895681075
64520,0.053012204668364094
64521,0.2939167363887475
64522,0.01350020698243574
64523,0.1061217363542598
64524,0.07477743737829987
64525,0.0691551038248035
64526,0.024027964095854303
64527,0.09223398898694665
64528,0.040331883013627806
64529,0.12483589688929764
64530,0.13081151474094752
64531,0.17759326482138013
64532,0.06048779049066344
64533,0.15398336927027556
64534,0.05243588400054666
64535,0.15442265549941395
64536,0.026878920954390085
64537,0.09384948757489422
64538,0.04052732972268719
64539,0.03435997447770013
64540,0.029999696759818426
64541,0.06793586489856147
64542,0.03939010910988416
64543,0.0514281920366321
64544,0.046032804370263414
64545,0.054642696049726394
64546,0.03422443947254763
64547,0.06246691770532308
64548,0.0450464918112882
64549,0.0455911670716612
64550,0.05463238796427951
64551,0.0823345043541009
64552,0.06728823953287476
64553,0.17510195866972975
64554,0.02764101321755115
64555,0.037709942064477295
64556,0.023707311706518037
64557,0.10558777122104634
64558,0.024971037669479192
64559,0.015938719499669813
64560,0.12752644548977207
64561,0.011179132841905299
64562,0.0347580719895859
64563,0.09190496388044883
64564,0.04605136801162299
64565,0.20371028406774827
64566,0.038169774748119736
64567,0.04113162278345012
64568,0.08925222719737518
64569,0.019513970100178055
64570,0.21127129628436248
64571,0.01753443585836428
64572,0.0394607422251291
64573,0.02157184488144421
64574,0.05185563255952542
64575,0.08001302038579328
64576,0.055950321236275774
64577,0.024188738859579773
64578,0.03127550915036376
64579,0.048460183291685666
64580,0.03434349666934866
64581,0.013894745521842347
64582,0.05686670176183441
64583,0.018702384688801144
64584,0.032966555240855816
64585,0.06606519727735596
64586,0.03906723576540347
64587,0.026702883386013572
64588,0.04219006779111795
64589,0.03539973724865261
64590,0.09092461537413013
64591,0.13585058466583758
64592,0.05234001024333846
64593,0.06720408654400647
64594,0.05464846975905211
64595,0.14867532490430563
64596,0.029068776999587813
64597,0.017813126686810187
64598,0.10838486412346823
64599,0.06818897392008133
64600,0.06535987857033485
64601,0.022801420993519943
64602,0.023574924996634293
64603,0.06348595966543251
64604,0.06307746221294808
64605,0.14288534754956522
64606,0.08323787261136159
64607,0.018295829669489446
64608,0.07321824020539813
64609,0.09137942902519927
64610,0.04019757507757951
64611,0.08366944099442214
64612,0.03819599833557572
64613,0.11261101349022361
64614,0.1512244578099298
64615,0.05352946146932932
64616,0.04420465665198547
64617,0.023736255043328564
64618,0.037493770293689756
64619,0.021940646740917606
64620,0.018644637339360344
64621,0.10486310019467633
64622,0.014197328357817217
64623,0.024315415931332837
64624,0.05750559636250173
64625,0.012229670720340183
64626,0.02095539170031733
64627,0.05896229420171556
64628,0.09600044114230623
64629,0.048607642563055733
64630,0.06806777054856898
64631,0.14307599355346
64632,0.19648402432129258
64633,0.05298190508548047
64634,0.20250989267113512
64635,0.10932040959983758
64636,0.037841811864695214
64637,0.015166368096583765
64638,0.04920228779789805
64639,0.0989427303101969
64640,0.035540804909898485
64641,0.10631671132820121
64642,0.09479153188761444
64643,0.04464944229998417
64644,0.07579305884623447
64645,0.06617929748229454
64646,0.04528757380612801
64647,0.05845171895127149
64648,0.042829022051270864
64649,0.01939609464695331
64650,0.020995462812913444
64651,0.031026317782017455
64652,0.028093793793341586
64653,0.30296598821609033
64654,0.0202595451460528
64655,0.036942345942408604
64656,0.16668122931975943
64657,0.08470939060214602
64658,0.06677471559192233
64659,0.04574461399179343
64660,0.10073442838261154
64661,0.045092680725032
64662,0.019818970335327243
64663,0.041324985800165685
64664,0.04688140979600592
64665,0.37695288106861796
64666,0.027424376827384397
64667,0.04834309260016509
64668,0.009904173817145525
64669,0.08404807600681158
64670,0.5813893188927294
64671,0.06720160833548669
64672,0.07096368626442259
64673,0.04082098285179053
64674,0.036650613992463894
64675,0.06022659903945442
64676,0.04391471950595051
64677,0.014798772435527668
64678,0.05359270488437405
64679,0.8670190409693127
64680,0.020233797029864792
64681,0.031790566213784406
64682,0.08564939069402422
64683,0.19159143622508473
64684,0.16274647970019152
64685,0.029596191042507117
64686,0.18139901149438006
64687,0.08049736398018134
64688,0.023965666882213764
64689,0.2217037108992922
64690,0.024578009097708978
64691,0.09848367392228631
64692,0.12357815026387377
64693,0.013283198948688832
64694,0.04441754447111772
64695,0.03730964535132491
64696,0.14349214233926694
64697,0.17499946467823993
64698,0.06355850277232653
64699,0.034194573571785666
64700,0.23583530765612748
64701,0.027496377940601613
64702,0.09754070645479951
64703,0.04419815635364924
64704,0.0342165122996469
64705,0.09078122818904971
64706,0.018945668958869174
64707,0.11179928679217783
64708,0.021116855278024114
64709,0.07636456259951194
64710,0.03907873088755527
64711,0.533481315513604
64712,0.06440117211730431
64713,0.026537303653113516
64714,0.1422126131340194
64715,0.06055704816237223
64716,0.09640131284876541
64717,0.03904575238216315
64718,0.08041891350774201
64719,0.023382834971695264
64720,0.06122555275924348
64721,0.32088918707653974
64722,0.1377343046664505
64723,0.049037493869435525
64724,0.04956239403785161
64725,0.019397429437341
64726,0.1323236121329497
64727,0.08299782616619908
64728,0.1331810090450343
64729,0.17934435590384235
64730,0.38614027673806395
64731,0.07151741480362633
64732,0.036183896514005956
64733,0.1129750511019286
64734,0.040222614494666846
64735,0.023058446042130788
64736,0.026155396847783872
64737,0.08211480574463063
64738,0.15146114896021456
64739,0.15189889299557907
64740,0.08584649861222807
64741,0.00978867319206225
64742,0.1557714446242469
64743,0.06658458086574921
64744,0.03235835747834062
64745,0.03280014125616643
64746,0.04033688857535756
64747,0.023946977188187567
64748,0.014523592645306605
64749,0.04770643175268608
64750,0.030492261121156664
64751,0.1239634284379991
64752,0.022274501113752086
64753,0.043381030260091824
64754,0.030612779018478413
64755,0.03132259910545778
64756,0.06489289607535953
64757,0.03345955962812129
64758,0.021620423593398837
64759,0.030995610869797144
64760,0.08360697367169258
64761,0.04922576890442039
64762,0.053186978231681635
64763,0.16820261304798084
64764,0.08337176724053055
64765,0.038631638646698774
64766,0.05472814869368034
64767,0.03829588392571004
64768,0.06219200824411804
64769,0.03726116979411147
64770,0.02967356302752242
64771,0.024648879694132417
64772,0.033524325984494764
64773,0.16741329781633385
64774,0.039022612592461
64775,0.037702327518885914
64776,0.011449674254161924
64777,0.08335098522539336
64778,0.041633369212299876
64779,0.034118686861266685
64780,0.1222819473239781
64781,0.026189603064454815
64782,0.05395138648466047
64783,0.0212382352899571
64784,0.08556253157693935
64785,0.07164017495922724
64786,0.03887112514675208
64787,0.06644705474453688
64788,0.16945323025014652
64789,0.11249817402420872
64790,0.020035855034276184
64791,0.036094249756240385
64792,0.06319002513339325
64793,0.05004918703243746
64794,0.04808702531597582
64795,0.04899060763982391
64796,0.16092986035448031
64797,0.08201189439219196
64798,0.025319971744908302
64799,0.0211708727428978
64800,0.03812273580328534
64801,0.054059453973219054
64802,0.042640528815904466
64803,0.061840522161312306
64804,0.01154807252279515
64805,0.22464332395769263
64806,0.020461823898211037
64807,0.11475547649160396
64808,0.11530799247065887
64809,0.09408206887199566
64810,0.03122165450688679
64811,0.05964373420947712
64812,0.1834635640375003
64813,0.26657745055835425
64814,0.09195686400457384
64815,0.07238865853207115
64816,0.01563721618345945
64817,0.07390577631006635
64818,0.07381846920344748
64819,0.04183187600689459
64820,0.0138371444895549
64821,0.03817714634273821
64822,0.019513017360509945
64823,0.02516401466474604
64824,0.036806316032721866
64825,0.025671843044799695
64826,0.08099344803044957
64827,0.07008566907922563
64828,0.03394733945627311
64829,0.07689780591430254
64830,0.12499788556362668
64831,0.2885884367821199
64832,0.10306276218276372
64833,0.016158161109973836
64834,0.08692114157572661
64835,0.01958365000881789
64836,0.03918588274786218
64837,0.08095461170115575
64838,0.04504862820761309
64839,0.030950429231834258
64840,0.08371605216716883
64841,0.05057500867269793
64842,0.02676681620474466
64843,0.12190208402158514
64844,0.01694455936403646
64845,0.024876179524628936
64846,0.01919948562968867
64847,0.11871098651575693
64848,0.08700308199542699
64849,0.05741589772257215
64850,0.05031578589465667
64851,0.05110120800917017
64852,0.09855268608516728
64853,0.08456941912540976
64854,0.025897293404088428
64855,0.04104201519476328
64856,0.07641147514383116
64857,0.06520989809579986
64858,0.035878056528815004
64859,0.03368631526211082
64860,0.03996059769827488
64861,0.016056601084591168
64862,0.07315072906157533
64863,0.07293790199801517
64864,0.024159795423173945
64865,0.04328211819220259
64866,0.027438323672800597
64867,0.1197423551326654
64868,0.23541219755949966
64869,0.020210289724127597
64870,0.019562159998542925
64871,0.025279780304515838
64872,0.04046974154863699
64873,0.07296148279524303
64874,0.1355235309923122
64875,0.1749383423387515
64876,0.022753096378952294
64877,0.045884032605390125
64878,0.10315410881461878
64879,0.14923343666398897
64880,0.11438856270987177
64881,0.1251309163147886
64882,0.5084669746647748
64883,0.07930453608866514
64884,0.031918443360816395
64885,0.02780620436505181
64886,0.22414604621010548
64887,0.05068576189057383
64888,0.053041959242587124
64889,0.029432498934734246
64890,0.07365524377012399
64891,0.023754415278140335
64892,0.05616835672645027
64893,0.030771472934650008
64894,0.01826184212243387
64895,0.030323976743817267
64896,0.062324171966674294
64897,0.042388988594785924
64898,0.03821900765748398
64899,0.0644026850807888
64900,0.023378023056572897
64901,0.025812392138970918
64902,0.03840295248247921
64903,0.1118930237664777
64904,0.029526615074727237
64905,0.046573807814223184
64906,0.09853485056863126
64907,0.010609159504656046
64908,0.12659135142956054
64909,0.029372488321349952
64910,0.07409581317383208
64911,0.06453364152633051
64912,0.1715261474303392
64913,0.020256775027041055
64914,0.1314640882075075
64915,0.02368321821038989
64916,0.02125045871542586
64917,0.03122604501093401
64918,0.04580207558430078
64919,0.08606620351204486
64920,0.03615842515456665
64921,0.08558738495867496
64922,0.17545674954680812
64923,0.02125400207772223
64924,0.030253062243931567
64925,0.08991488411696766
64926,0.11176865705155195
64927,0.09361251915171766
64928,0.014415899296926302
64929,0.06463059442169837
64930,0.43867726845887534
64931,0.018343321067532625
64932,0.1318325695688105
64933,0.06552563062365392
64934,0.06376122326130497
64935,0.02544980116896365
64936,0.04116974302153885
64937,0.030301304774943666
64938,0.19566667396556656
64939,0.029689685405605265
64940,0.0356466911067556
64941,0.07128375169709138
64942,0.015301384778014597
64943,0.36849252216794803
64944,0.03223538011269335
64945,0.05965049820780966
64946,0.1421996547570889
64947,0.24105702104765156
64948,0.030416365117145853
64949,0.04455554916925887
64950,0.06069406247204384
64951,0.04730465954030726
64952,0.019394311638107332
64953,0.060718580940410105
64954,0.05214208862348185
64955,0.04880049795452196
64956,0.19828657969927754
64957,0.04941244984634174
64958,0.05285666877315384
64959,0.06439219558052568
64960,0.04173766294236096
64961,0.019705333857486337
64962,0.05688119791981779
64963,0.02765084250573538
64964,0.05961701604494761
64965,0.010890049515428261
64966,0.028859282891914192
64967,0.03516504664325901
64968,0.028158509159121416
64969,0.0167086041312188
64970,0.027015861377034527
64971,0.016033554823312215
64972,0.032539511956011735
64973,0.3122643024349498
64974,0.065102118976557
64975,0.01925250123966116
64976,0.035842520081901405
64977,0.050742470965369026
64978,0.02949369615789565
64979,0.22574231093731661
64980,0.06419610107993756
64981,0.3132884157910133
64982,0.04926349920548887
64983,0.029460574303442375
64984,0.010264078351586891
64985,0.01669788979713782
64986,0.08873731684638804
64987,0.10534313788590284
64988,0.09156655784775011
64989,0.01569518743209023
64990,0.1065310356440442
64991,0.02284642885468402
64992,0.029421870954149054
64993,0.054131069396125414
64994,0.03686183402853359
64995,0.1494209648285155
64996,0.05425801847763817
64997,0.11485349730118329
64998,0.01744491770967513
64999,0.05833402621385552
65000,0.022318304510341346
65001,0.03293183050125352
65002,0.10754849728446278
65003,0.015434608423662542
65004,0.6144959892504657
65005,0.019095579531713983
65006,0.3188175812353182
65007,0.04264406450743806
65008,0.02021572516388668
65009,0.0161444259283319
65010,0.0375217932484626
65011,0.057048290687361634
65012,0.04940578357298761
65013,0.031040261901341105
65014,0.012219815063775815
65015,0.08456495802697217
65016,0.015087846905471531
65017,0.07293092847898922
65018,0.053858159050266696
65019,0.022006983644453595
65020,0.04345032082846554
65021,0.01480422697167983
65022,0.05341438379834162
65023,0.12492355812467731
65024,0.02855074164858929
65025,0.05199911017496224
65026,0.04996295348215545
65027,0.04756062444582882
65028,0.3581472498137243
65029,0.1188047935997654
65030,0.0287948342306587
65031,0.1182665243928677
65032,0.01848549128988531
65033,0.031026619700035257
65034,0.04891653431606548
65035,0.14513287765015082
65036,0.012532215481957914
65037,0.07680747057314301
65038,0.02692481998013674
65039,0.012636233168488817
65040,0.025128909820165312
65041,0.023587794095605776
65042,0.04629073126953667
65043,0.056075827577303575
65044,0.03923265628372185
65045,0.07247070303510654
65046,0.028751048683747782
65047,0.019241702470798417
65048,0.026825852261235364
65049,0.0287775167804356
65050,0.023831509537533945
65051,0.1258547296362905
65052,0.04395413762116083
65053,0.08729299625161716
65054,0.15629613766963832
65055,0.06746323851363692
65056,0.023161296954182477
65057,0.03676408652640775
65058,0.061327794016166615
65059,0.031640307223378
65060,0.03004014875125304
65061,0.03632201733292161
65062,0.01623692233200079
65063,0.08030949859613233
65064,0.07270186169168467
65065,0.018948876462498526
65066,0.02353860349754349
65067,0.023092832316604094
65068,0.014926321015516003
65069,0.11334849888591425
65070,0.025369064095969972
65071,0.02682127522349994
65072,0.023238452689249966
65073,0.025059117807739773
65074,0.015534725848456138
65075,0.41369880221088295
65076,0.018251484312363057
65077,0.018044023225277976
65078,0.3438785861874786
65079,0.44585409609968646
65080,0.031419523923033175
65081,0.09356114163200843
65082,0.15495960233177758
65083,0.014522068479873876
65084,0.04885915750302137
65085,0.03147824627128947
65086,0.015808689177029
65087,0.030811442823095066
65088,0.0724156289346621
65089,0.08726527734469441
65090,0.023988209891207493
65091,0.030580615691515406
65092,0.08847179422898398
65093,0.04364433132559721
65094,0.044741961085948107
65095,0.01702156732393114
65096,0.08432770468933282
65097,0.012584410020251199
65098,0.13260495142549428
65099,0.05837866373348667
65100,0.2560819485242409
65101,0.09505653241997974
65102,0.01268525756098442
65103,0.029072839454552343
65104,0.09869053660139517
65105,0.017359535407759995
65106,0.02918714623399131
65107,0.017399070969046773
65108,0.017658018359200146
65109,0.009557202750977463
65110,0.019158168787943658
65111,0.058580847415685866
65112,0.19300071510625974
65113,0.0400757023692081
65114,0.027163774052011397
65115,0.016612645048710534
65116,0.02667468171758562
65117,0.08152633517557865
65118,0.0195664235566568
65119,0.11392224812940813
65120,0.03209153744488452
65121,0.03617329817456642
65122,0.0326393191792677
65123,0.07873066203647226
65124,0.1013949811974511
65125,0.23150312731163747
65126,0.06179358748858731
65127,0.11175302736891463
65128,0.08586038404548615
65129,0.010710176805783483
65130,0.048435903373009154
65131,0.11606985143226839
65132,0.0527783540702755
65133,0.0238176535102937
65134,0.12517907611977466
65135,0.06259027933292913
65136,0.0733456152387886
65137,0.025514412240575088
65138,0.11006447848417772
65139,0.13590810105215567
65140,0.03708238432027687
65141,0.020549914082326447
65142,0.10532945326754162
65143,0.03448794717980883
65144,0.012733765447289616
65145,0.363481660608185
65146,0.11567409417393193
65147,0.1738250956484751
65148,0.024343667203611072
65149,0.01458925736513418
65150,0.024645567854493577
65151,0.09910240777457084
65152,0.04679610212749185
65153,0.03199571044258285
65154,0.25236907212465376
65155,0.049561054670497984
65156,0.03801779121663281
65157,0.054905772878589255
65158,0.012455259623268013
65159,0.03318861270882938
65160,0.03439430677429768
65161,0.050633466331243854
65162,0.022527132062328117
65163,0.1461107044668365
65164,0.0788522555677022
65165,0.020443807624510077
65166,0.07386011716400584
65167,0.03815130210545842
65168,0.028656268485918845
65169,0.2608525716989576
65170,0.046512728689017034
65171,0.020941862283844776
65172,0.061548435191035165
65173,0.022717963211815677
65174,0.009047237541841363
65175,0.01737447766326349
65176,0.0459125150498427
65177,0.03375893292939211
65178,0.06571008876940859
65179,0.035956990001177955
65180,0.09061779686516247
65181,0.03548458722834631
65182,0.08547446615252588
65183,0.013406242019670429
65184,0.01775589197192023
65185,0.07160555248487988
65186,0.03342228006479107
65187,0.05610752121001536
65188,0.06380864495400805
65189,0.03981835701370423
65190,0.029862445642381677
65191,0.021033319591866235
65192,0.08517841196832542
65193,0.1319841056592357
65194,0.09251986653850452
65195,0.011152909301219743
65196,0.015156355000633767
65197,0.05477292322343573
65198,0.3666812983870051
65199,0.04069612755502814
65200,0.03282016327879661
65201,0.010884205050644377
65202,0.021651651336628882
65203,0.030447982103681555
65204,0.1379787962657064
65205,0.0745247866643723
65206,0.25020964403696216
65207,0.21918385998975826
65208,0.03139742085054273
65209,0.060277943019024956
65210,0.17443620498289214
65211,0.03192351018147449
65212,0.0292741169909184
65213,0.031889655294480304
65214,0.042162423225844806
65215,0.02117904641195341
65216,0.041513529155948574
65217,0.2058436802685205
65218,0.016651989477734042
65219,0.050903695405745394
65220,0.031081920803702756
65221,0.030139530901544722
65222,0.04006872951312816
65223,0.10910725166240584
65224,0.04315735152820897
65225,0.020078331374983077
65226,0.022912432026162013
65227,0.017720997522462933
65228,0.01163016984840727
65229,0.12009227415711443
65230,0.030961954957484123
65231,0.07547931846343295
65232,0.46768203418423926
65233,0.057898802713590644
65234,0.10623679392062796
65235,0.16445783996219948
65236,0.05395560725390627
65237,0.15984655963154842
65238,0.036528614831033035
65239,0.020210372528159777
65240,0.01593890334074702
65241,0.06484155747754938
65242,0.06549437089593074
65243,0.6337645717886891
65244,0.05461406975573852
65245,0.03841222903539239
65246,0.1001198934382054
65247,0.02816376751721736
65248,0.30264709351570007
65249,0.04623729764429188
65250,0.03481959247217459
65251,0.07341604375000466
65252,0.023590905639606093
65253,0.0213280413094755
65254,0.023417915193797986
65255,0.060515947928100534
65256,0.09011621726349212
65257,0.029719756564696442
65258,0.012155007175095645
65259,0.15295755890403998
65260,0.03480987860890252
65261,0.40582365548419447
65262,0.03372136535382604
65263,0.11955035509607506
65264,0.02599326868577976
65265,0.021758767738664593
65266,0.024301540792491947
65267,0.03618855885160219
65268,0.14709863187108532
65269,0.058733162714708353
65270,0.014844305220139365
65271,0.1210174800903033
65272,0.019689965758081022
65273,0.10958622529785886
65274,0.023577583041830573
65275,0.013202369304840946
65276,0.09923911983768235
65277,0.08741475006283025
65278,0.33794860180351627
65279,0.046976889031450086
65280,0.15730308212500008
65281,0.032996657957177544
65282,0.07977318946106182
65283,0.02873056741658037
65284,0.02152462731146291
65285,0.11188826349061272
65286,0.04112393642783746
65287,0.04756612071244472
65288,0.021463250859010907
65289,0.030768500704260897
65290,0.26746878784944084
65291,0.04387325140886474
65292,0.026100739770543318
65293,0.0677533085387289
65294,0.0516502970670512
65295,0.12466086258762892
65296,0.0652687318947824
65297,0.11712939013560567
65298,0.02688263373468156
65299,0.01909821006451402
65300,0.15855566995689885
65301,0.059418769970845414
65302,0.09651673691829254
65303,0.045818941655233696
65304,0.008055736549916677
65305,0.024512136252460258
65306,0.034063837424303495
65307,0.03799559158752666
65308,0.02486792206663357
65309,0.22933483876877236
65310,0.04478285885377889
65311,0.022209660420394916
65312,0.040753782290240945
65313,0.06098912209717136
65314,0.01357098130767469
65315,0.03371819803028591
65316,0.021321179359210934
65317,0.13733215527391138
65318,0.029113153054150853
65319,0.04375180508486866
65320,0.017277042052123756
65321,0.024732982751247364
65322,0.12134049547076368
65323,0.057959424220899336
65324,0.04175994839348914
65325,0.03184462343726734
65326,0.2104565009271297
65327,0.07225893121045451
65328,0.013903346758829215
65329,0.16232474052704082
65330,0.0727381938379038
65331,0.037186173111590545
65332,0.026325737238898136
65333,0.020578412119054812
65334,0.029810445608952005
65335,0.045885828549270494
65336,0.017867689041150207
65337,0.02387443699367765
65338,0.03417525989393084
65339,0.02254558388844892
65340,0.012636329412950939
65341,0.023756930632741972
65342,0.02999506096297229
65343,0.025576848880377083
65344,0.02372544338469671
65345,0.12706198656730705
65346,0.039261064789847214
65347,0.01659751395280562
65348,0.02860704993614791
65349,0.07177041216663031
65350,0.029609179560840873
65351,0.041920197873148525
65352,0.07213742345512088
65353,0.11158645748414453
65354,0.011703100532218685
65355,0.019311474019876027
65356,0.022478490056498844
65357,0.10762573585415904
65358,0.031517407865214495
65359,0.027378817821453797
65360,0.013116049668229591
65361,0.041266656793279455
65362,0.02761176989244837
65363,0.030117451744851566
65364,0.1805222420251128
65365,0.12276665943560938
65366,0.07216856483538493
65367,0.016722362679928205
65368,0.04016028148663197
65369,0.05937507848341639
65370,0.0749748537615212
65371,0.0259823242550084
65372,0.04153051078580691
65373,0.07326683480609655
65374,0.15385841414846999
65375,0.0760546828201207
65376,0.08626714505434667
65377,0.07051598488859351
65378,0.028661768056317843
65379,0.02408970929377247
65380,0.13020018473497397
65381,0.04647361725588139
65382,0.09249634403745449
65383,0.014175022643587413
65384,0.02628127250852165
65385,0.03178254152929112
65386,0.12523730745577222
65387,0.041207141198625494
65388,0.021053978858592486
65389,0.026508098324017248
65390,0.019056508514912637
65391,0.09924182588299203
65392,0.05372722339203798
65393,0.2812725213165454
65394,0.04049848367258099
65395,0.08980154174557436
65396,0.09681360736781795
65397,0.06883405328690473
65398,0.025049902574382072
65399,0.09781477284267433
65400,0.08169210554025837
65401,0.10444656084338814
65402,0.10387875065857959
65403,0.10054609692077592
65404,0.04496830173844149
65405,0.02900928812601631
65406,0.049002206922507396
65407,0.03193567922723228
65408,0.09340590111084898
65409,0.04174923573910714
65410,0.05593552221545217
65411,0.04853965051588961
65412,0.015202665804281824
65413,0.020046613069414788
65414,0.03982318110076398
65415,0.04405345282777288
65416,0.028785920566737604
65417,0.031220722545969436
65418,0.16751038894403036
65419,0.20817627316855325
65420,0.10098026609763491
65421,0.08326313975809578
65422,0.09976590200209029
65423,0.046669201772021045
65424,0.04857980604454634
65425,0.10066511596448191
65426,0.024821383442344146
65427,0.09431557828491767
65428,0.0283132449416292
65429,0.10670200881912384
65430,0.011228704949882687
65431,0.050299054764547886
65432,0.0770815403934099
65433,0.19435330616522228
65434,0.043313215010107556
65435,0.03227491699841981
65436,0.28776500371522773
65437,0.061808504876538536
65438,0.03844351107602592
65439,0.04777608713486371
65440,0.014373002178487545
65441,0.01562245446939494
65442,0.03889582730224178
65443,0.06648328707973221
65444,0.06276185138438645
65445,0.016084947296087736
65446,0.0365836249154469
65447,0.02560052212829928
65448,0.12092921258422508
65449,0.020491882169216134
65450,0.09936847390806125
65451,0.025745924953718094
65452,0.06723983105985386
65453,0.06849761978324329
65454,0.11302004211590005
65455,0.32626555851943884
65456,0.029125740609789383
65457,0.1304506003059391
65458,0.02301304341482724
65459,0.0975035230896908
65460,0.026223083143248987
65461,0.08158604021783858
65462,0.06932256667244907
65463,0.05221155259775016
65464,0.0647599422586226
65465,0.02690965514239213
65466,0.03499559209036048
65467,0.0729630895919405
65468,0.04086717942770454
65469,0.01864030868003419
65470,0.13582732949528112
65471,0.02105407394643696
65472,0.04546119380795449
65473,0.027844593666840077
65474,0.10905121786758586
65475,0.1203904941198725
65476,0.1999881664684673
65477,0.040580836675049775
65478,0.03568869630403338
65479,0.11543125779031865
65480,0.10026691579085868
65481,0.042815830373302055
65482,0.037826994253119736
65483,0.10729567387806588
65484,0.03130877227188225
65485,0.052303528695097606
65486,0.02931361396403264
65487,0.0590437339191493
65488,0.054987066411116337
65489,0.008691238839976212
65490,0.031585638772677394
65491,0.009432168039463113
65492,0.06250374555578203
65493,0.1055910619537042
65494,0.07040729502369879
65495,0.16363734391698426
65496,0.03962332913476597
65497,0.13520157100742203
65498,0.02575835915711718
65499,0.036117448836665116
65500,0.027841739067404503
65501,0.026387233115824398
65502,0.026416990677748706
65503,0.01100913646458309
65504,0.03627808327643588
65505,0.02845129080412572
65506,0.03548932537360962
65507,0.06639127033414124
65508,0.09664670545171573
65509,0.04953094684682039
65510,0.043585364961099535
65511,0.026280401906967135
65512,0.13367626275528843
65513,0.08303799735505639
65514,0.020824201736992894
65515,0.032792327197501504
65516,0.026213427264715247
65517,0.08288753293700685
65518,0.03466871806262577
65519,0.021560439582449346
65520,0.09382489574449811
65521,0.017540849374947976
65522,0.06329802365379684
65523,0.09828374922315224
65524,0.049488286758785596
65525,0.10561068294149376
65526,0.19612453241249314
65527,0.037314682316881134
65528,0.10629425521131011
65529,0.12275315549027319
65530,0.015665592189226397
65531,0.01203058789218159
65532,0.06120029261740868
65533,0.04254598107191966
65534,0.07197626952348972
65535,0.04866463914534387
65536,0.012643779678488582
65537,0.07322256605181739
65538,0.02100303339608751
65539,0.016497535110847113
65540,0.02021402198061417
65541,0.08161715804954697
65542,0.012013705570304003
65543,0.016435502227101446
65544,0.020631640854609133
65545,0.017768952635109157
65546,0.02238719088223065
65547,0.0315069754169568
65548,0.11508861009440978
65549,0.21953894861103776
65550,0.06085375353763356
65551,0.13731031153216222
65552,0.18283115328881896
65553,0.024358727597836284
65554,0.08816506580437392
65555,0.010132655792420784
65556,0.09468596533735037
65557,0.16485263889047788
65558,0.024882649559158296
65559,0.02248376771483514
65560,0.08957226053627265
65561,0.1687069659738656
65562,0.041124513111116257
65563,0.09961281706579575
65564,0.052071005827051924
65565,0.04765159752195427
65566,0.02594492957503996
65567,0.11674183125519254
65568,0.03844047674192138
65569,0.13587350578248109
65570,0.10546256802512466
65571,0.0627450094445605
65572,0.09246030127107654
65573,0.049462973683052205
65574,0.03621443712830643
65575,0.01976431897515325
65576,0.050740404529805015
65577,0.20230831041666109
65578,0.05111008469486185
65579,0.0546437667984519
65580,0.02895154139227004
65581,0.11761467949377924
65582,0.06622159736651127
65583,0.04268932989900823
65584,0.06373229908297776
65585,0.01136063067081037
65586,0.06301929088209936
65587,0.07796955534514233
65588,0.04136600306581575
65589,0.11303463046106779
65590,0.02590114341066853
65591,0.0831211480645796
65592,0.028673229001843832
65593,0.08664117652291282
65594,0.009803797963071473
65595,0.08238888670242185
65596,0.02309040499896799
65597,0.01281471758271642
65598,0.014763015068069592
65599,0.05502198208751008
65600,0.2947361675973237
65601,0.0498735859683235
65602,0.03698934528502329
65603,0.10383027173606793
65604,0.07627132769072863
65605,0.059286466247585136
65606,0.06032827861098842
65607,0.014042149454506849
65608,0.0944419512591917
65609,0.036174838283249786
65610,0.0684047821218024
65611,0.0753656350471607
65612,0.09546129273707266
65613,0.0817237552355544
65614,0.10569860720361535
65615,0.036412207239618986
65616,0.06830631500658312
65617,0.022709133802277497
65618,0.06516044629200983
65619,0.04324737440662779
65620,0.10707296805237254
65621,0.11949666462986279
65622,0.028671045687289863
65623,0.032094161557978194
65624,0.2847690641227113
65625,0.050468505008521604
65626,0.08298276833413235
65627,0.07677334272969079
65628,0.02482361255310183
65629,0.011017845244933641
65630,0.05961981610951444
65631,0.030543818682918136
65632,0.06605589094382698
65633,0.04493992035872779
65634,0.03361628300885408
65635,0.04402832146441464
65636,0.03217851633389269
65637,0.07639023776980587
65638,0.02420380492667973
65639,0.07287167759635069
65640,0.06324158734316576
65641,0.19795266691138552
65642,0.030521525057677544
65643,0.11207373741079275
65644,0.01616818184356011
65645,0.1391149536772241
65646,0.06131057469805749
65647,0.12920051564383236
65648,0.10008267392914144
65649,0.13277630627064685
65650,0.0645641787840865
65651,0.1930807514070103
65652,0.03439079186365377
65653,0.05164928103353908
65654,0.021367358836584076
65655,0.10565702257456092
65656,0.06447462515609358
65657,0.11684047534143463
65658,0.06555272198464937
65659,0.06160585935806772
65660,0.04221651523706027
65661,0.018887370908027952
65662,0.043983425077040554
65663,0.15502434816995067
65664,0.050610341293367146
65665,0.025958720979978013
65666,0.04666554285819069
65667,0.010520935610834625
65668,0.009570957098988862
65669,0.011517911435817164
65670,0.041116630691453916
65671,0.0497301517883089
65672,0.08312012821968622
65673,0.06166211153467582
65674,0.0334425243176638
65675,0.01697790284103581
65676,0.12304153937254325
65677,0.09010480012418284
65678,0.02710498293045559
65679,0.18124850105765553
65680,0.14755523961981323
65681,0.03619032245341988
65682,0.13791505915493094
65683,0.048754320050176034
65684,0.06007091558707747
65685,0.07835688389187756
65686,0.1029235288325795
65687,0.01695681452187947
65688,0.052030509584015644
65689,0.02209402687760298
65690,0.05680102790671342
65691,0.042650058626440515
65692,0.055674525510150015
65693,0.0221613068855315
65694,0.028347798481882694
65695,0.027701693883832545
65696,0.01715089495541183
65697,0.025553098600587975
65698,0.0532160181726377
65699,0.10050821580077131
65700,0.18160664268120297
65701,0.09913473772689513
65702,0.025894760752230836
65703,0.2728786451703391
65704,0.04610586729775971
65705,0.0609549997401307
65706,0.0823008283937918
65707,0.1257518661123326
65708,0.07625095896880044
65709,0.025959285554611643
65710,0.04344614786936624
65711,0.07894188242446001
65712,0.012127916602165141
65713,0.016964092082918814
65714,0.08045694335767087
65715,0.04944207592271614
65716,0.01347482817450197
65717,0.12024071573980091
65718,0.06349174191519702
65719,0.04260459672896774
65720,0.030542145312573772
65721,0.018479947395804885
65722,0.012069460075612649
65723,0.06507005921200144
65724,0.011229434254355347
65725,0.06099403472084533
65726,0.06139629072931378
65727,0.24164404480880336
65728,0.010877561676553807
65729,0.04965409486288996
65730,0.013578276121541659
65731,0.02276138101993918
65732,0.028280643735469888
65733,0.04425977053926837
65734,0.027340067124743676
65735,0.03034408411349157
65736,0.017820263496936155
65737,0.08400735601160786
65738,0.06612893352175374
65739,0.032738257524167834
65740,0.03989872306889005
65741,0.08510882984355955
65742,0.10490921911732658
65743,0.027930934512756727
65744,0.06422433042865526
65745,0.48744300386757683
65746,0.018773074248688675
65747,0.10061312360000649
65748,0.1189678202217905
65749,0.020161039764519204
65750,0.028452051426514673
65751,0.09987066725581029
65752,0.1795421009982493
65753,0.01805361636709674
65754,0.032754778304244336
65755,0.03235406625035339
65756,0.014390268138950486
65757,0.11304954798606555
65758,0.14602907504306742
65759,0.08929047959220413
65760,0.02749346448149346
65761,0.0451610222155645
65762,0.013484640797560501
65763,0.015595262084952419
65764,0.01811545448964138
65765,0.049109594179082096
65766,0.0250588406950399
65767,0.03071497556024616
65768,0.018131781309597392
65769,0.05083867894385725
65770,0.06814275062662328
65771,0.03205570426335806
65772,0.03466557591533674
65773,0.01241638065155694
65774,0.14370220128642253
65775,0.028786749371308304
65776,0.10860678870249964
65777,0.025560136783469883
65778,0.015140551363056868
65779,0.16458999762793952
65780,0.17964795822884233
65781,0.02290944851996045
65782,0.06697572697481283
65783,0.04197953377182473
65784,0.043458116592538856
65785,0.013605590222398633
65786,0.037302622145512394
65787,0.020987775759736985
65788,0.04775101238290177
65789,0.023776163345600475
65790,0.6212790172728275
65791,0.07992365513970442
65792,0.08501253535908392
65793,0.11469566551987251
65794,0.015509956661798212
65795,0.021956250675345988
65796,0.03138413391153279
65797,0.1234111087321012
65798,0.053181939875556125
65799,0.016328927085310894
65800,0.08868805064705286
65801,0.025534609089634577
65802,0.022519006867587538
65803,0.010971982721104733
65804,0.1581106703408292
65805,0.09580821416706334
65806,0.053139548419180026
65807,0.10169038815990027
65808,0.022289391695944287
65809,0.01854221566804762
65810,0.025605354154759043
65811,0.022474001379233915
65812,0.025388308615303074
65813,0.01024900565355473
65814,0.038638888389814684
65815,0.019713588420420067
65816,0.017467452463486518
65817,0.0297928329240486
65818,0.05334434118345842
65819,0.09962901132358044
65820,0.08575155032202084
65821,0.010717388503512611
65822,0.0612168647560512
65823,0.10686413691290413
65824,0.058411991444026895
65825,0.015104035086333687
65826,0.018496921824929104
65827,0.11459666357515558
65828,0.013743761528070237
65829,0.13796891495381888
65830,0.013623904151014426
65831,0.07240499044649609
65832,0.07683667630526878
65833,0.014262629154824312
65834,0.08598411690761046
65835,0.033617574011520414
65836,0.0900617398335184
65837,0.14928035150137142
65838,0.018324815457174317
65839,0.05592546978884332
65840,0.05677735735428068
65841,0.025624988081320986
65842,0.04175097643194565
65843,0.09810991833982656
65844,0.027132487834587153
65845,0.03490614953286813
65846,0.0420393299487985
65847,0.11807254077185306
65848,0.15187392307136116
65849,0.061361243681240275
65850,0.08608492520930945
65851,0.014010000993150152
65852,0.2841917274195288
65853,0.021558487470476805
65854,0.02432964973459957
65855,0.018201240399032655
65856,0.06148727131315398
65857,0.057033233662198375
65858,0.04299367161135135
65859,0.2520943353074103
65860,0.03427111265739791
65861,0.09042377686663511
65862,0.13815224226129438
65863,0.08068483041964687
65864,0.11413091888576796
65865,0.041167487257708676
65866,0.0219520817510903
65867,0.09655573199500381
65868,0.016463469030937657
65869,0.0757333938319441
65870,0.10554319739741748
65871,0.14293578232500412
65872,0.02662215602464997
65873,0.01978034693583377
65874,0.027313041352429533
65875,0.03731492531491066
65876,0.029887998813239114
65877,0.12469936772026782
65878,0.1773268739795083
65879,0.03073524488632759
65880,0.15040422042997778
65881,0.03194619562452246
65882,0.12089790769816916
65883,0.09959279393205311
65884,0.014826872921956065
65885,0.05055176688350127
65886,0.027670868797632253
65887,0.04604330467471714
65888,0.08801236003322259
65889,0.036281727229263205
65890,0.16310063482757037
65891,0.02790249224222259
65892,0.01182660230523021
65893,0.021333258060464058
65894,0.013559084742089191
65895,0.09184048921702523
65896,0.05508873387468623
65897,0.03708276074090443
65898,0.04055465365624673
65899,0.07690267837686877
65900,0.06988383650179458
65901,0.015015055820495914
65902,0.040704691194919915
65903,0.01933342533451289
65904,0.06319970659501004
65905,0.10497100994894165
65906,0.0688441860174922
65907,0.10013676180431721
65908,0.16101351434840916
65909,0.051788631983324535
65910,0.11772579752813897
65911,0.01731816458186457
65912,0.028742419642127974
65913,0.03861416525121125
65914,0.04582371743030359
65915,0.07525118994919101
65916,0.014525469386609353
65917,0.018995245694212275
65918,0.05151970362470861
65919,0.020885465850028657
65920,0.03543417468181705
65921,0.04616672658014392
65922,0.061593462942007016
65923,0.040956133295737204
65924,0.07567005722205383
65925,0.08273864052633763
65926,0.020139858240205893
65927,0.03522920936526708
65928,0.04586985570237847
65929,0.08716136567190097
65930,0.20379186196618645
65931,0.08522518239497026
65932,0.06918739854456195
65933,0.11199215505684185
65934,0.029631823719799284
65935,0.013216240923892422
65936,0.024162321463662526
65937,0.012481303807580717
65938,0.025780012246109544
65939,0.014599731286563906
65940,0.03562010890068777
65941,0.036946400091540856
65942,0.020299705785108098
65943,0.019732702450528702
65944,0.03227105311769052
65945,0.028282440664836168
65946,0.040551014563830264
65947,0.037544061987028005
65948,0.05047617534174722
65949,0.07196211933429467
65950,0.048883623890613494
65951,0.04046590257323833
65952,0.12480292530469428
65953,0.3293056402705013
65954,0.031122151225609834
65955,0.016537743119544597
65956,0.05056687782477295
65957,0.09177137185791397
65958,0.16280638505963552
65959,0.05002184716782057
65960,0.26423870434150964
65961,0.05773783701531714
65962,0.06441192204663282
65963,0.10637111662242398
65964,0.05838931125930906
65965,0.016624323039784703
65966,0.06453427840164012
65967,0.17068925468445503
65968,0.24152775815323602
65969,0.061759352733440104
65970,0.32594344322397606
65971,0.03917361412705225
65972,0.0374552662744861
65973,0.06974084556325959
65974,0.05877624655148667
65975,0.048109291700992124
65976,0.007219137828943668
65977,0.39317529606588897
65978,0.047280515684289884
65979,0.010740436742196376
65980,0.11396483144831698
65981,0.04897101279226185
65982,0.042821434547450826
65983,0.12256913763305799
65984,0.015233020678184998
65985,0.2928032255270942
65986,0.04462618306021941
65987,0.028825391510730873
65988,0.07872458234251192
65989,0.023299789933848104
65990,0.08504348730032356
65991,0.28462382192823094
65992,0.026287594076209425
65993,0.08462823573271756
65994,0.019998812864611783
65995,0.445009034531934
65996,0.08284584062392683
65997,0.1775207732170506
65998,0.022973759376634727
65999,0.022233923173019803
66000,0.04700977816846827
66001,0.05860007381321563
66002,0.7349575855739481
66003,0.10738501393923894
66004,0.11810709732355595
66005,0.10034118992780677
66006,0.03327460030675694
66007,0.4111967098687159
66008,0.015315915314490273
66009,0.08268166790923015
66010,0.03159081480963392
66011,0.02279014217592441
66012,0.08909122992490542
66013,0.04074817396820081
66014,0.04478975440629859
66015,0.01612637235744627
66016,0.05018356946908971
66017,0.023169846781014837
66018,0.20392278540790487
66019,0.020451901037091606
66020,0.07901790304350444
66021,0.11895037664526038
66022,0.04713393822234872
66023,0.16349392727138587
66024,0.09194263289978746
66025,0.02031920244255296
66026,0.10113229493942508
66027,0.02556722044587378
66028,0.06064097747523929
66029,0.07090740160271035
66030,0.023083311513683695
66031,0.02164443925338516
66032,0.028738741658427748
66033,0.027743184629181163
66034,0.015440099823968873
66035,0.04545243448957592
66036,0.04103626975253268
66037,0.035882083114966074
66038,0.04628497576560994
66039,0.1292614923201497
66040,0.10160050258386334
66041,0.08819998605981458
66042,0.0640661162802426
66043,0.07053581411438248
66044,0.13636241329565085
66045,0.019049489044800933
66046,0.044725178382586835
66047,0.052203975862310986
66048,0.042660438662682945
66049,0.03313095168445498
66050,0.025997283813818054
66051,0.04293869407854347
66052,0.02021984386073205
66053,0.065758584526974
66054,0.07094618009006431
66055,0.01725720970904431
66056,0.33678788184227804
66057,0.02324799477718132
66058,0.25844114536353785
66059,0.12314415647815605
66060,0.013719776230557444
66061,0.15588773701341485
66062,0.009696825475983724
66063,0.17631115061094152
66064,0.031208818080063844
66065,0.017399802408862276
66066,0.056690176171839926
66067,0.015331657797925363
66068,0.022357553874689087
66069,0.07816770196264036
66070,0.03540295385219859
66071,0.028054195969743463
66072,0.040671371778823316
66073,0.15648738623328112
66074,0.01059774325246806
66075,0.02127180995829957
66076,0.01532439840346834
66077,0.043419210758203625
66078,0.03025316958690296
66079,0.025340447492008332
66080,0.07579486431191859
66081,0.04587082848994285
66082,0.0160707198154241
66083,0.054977250178653736
66084,0.024975283104805023
66085,0.08246364326595283
66086,0.09310537939564899
66087,0.04919689998895562
66088,0.034016396134438145
66089,0.019115433911239106
66090,0.024108568599974886
66091,0.31163094339315345
66092,0.25054805472436426
66093,0.014076996698908467
66094,0.03909999148365677
66095,0.04924240495316997
66096,0.11402692912733414
66097,0.07181205930438811
66098,0.09660974802320316
66099,0.05303808926833154
66100,0.05644212186981366
66101,0.02540785594992011
66102,0.05182909412529884
66103,0.15203819779723493
66104,0.15840262283765527
66105,0.028210555743764854
66106,0.03516925688447872
66107,0.09866160730061117
66108,0.14532946027436439
66109,0.05393293140203152
66110,0.024562501590209125
66111,0.09265301049985171
66112,0.014379252602623547
66113,0.02752557172440221
66114,0.1636445648370772
66115,0.2610701144185379
66116,0.011349573050311175
66117,0.09308775715581996
66118,0.08827441515300757
66119,0.02083434489779397
66120,0.031500323210281116
66121,0.10340935044348842
66122,0.11449507746008923
66123,0.016125887175429253
66124,0.03230239511003749
66125,0.027995966762508276
66126,0.05424793024367479
66127,0.09570511295883832
66128,0.03837971358223149
66129,0.017005152130071782
66130,0.025739469773101303
66131,0.08611680429097258
66132,0.06258120159754792
66133,0.07488591539730031
66134,0.313360388445839
66135,0.11297229426371375
66136,0.24481420639084198
66137,0.06909144068555907
66138,0.1431682859909084
66139,0.03523086328722234
66140,0.01174294623977289
66141,0.07496341963020556
66142,0.0258999760836997
66143,0.046500220173034824
66144,0.07263789763523502
66145,0.040913917687660256
66146,0.06081050219285525
66147,0.0710941560139108
66148,0.030471795560253315
66149,0.0689054418419719
66150,0.05168143821732289
66151,0.07565668768373901
66152,0.08103413620166663
66153,0.0393212819077525
66154,0.04439320450376484
66155,0.09428225071960161
66156,0.032153558238828955
66157,0.010956846691143711
66158,0.0313254416321221
66159,0.02055994650875819
66160,0.025559086527000164
66161,0.04214759074103301
66162,0.03766471992802392
66163,0.01690074044158235
66164,0.060310306352099094
66165,0.1476051924054988
66166,0.024360097616267846
66167,0.21106227224739812
66168,0.031559045153449095
66169,0.1485931750550571
66170,0.0192823830138533
66171,0.020941085353910743
66172,0.026459598009109395
66173,0.09411514893761162
66174,0.030175431058460975
66175,0.10825892194772216
66176,0.02227214400659005
66177,0.014996313123415272
66178,0.07983528962202832
66179,0.032103084498611954
66180,0.06524826995189768
66181,0.059201103638262045
66182,0.04188699984212731
66183,0.07208237981189196
66184,0.052667106912031345
66185,0.012811123449305769
66186,0.10222568793526238
66187,0.04437576461847244
66188,0.05482691159082712
66189,0.04974532173399593
66190,0.1123646559617712
66191,0.05479286685329442
66192,0.05247595255641658
66193,0.9625740967304383
66194,0.08357294903341565
66195,0.18326991100863865
66196,0.06770057100193769
66197,0.02592989581082933
66198,0.07302568625536637
66199,0.046749257683892875
66200,0.029638829119204697
66201,0.08029068066300146
66202,0.022670517016289072
66203,0.059777546791294475
66204,0.024974614110041277
66205,0.059080445385419116
66206,0.18518589663882445
66207,0.01607220335329835
66208,0.1189311029527802
66209,0.6345492846200254
66210,0.012807629625949862
66211,0.05143404512709594
66212,0.035803603209030206
66213,0.020984983811796164
66214,0.08446302204310248
66215,0.011200522807221959
66216,0.052182477394580706
66217,0.027951691554378447
66218,0.14446303680797726
66219,0.08931468859612345
66220,0.019818642947290698
66221,0.03233458544603997
66222,0.03907803192178054
66223,0.034491396924907644
66224,0.11970174845280966
66225,0.027510027124076998
66226,0.047141717880730634
66227,0.0805598313629274
66228,0.03404328805032322
66229,0.05903744100525784
66230,0.046506014639962956
66231,0.03461200432280082
66232,0.03773886024381534
66233,0.010157065065136025
66234,0.08321152786596836
66235,0.017724562946189952
66236,0.05587373710955864
66237,0.06578750302543881
66238,0.019245507069563135
66239,0.020706106772089866
66240,0.02984930120350518
66241,0.06208362841060838
66242,0.047460380999574774
66243,0.2776378424865585
66244,0.022915193860361685
66245,0.24367659758905563
66246,0.239252994256677
66247,0.02645894328517343
66248,0.12356327657604974
66249,0.08046080879170747
66250,0.036717839153932216
66251,0.07122533488931795
66252,0.028400150873784082
66253,0.01941444552462738
66254,0.026542204053451146
66255,0.07721557330174136
66256,0.03806857434764041
66257,0.07206025648745812
66258,0.03172197031899784
66259,0.03477734026371463
66260,0.03696124779842319
66261,0.042311593397493324
66262,0.023426947396570877
66263,0.21518730363796237
66264,0.018866045704690717
66265,0.024917393886107305
66266,0.026739288469961965
66267,0.04538231542694106
66268,0.08648237790993847
66269,0.10916513661940414
66270,0.18610979689341026
66271,0.02617239631945779
66272,0.10301490202429434
66273,0.10730008574901131
66274,0.04345224338868604
66275,0.0469055910923319
66276,0.051017450493531215
66277,0.04956753588634977
66278,0.03490232512299564
66279,0.026188000290393844
66280,0.049468508331512874
66281,0.2219866784996124
66282,0.024635313519192636
66283,0.02131664921100422
66284,0.4025057045903317
66285,0.08704089065863842
66286,0.16237172461554172
66287,0.05950245814685497
66288,0.04303009483095484
66289,0.024082562187160893
66290,0.26593559968992264
66291,0.12231007307251668
66292,0.45901030418555355
66293,0.030414637516956774
66294,0.04089881906385975
66295,0.028437818048700762
66296,0.025829282531743193
66297,0.17344588463270302
66298,0.0313436397783588
66299,0.014761632961629302
66300,0.04373278983719363
66301,0.056516070924801404
66302,0.04046653516360396
66303,0.08633867340564988
66304,0.08458312172257236
66305,0.1451159039887753
66306,0.2003360700182576
66307,0.02791941975305128
66308,0.04575754040098176
66309,0.05961519816935766
66310,0.041063698951117805
66311,0.04456458308323892
66312,0.06394877159173787
66313,0.052974159875388616
66314,0.021157267584401243
66315,0.08555803558709033
66316,0.04738457064370507
66317,0.02499462045318568
66318,0.02330856131023158
66319,0.03771900793523312
66320,0.01754743655217915
66321,0.0881059577516669
66322,0.021666839499644076
66323,0.012382900529382339
66324,0.06559932910402658
66325,0.03315273100716219
66326,0.056089879776992396
66327,0.04916866518196847
66328,0.043074971053922044
66329,0.02826755981598674
66330,0.026998380758773827
66331,0.06652311613116815
66332,0.054113387549562866
66333,0.11057514807616499
66334,0.02798873955492918
66335,0.05681990208996984
66336,0.07502135053455683
66337,0.03964191102674667
66338,0.01694619878195018
66339,0.013163307211983612
66340,0.13040108390123153
66341,0.03723794356760684
66342,0.031339286029356386
66343,0.12315965337421932
66344,0.06075874095853431
66345,0.09682015162513799
66346,0.07479401086595229
66347,0.016881435301997327
66348,0.027981905605320805
66349,0.0405590217069971
66350,0.05625547095329428
66351,0.030904537294020214
66352,0.04426226194641847
66353,0.04703007700913244
66354,0.09435198739865372
66355,0.047877952429014915
66356,0.02202168048045481
66357,0.02211815970465744
66358,0.035348807551592934
66359,0.09332804778505684
66360,0.12532793939772333
66361,0.06194216259567672
66362,0.04840663314324346
66363,0.014966096100952692
66364,0.014480511773425884
66365,0.017093765956533148
66366,0.03828534040596729
66367,0.1157248689696696
66368,0.015424756780656714
66369,0.12788386339255545
66370,0.021214242516658932
66371,0.03103353501469256
66372,0.10944851256916205
66373,0.01665898533836106
66374,0.029259963966480302
66375,0.05639796349686723
66376,0.02881367402275691
66377,0.01603972348505674
66378,0.04440131529603557
66379,0.0387397932939782
66380,0.01775625577147887
66381,0.018500047847202064
66382,0.04746146561322716
66383,0.05259389482414701
66384,0.01808524765698991
66385,0.029145745991596646
66386,0.20725506255313936
66387,0.007815103808833407
66388,0.016822892802621205
66389,0.5623798810540416
66390,0.16997680843057472
66391,0.0382557722656762
66392,0.01511062320691581
66393,0.024189911408090445
66394,0.04626988878289792
66395,0.023769665371500617
66396,0.03504310890506214
66397,0.24726367501326563
66398,0.02005828421601302
66399,0.32024607630038465
66400,0.019085811322940505
66401,0.04801615794757999
66402,0.029006883129859815
66403,0.07596450419821958
66404,0.042547851666845805
66405,0.016109392097418414
66406,0.22290118455781893
66407,0.04073159845074446
66408,0.017756652103920155
66409,0.028984638134442298
66410,0.05097656446527186
66411,0.059771756954447225
66412,0.04847207805702519
66413,0.027521447290655178
66414,0.015584475439178982
66415,0.037891905831906714
66416,0.4115354957370171
66417,0.4452149952725746
66418,0.07369137131994562
66419,0.1504593132473138
66420,0.08171551611067455
66421,0.021845660009305073
66422,0.022942952086604206
66423,0.03367334145841451
66424,0.012143645795767405
66425,0.03889144310020491
66426,0.08465611374655882
66427,0.0628841009049361
66428,0.48117933572898847
66429,0.011373841860317915
66430,0.05302805343767612
66431,0.04835658660581612
66432,0.023887218468071333
66433,0.009421945039996021
66434,0.01523379555587378
66435,0.02280099830593493
66436,0.012962890760674979
66437,0.04201311210692842
66438,0.012801174802714227
66439,0.07981732082744593
66440,0.11498637313209895
66441,0.11081494307457532
66442,0.046752140261897605
66443,0.016520473842188244
66444,0.28776101709533786
66445,0.18511444989705197
66446,0.031228111680504392
66447,0.06554323722838698
66448,0.011791689911394563
66449,0.20630406027542403
66450,0.043613133372783316
66451,0.058380650544779256
66452,0.1976136588872189
66453,0.1754002844573505
66454,0.057725309692837595
66455,0.030091877505909043
66456,0.030096151550459135
66457,0.015706258598574805
66458,0.031379702544294424
66459,0.047616595604793734
66460,0.046454170281060275
66461,0.05993872043831498
66462,0.0437136598157995
66463,0.05284118544239191
66464,0.47547519929296056
66465,0.5801045406094187
66466,0.01569167493556815
66467,0.07417143238995261
66468,0.07474870663150482
66469,0.05480814790164858
66470,0.021906221339711082
66471,0.049137710667436725
66472,0.028419899788393578
66473,0.15923700037850802
66474,0.0551899798634981
66475,0.018738459685695468
66476,0.025145160739107542
66477,0.3198142008361658
66478,0.08282300549906439
66479,0.2714896393077271
66480,0.02779556661941821
66481,0.050937419197755705
66482,0.022629775542262424
66483,0.022623313972987044
66484,0.017881608828377794
66485,0.21943135216920748
66486,0.04573088670642502
66487,0.02076576669542302
66488,0.03069264894217607
66489,0.1819211877959416
66490,0.013710131482402087
66491,0.03490192449787725
66492,0.0263432906247606
66493,0.09078282991309772
66494,0.04476046734585869
66495,0.06986328531981287
66496,0.020552076987198006
66497,0.04234632870433989
66498,0.05937354954697846
66499,0.02708152009732101
66500,0.0497050872564447
66501,0.0693193235245363
66502,0.03484567378461149
66503,0.028812819623120423
66504,0.11737621940497495
66505,0.15844975701423858
66506,0.03638806601193128
66507,0.06475575024406752
66508,0.015817342029856473
66509,0.053945636341109444
66510,0.19393563957118778
66511,0.03611739669400382
66512,0.04035589495634018
66513,0.12431710973295487
66514,0.05372245901716436
66515,0.05374097418018284
66516,0.011851158894782936
66517,0.01472153610845908
66518,0.03411415535018654
66519,0.08444461930279659
66520,0.02372958183105678
66521,0.01598094725627954
66522,0.015404472981143252
66523,0.017567574753250752
66524,0.04072770149454088
66525,0.06523316292951623
66526,0.09963798208802208
66527,0.03891428580704162
66528,0.22676953199753141
66529,0.05554454399054197
66530,0.025757080528302966
66531,0.022874373316449908
66532,0.12700848174219767
66533,0.07375811190864257
66534,0.02400292878611817
66535,0.03794016363974287
66536,0.35167884191108617
66537,0.0853325408192997
66538,0.014741842067673592
66539,0.039768349459429544
66540,0.340785950673015
66541,0.051813055196959196
66542,0.049045541919549324
66543,0.019122747740804368
66544,0.026013931926212527
66545,0.1823774923126571
66546,0.06422176854765672
66547,0.023249400238389353
66548,0.13434352241871533
66549,0.08782736213880406
66550,0.30936833533364616
66551,0.0434092074982362
66552,0.04654538788065673
66553,0.061108648064180524
66554,0.027190866124715066
66555,0.04295093264266539
66556,0.04307452620107224
66557,0.020286247923757425
66558,0.11087088284205208
66559,0.09496777437390075
66560,0.04368953139031053
66561,0.19055933415965023
66562,0.02990201616237268
66563,0.060416522173461176
66564,0.09403506240758351
66565,0.43175983507157617
66566,0.01678314444446971
66567,0.014412539865771453
66568,0.015968426968936786
66569,0.09999551941505258
66570,0.04492427013160612
66571,0.12592908326181726
66572,0.032811350202399545
66573,0.022455504107453214
66574,0.06314840394429798
66575,0.035709798069474816
66576,0.06999824238480865
66577,0.05904367074008209
66578,0.049662069027315
66579,0.07505942669898
66580,0.02699161942477859
66581,0.03831399951713187
66582,0.07516962857874665
66583,0.10762523253022349
66584,0.02486889602445968
66585,0.038896182795590074
66586,0.04885623002710808
66587,0.11499627725241977
66588,0.030323847295764348
66589,0.062146658651127624
66590,0.014473753063217694
66591,0.027682514874749348
66592,0.04141800448966898
66593,0.0828811050822495
66594,0.22457560659525047
66595,0.023303115975212285
66596,0.04452329624879436
66597,0.09772901632012021
66598,0.06957585632441061
66599,0.024038439608231647
66600,0.03239291313695868
66601,0.07949038554422408
66602,0.06439333583762902
66603,0.04048823884011682
66604,0.10278610864513812
66605,0.17852290177145091
66606,0.07864876224632025
66607,0.03079478456830157
66608,0.055726923200490004
66609,0.05741888105289183
66610,0.05504056903524633
66611,0.0269044903015973
66612,0.06092805753958636
66613,0.020860757816816334
66614,0.09128319096851037
66615,0.06196752548181084
66616,0.043474658904300016
66617,0.01359133004792836
66618,0.09692118285297958
66619,0.01981259243025243
66620,0.025270792396214527
66621,0.027385891555695523
66622,0.0351792743962738
66623,0.3624034212674835
66624,0.012972317664987184
66625,0.0828101405088579
66626,0.03973588721796542
66627,0.05945311074950176
66628,0.06840499644909798
66629,0.017557936719618437
66630,0.020867746897507224
66631,0.02662513602614499
66632,0.0144631195220707
66633,0.18088173107339275
66634,0.257947209625386
66635,0.10656944547296565
66636,0.04381740927891032
66637,0.024033664226141477
66638,0.08968458829477044
66639,0.06191181791430906
66640,0.014815156199133294
66641,0.23222878400020336
66642,0.05083537282239157
66643,0.01832954354761929
66644,0.07194919637820094
66645,0.14902483741578648
66646,0.3593265743724527
66647,0.0779185569532052
66648,0.11555836737940407
66649,0.15248649592518942
66650,0.12772790088495878
66651,0.041511188666700984
66652,0.6464777010962397
66653,0.04953892391919197
66654,0.02545202459646222
66655,0.02519089379605581
66656,0.010895030904143378
66657,0.016589044023382828
66658,0.017038602427662922
66659,0.019496345723639355
66660,0.024557276711578948
66661,0.028019190219488094
66662,0.014653584588843364
66663,0.0669836948965878
66664,0.0315634541279465
66665,0.030295531329759456
66666,0.06879587105704033
66667,0.03232565752438708
66668,0.07565702364927741
66669,0.048821922597964446
66670,0.09839048710420054
66671,0.03497157443872504
66672,0.042979346812417996
66673,0.08078614970103187
66674,0.02292948155571215
66675,0.08975733967352806
66676,0.021525898049909224
66677,0.2725169393128379
66678,0.1366613164723538
66679,0.1365836369080739
66680,0.06510224837944213
66681,0.0699419489250673
66682,0.39043483225875575
66683,0.039076357198180686
66684,0.2668776932379021
66685,0.3874927870787928
66686,0.06096005428887937
66687,0.09324123894689272
66688,0.1390483220127159
66689,0.04976361871920642
66690,0.05037206588561341
66691,0.07273302014620327
66692,0.06577752653138848
66693,0.20488690533928244
66694,0.040406672500172956
66695,0.07151742658223238
66696,0.04311954095468786
66697,0.30183360396038506
66698,0.15022009091004576
66699,0.1116043717245469
66700,0.024915063815387457
66701,0.028872992015030685
66702,0.01457396266049386
66703,0.009065468354910918
66704,0.010226254103375923
66705,0.05398725437275041
66706,0.046612080773190165
66707,0.04145743368491525
66708,0.030006166698526092
66709,0.12189092698438253
66710,0.012104218687376368
66711,0.08409356291404153
66712,0.10589868538350246
66713,0.03907826208969889
66714,0.019681088778352705
66715,0.10935520843977384
66716,0.01479282867429169
66717,0.14344052622346617
66718,0.032494829732829626
66719,0.05752979214613926
66720,0.12389898126755391
66721,0.021325659128269885
66722,0.08247135017122467
66723,0.04336790606292231
66724,0.0396153282456652
66725,0.07212541047078166
66726,0.07782600954104595
66727,0.03997648989183539
66728,0.018050917901367636
66729,0.04329252228509463
66730,0.10494820505987763
66731,0.1059976246533279
66732,0.0308849522173011
66733,0.026056741367265546
66734,0.04068515071266574
66735,0.07085726625117882
66736,0.03397694479876053
66737,0.021171775480748316
66738,0.12890399550741086
66739,0.025847756894043138
66740,0.032834191628303706
66741,0.054057459679852336
66742,0.19616516704650053
66743,0.039384399462248906
66744,0.14039900024346225
66745,0.02929991734943522
66746,0.09103224751438088
66747,0.21109083373742518
66748,0.05970500620540122
66749,0.5023348241773482
66750,0.27324603522183494
66751,0.03181517475854906
66752,0.04077274424726235
66753,0.10795732049792421
66754,0.013190777037536412
66755,0.09776872871683055
66756,0.03343750627158462
66757,0.017849555343583883
66758,0.09623888287574056
66759,0.035755183302578236
66760,0.15044465836300952
66761,0.04244248044428673
66762,0.047315435898514155
66763,0.016361712500941365
66764,0.1551282708975097
66765,0.07351325831137834
66766,0.023100153078896027
66767,0.03190391974603641
66768,0.017481665514944532
66769,0.08478483670948068
66770,0.015045241088193433
66771,0.02850125295419395
66772,0.06849833770136561
66773,0.03041064533595634
66774,0.050872819564796855
66775,0.043904825155679755
66776,0.19516612048507082
66777,0.10436602284365495
66778,0.06950909206567152
66779,0.01545086246963902
66780,0.050117224966182296
66781,0.0664004658811593
66782,0.04338460674935503
66783,0.3062597319631368
66784,0.027825461144268957
66785,0.011313203779893862
66786,0.017357443290454057
66787,0.09057111858310912
66788,0.09050733211619794
66789,0.051050515846663196
66790,0.026903223733212592
66791,0.07468355634602965
66792,0.054765079841511764
66793,0.17506957147460978
66794,0.04131187001946578
66795,0.10120134431577552
66796,0.235386365850457
66797,0.03550403983392294
66798,0.06182759698994184
66799,0.02512021081735292
66800,0.07644492321015846
66801,0.017547263795303407
66802,0.023798737340652902
66803,0.03513001898070205
66804,0.016876276639968015
66805,0.12420718929079938
66806,0.024839331220430978
66807,0.07987243112108497
66808,0.10224016097542599
66809,0.026828310818503343
66810,0.01206458216515557
66811,0.01972907603754498
66812,0.038898338462995306
66813,0.16706910562475746
66814,0.2880553101553283
66815,0.025531197927074888
66816,0.03353816382589241
66817,0.02446458473569399
66818,0.014488429962544815
66819,0.047751653227624376
66820,0.07194822297707923
66821,0.04087047006409897
66822,0.04592640837615139
66823,0.10373224977138282
66824,0.03601755572608417
66825,0.047439767116300796
66826,0.15084319972545082
66827,0.032646129035460936
66828,0.017546035016004248
66829,0.04569620325086805
66830,0.024620586932298807
66831,0.05242733893621444
66832,0.07581834314457385
66833,0.07186103163675836
66834,0.016808932459615327
66835,0.04167777433990988
66836,0.017646898857354223
66837,0.04192564616269234
66838,0.009186236823730529
66839,0.058829154652301666
66840,0.02287270702414006
66841,0.05515947337504384
66842,0.02611435038090122
66843,0.20002192848765066
66844,0.11291632557782066
66845,0.01765806662752089
66846,0.010655307739581898
66847,0.13450296960324265
66848,0.04671397035377634
66849,0.04618858285744575
66850,0.045786981757661736
66851,0.07030955880170557
66852,0.08001796073246122
66853,0.1409219803474638
66854,0.19932946170056998
66855,0.08922541516262332
66856,0.023341462836443266
66857,0.11111539791145289
66858,0.0835343910007675
66859,0.0299503077476228
66860,0.3369223910824411
66861,0.024949182855868487
66862,0.03410215242111423
66863,0.06308057843161471
66864,0.14374884319249998
66865,0.12658710276874913
66866,0.047075847260672724
66867,0.03770117916695878
66868,0.09947439980499254
66869,0.011554041399301766
66870,0.04992844451321418
66871,0.0766027155904268
66872,0.12873760273843338
66873,0.08728525998462516
66874,0.1372139986484493
66875,0.0589735656942353
66876,0.1394905885288118
66877,0.10205339502165874
66878,0.11891668885534736
66879,0.03564429577979232
66880,0.022635279364191685
66881,0.021559515998363567
66882,0.024390929695185835
66883,0.053328616368478944
66884,0.02064958953535922
66885,0.02591762665607949
66886,0.056029685090647846
66887,0.018640224756697493
66888,0.11124543985735542
66889,0.11137907376436847
66890,0.02140143256338341
66891,0.33522879567627306
66892,0.0307760238192026
66893,0.01641633676257707
66894,0.7751094040398206
66895,0.031118134975254386
66896,0.008400161012489804
66897,0.03316798869562344
66898,0.11147928987128501
66899,0.09460175847058756
66900,0.0663923246385267
66901,0.0279468583752465
66902,0.044177884309764416
66903,0.02127895337762897
66904,0.01985351747820656
66905,0.07369301785664135
66906,0.01770805459200096
66907,0.01908169230669233
66908,0.1057243398780416
66909,0.026747597152513635
66910,0.03201900479988591
66911,0.04686727753942696
66912,0.017836623341902443
66913,0.032117978051665275
66914,0.01273904665270796
66915,0.043423902084595505
66916,0.024768450934216646
66917,0.058269551143672105
66918,0.012698075455982933
66919,0.20541180492697775
66920,0.019274650410006276
66921,0.37652638550586476
66922,0.19453357644824393
66923,0.08945682108251364
66924,0.01905501547487235
66925,0.029833199015773176
66926,0.13064621350828104
66927,0.014359237939573433
66928,0.10681066927503381
66929,0.30701234045385045
66930,0.042230574034530954
66931,0.14089171081489998
66932,0.030923431559853214
66933,0.059713548954023074
66934,0.02275800332328707
66935,0.29388445469645297
66936,0.15630819070032836
66937,0.02015164104255501
66938,0.030204833083386805
66939,0.01611076475318868
66940,0.07505229123230157
66941,0.015266757510807902
66942,0.03293908845203418
66943,0.021383546026196902
66944,0.0823328737835746
66945,0.037771950650901526
66946,0.055217002017210984
66947,0.018210631791061402
66948,0.03301775485836651
66949,0.3617146430905378
66950,0.02323773701522761
66951,0.18014323909306104
66952,0.20596369161206962
66953,0.02277361977972433
66954,0.037947633914303426
66955,0.02223298656492615
66956,0.0395829292434108
66957,0.34920224983532067
66958,0.1776915696771176
66959,0.06293244187367036
66960,0.21163278261793358
66961,0.22299667388433747
66962,0.022339521015136678
66963,0.0166863910631074
66964,0.06128098665990936
66965,0.048858146771223854
66966,0.026597843817645815
66967,0.011300502695717803
66968,0.03230193500096456
66969,0.058107414224410694
66970,0.03590099581460157
66971,0.026303417682602383
66972,0.08938135637005185
66973,0.24995352443303637
66974,0.08890012855477386
66975,0.16944469119769479
66976,0.013921053664902254
66977,0.035617689903496765
66978,0.03550612458515434
66979,0.02054972555458127
66980,0.06121722751912832
66981,0.061891771394591996
66982,0.009474980838458309
66983,0.0319581688056921
66984,0.0207685240601541
66985,0.024177729118985358
66986,0.03021177480648053
66987,0.04742471329387101
66988,0.013383762732541321
66989,0.025765351004166062
66990,0.09509615500134608
66991,0.018959764671412003
66992,0.021112773796516902
66993,0.0851610983386546
66994,0.07448574114267305
66995,0.050598509754400486
66996,0.047211060621646636
66997,0.09037440894530274
66998,0.07907009836477055
66999,0.029180836642108847
67000,0.01802142857595318
67001,0.21492931598488407
67002,0.04399086927369815
67003,0.08342585573313643
67004,0.15636992439003278
67005,0.0329820849067344
67006,0.07023806721453811
67007,0.014781630374032365
67008,0.2006781113414086
67009,0.020395692417709076
67010,0.051057828863570215
67011,0.01843537744872405
67012,0.06244837400021161
67013,0.01694858685304477
67014,0.019565262964460685
67015,0.035753863428017923
67016,0.06003957320486708
67017,0.040125393070266496
67018,0.09430010034270217
67019,0.0372361063215494
67020,0.06626032141782333
67021,0.02566479131241054
67022,0.13489429892961297
67023,0.042528895120362495
67024,0.10678863852337221
67025,0.08549424330451538
67026,0.13659405518437528
67027,0.029379898519497474
67028,0.019707067010193455
67029,0.10710332411172878
67030,0.03665632757355499
67031,0.03155788549569211
67032,0.01421461825187105
67033,0.02555911467985727
67034,0.027227081376661584
67035,0.024775289054670205
67036,0.05532927579054782
67037,0.14438571687633667
67038,0.09325706934604136
67039,0.04510696506995016
67040,0.009684233939820899
67041,0.10354996529304064
67042,0.03638341202958607
67043,0.056938175418182586
67044,0.05834124597512748
67045,0.03294870818533562
67046,0.17407346275674823
67047,0.05148302285726729
67048,0.04057819016333915
67049,0.010737875438264332
67050,0.02694527446877019
67051,0.21527994141670778
67052,0.04141981929798637
67053,0.04122150570338461
67054,0.008843172219253383
67055,0.14300131403288996
67056,0.03683314793511869
67057,0.044708941629707365
67058,0.023927907799801605
67059,0.017936797923549044
67060,0.024737793114985588
67061,0.02172431815297299
67062,0.0411214304884385
67063,0.014088814880236679
67064,0.023485532376907717
67065,0.033779306162471406
67066,0.04363487981370423
67067,0.04337982787312607
67068,0.03995525349792853
67069,0.030888221018831832
67070,0.02040770416402416
67071,0.026075646556717236
67072,0.03934918714419756
67073,0.19386259091817634
67074,0.1050331482925152
67075,0.04060189719227364
67076,0.045575678329548966
67077,0.04183935373107851
67078,0.02359482151001549
67079,0.14786532218875317
67080,0.01261581209220829
67081,0.07501235328154268
67082,0.0626150997563389
67083,0.04238015751195684
67084,0.011956596710459153
67085,0.11267675429955203
67086,0.07863944779887888
67087,0.0509822281286305
67088,0.08809510467874684
67089,0.024918297974812882
67090,0.02546716700030739
67091,0.015821434238514533
67092,0.055070164998410075
67093,0.024706294460417964
67094,0.026654328177795113
67095,0.01611473957280324
67096,0.03223967159175572
67097,0.13895581895209072
67098,0.03506778312170317
67099,0.01641382671940353
67100,0.03126293394661216
67101,0.07825368587750094
67102,0.02082068060998637
67103,0.06137663408188681
67104,0.02339630989491381
67105,0.07923145388498959
67106,0.026632782816038782
67107,0.015024784481715618
67108,0.04906090552156041
67109,0.06944793347916353
67110,0.024409175616861168
67111,0.08787260405671359
67112,0.09376579386302325
67113,0.4127888324455606
67114,0.039490569364420414
67115,0.06846262046922837
67116,0.05124888221194836
67117,0.007415071167094192
67118,0.036691299693727746
67119,0.1276653627037662
67120,0.03545805670648831
67121,0.022122459296454358
67122,0.18891650395789805
67123,0.01698193597733179
67124,0.03706935970108985
67125,0.04142367288267895
67126,0.0346824394991752
67127,0.016253212348598108
67128,0.055016994347992745
67129,0.0206200152738228
67130,0.09033007570216897
67131,0.11925505937788702
67132,0.02174542568915348
67133,0.0968086911717337
67134,0.037842656965677714
67135,0.19292330612439706
67136,0.055985575912368205
67137,0.011299780189299972
67138,0.022333030912342327
67139,0.1459726147747657
67140,0.27484965732947153
67141,0.028190092049782563
67142,0.02739362288303155
67143,0.03032180454301675
67144,0.023029610820243386
67145,0.012900645000697021
67146,0.010275181085052106
67147,0.16243236555908802
67148,0.07358253235878215
67149,0.020029857603785558
67150,0.1414464369952979
67151,0.011803713824794379
67152,0.05863852988119185
67153,0.11694120718909676
67154,0.0279201172871883
67155,0.015285341039648142
67156,0.09032761596960918
67157,0.20022901424977643
67158,0.05057033036561111
67159,0.0836256715762918
67160,0.026340230606043513
67161,0.050520757304412335
67162,0.07520986907337035
67163,0.06889958464904052
67164,0.02411611995489315
67165,0.02493340698037044
67166,0.05569086715839279
67167,0.049736959725165154
67168,0.04112196557388445
67169,0.20466687717788593
67170,0.028832121212545678
67171,0.09523584427791396
67172,0.07512109762561965
67173,0.053374574781089784
67174,0.013739726920354453
67175,0.09833151303348009
67176,0.03488991489035368
67177,0.1581700844097512
67178,0.024346750505356337
67179,0.05956215968540102
67180,0.07006740635385036
67181,0.18127522647113004
67182,0.07776433792111928
67183,0.05279103418773903
67184,0.03249462150754191
67185,0.031134602265053858
67186,0.020603979342555
67187,0.021056163504520404
67188,0.030555131938828764
67189,0.01837878333980816
67190,0.022252584819465075
67191,0.04740385274430233
67192,0.0646404007498204
67193,0.0503064680444812
67194,0.15182408893522223
67195,0.06990451157163909
67196,0.05844203614581112
67197,0.06793695995633103
67198,0.014187711572219817
67199,0.04653583535312262
67200,0.1295408755889994
67201,0.10872011235645516
67202,0.07918275162254346
67203,0.012519451218797136
67204,0.09197931698727219
67205,0.17575644768211426
67206,0.03266684270311663
67207,0.04821530707991703
67208,0.10386218858176685
67209,0.10232953382224558
67210,0.014622607563909606
67211,0.055229345787914386
67212,0.1917745360005807
67213,0.010602503233101974
67214,0.026254768782553627
67215,0.022518221570462228
67216,0.05563446483726491
67217,0.0746818970152748
67218,0.08674350999413485
67219,0.05632205702033332
67220,0.07440854876968188
67221,0.052869497320057815
67222,0.07208787058833498
67223,0.05572232977790391
67224,0.07735070444083487
67225,0.016120165166242255
67226,0.04884073596789802
67227,0.053710451501884623
67228,0.0650162074336204
67229,0.016915077472846096
67230,0.13304765726664247
67231,0.07819196507347577
67232,0.060127997861074936
67233,0.016055533629337607
67234,0.04319499990302041
67235,0.04594933819852583
67236,0.02738289447295273
67237,0.029236870667286412
67238,0.049857617206511995
67239,0.06196177336940305
67240,0.07715236295344625
67241,0.17396966894377075
67242,0.03935021457394868
67243,0.0171240444634609
67244,0.03605259147179391
67245,0.02185989480816678
67246,0.29908691688694666
67247,0.07479259649146239
67248,0.026762761238340177
67249,0.0640507140804111
67250,0.009202672717177188
67251,0.02850273033900036
67252,0.11699265825140714
67253,0.07096246282325236
67254,0.03742076045747419
67255,0.08266183904073106
67256,0.07006584273305791
67257,0.021383016667229124
67258,0.044398400787757156
67259,0.04253188033896059
67260,0.02238015487698903
67261,0.044027373751054116
67262,0.05410213033190737
67263,0.17510809799543833
67264,0.043030829739455684
67265,0.03502503986016803
67266,0.027141348649748785
67267,0.012885347742226202
67268,0.03898093299973873
67269,0.07780445907877828
67270,0.033136235637193936
67271,0.04771116558057177
67272,0.06504262661219336
67273,0.08958779866919495
67274,0.07310071038752337
67275,0.05397923852049545
67276,0.17410675572319412
67277,0.04676217324953571
67278,0.0631557905816568
67279,0.019236563346071284
67280,0.01619519072663453
67281,0.05325594863352612
67282,0.023788300025502612
67283,0.050657774059052085
67284,0.021273849771718593
67285,0.01847947215714008
67286,0.022749755982240237
67287,0.07125344325012972
67288,0.045154071301498046
67289,0.020051316564467927
67290,0.08145552940321303
67291,0.1523997052262196
67292,0.04184697610126041
67293,0.059098087766443236
67294,0.06566141860597297
67295,0.019603567838367485
67296,0.07692193676210053
67297,0.11845734873873737
67298,0.1022221428745465
67299,0.2140329137817821
67300,0.025335112169479656
67301,0.0298365972261352
67302,0.061395016999703754
67303,0.030778832743140985
67304,0.15601844697659956
67305,0.01702132130864242
67306,0.031200607454635935
67307,0.1632869481442688
67308,0.032215568923417696
67309,0.044805929219902244
67310,0.01871212987360382
67311,0.15241878026880912
67312,0.07264122563525204
67313,0.027240294348892097
67314,0.0570675324108595
67315,0.1255920039047918
67316,0.02622228059374318
67317,0.08576049232224817
67318,0.2355131394246727
67319,0.010859117008373779
67320,0.0319516784073194
67321,0.14472675324268106
67322,0.06132183241553443
67323,0.07336943738748544
67324,0.03690688369276018
67325,0.04496090296137066
67326,0.03663699720414734
67327,0.11600947629221775
67328,0.03389304882100656
67329,0.054139028261169786
67330,0.06212659132682874
67331,0.18156575002459557
67332,0.019638617294421477
67333,0.05937871639431072
67334,0.10770217952626111
67335,0.011480377475675218
67336,0.15604223095300324
67337,0.0474446403071313
67338,0.042038113606089285
67339,0.022097958033271567
67340,0.03739199001213994
67341,0.05117280427517111
67342,0.24585948129379917
67343,0.058074600194574375
67344,0.028560312735935338
67345,0.038506033098992296
67346,0.10958213125152896
67347,0.05647756168398807
67348,0.11072467195105323
67349,0.23709642218534616
67350,0.05347246494411865
67351,0.04860669308834799
67352,0.03192116569653612
67353,0.05473281834552918
67354,0.038168805797291476
67355,0.0584642194608571
67356,0.03457250002302621
67357,0.2434359814968975
67358,0.07867672074466858
67359,0.20591488399394642
67360,0.09001614968564212
67361,0.03802831615073806
67362,0.023792437041763283
67363,0.04855385225476963
67364,0.02732258153590502
67365,0.04186568231350737
67366,0.014472859357029248
67367,0.04610241895125695
67368,0.010237313588276505
67369,0.041788773441718816
67370,0.040780740935610925
67371,0.10665262197392612
67372,0.010417583432666239
67373,0.036835101979582854
67374,0.020819231845277862
67375,0.021175335969940395
67376,0.1241183416397392
67377,0.024755642050566858
67378,0.00944267451138242
67379,0.30878126938519
67380,0.06763723897421207
67381,0.046778014815696406
67382,0.2043902597766901
67383,0.044776063681714606
67384,0.18515227879597296
67385,0.0350247149509908
67386,0.05998085748523913
67387,0.05741937540372662
67388,0.02226624168340166
67389,0.017048485436304633
67390,0.03312836438435755
67391,0.030800531777652553
67392,0.12379933666981213
67393,0.1046763328252204
67394,0.059251520446854965
67395,0.030269222842835713
67396,0.05339827362207985
67397,0.07644075354128174
67398,0.04629834295033551
67399,0.04009341739880335
67400,0.022306637297907585
67401,0.1995099844898019
67402,0.008682738985977507
67403,0.07554610006257516
67404,0.05992689678514011
67405,0.0313322488568913
67406,0.022621125222420164
67407,0.058791198454816125
67408,0.04697277879022953
67409,0.019835691409470828
67410,0.04544448586116303
67411,0.02102464122237523
67412,0.010894465014725073
67413,0.020531664689583447
67414,0.04531461578749842
67415,0.04694316365514524
67416,0.037040424874975754
67417,0.03402431364296854
67418,0.08253865353682724
67419,0.0730084838991587
67420,0.01625847493577407
67421,0.0291941072721125
67422,0.054298893526490276
67423,0.07228623891942468
67424,0.05083935331353586
67425,0.044150421338002
67426,0.10221312617733493
67427,0.0982401169555777
67428,0.02289713256940614
67429,0.0211775671084201
67430,0.028308251710200516
67431,0.06252505307868447
67432,0.02237270064413244
67433,0.07471466700756363
67434,0.011522449291450281
67435,0.07353159366321618
67436,0.6605689680736888
67437,0.0334174074022117
67438,0.06825517048685398
67439,0.1943566841603521
67440,0.01354603163116634
67441,0.024974880061177655
67442,0.15899780277940706
67443,0.04929159047124762
67444,0.024660454780186653
67445,0.018093642021800596
67446,0.06356047482458911
67447,0.04619726412035477
67448,0.18576509671306396
67449,0.04933465969674693
67450,0.017447560683265657
67451,0.09840838909791486
67452,0.020004230061574296
67453,0.026883295643022585
67454,0.0290809226391615
67455,0.02001679534927486
67456,0.018623801332637982
67457,0.08569644407197807
67458,0.10048112888460285
67459,0.08777161924121292
67460,0.033940661280997195
67461,0.02088401861391148
67462,0.09562515716217074
67463,0.020947562793039637
67464,0.13092890204315566
67465,0.024554118146651364
67466,0.012143206448142239
67467,0.025158021579213097
67468,0.018686130679087934
67469,0.09425830951028451
67470,0.12638038627489892
67471,0.0198624373681769
67472,0.024896164220444897
67473,0.08107977155367203
67474,0.014553449758810488
67475,0.08812835693495889
67476,0.022283018677509554
67477,0.12278597511965855
67478,0.03891692390151522
67479,0.06362888348180509
67480,0.06975175312874343
67481,0.01300222536302807
67482,0.34850991842401946
67483,0.1863181279853078
67484,0.032202790757919014
67485,0.03895109269258641
67486,0.04433197490991997
67487,0.060074688449417685
67488,0.014946838339629023
67489,0.024531668037558775
67490,0.09434911673713499
67491,0.03749925959956187
67492,0.06812712409598079
67493,0.019742562464686683
67494,0.04095899212722599
67495,0.08189952796046801
67496,0.045595924050528834
67497,0.030826304768256124
67498,0.02968258149774607
67499,0.056876433483035976
67500,0.012230421663374364
67501,0.135496824174464
67502,0.03191531820327376
67503,0.1290230205494665
67504,0.03755154759556177
67505,0.04369447207702929
67506,0.016230773671851776
67507,0.04102352041986259
67508,0.034539124656327774
67509,0.0386072816927595
67510,0.09520464554836842
67511,0.024155950096649913
67512,0.01712344660034043
67513,0.021148495154820614
67514,0.29990305277825313
67515,0.021418238821275373
67516,0.04097689209893551
67517,0.2258814964701577
67518,0.012182275424100664
67519,0.3401954939395897
67520,0.2863261557470336
67521,0.1036144157180223
67522,0.6333127482984025
67523,0.10179035084447244
67524,0.029401640895463228
67525,0.038160610875210846
67526,0.06226736897086914
67527,0.012156238286737783
67528,0.007732640365812576
67529,0.08295546748461426
67530,0.03851724208050578
67531,0.14170739374796107
67532,0.03421874573894292
67533,0.02598814042283095
67534,0.175168232890736
67535,0.04689688504631911
67536,0.162179436283597
67537,0.040278849780570516
67538,0.028820235832163903
67539,0.019711191776460708
67540,0.09254423862089936
67541,0.027035051122533647
67542,0.035529614424882894
67543,0.02450385913411728
67544,0.05040966031610566
67545,0.09753864682748359
67546,0.029784046888119156
67547,0.02620043194912878
67548,0.09887372345323724
67549,0.007584722020930478
67550,0.26076881909003136
67551,0.019856668364683857
67552,0.044351995494936444
67553,0.0096351994618875
67554,0.08442347056404219
67555,0.10271232070041239
67556,0.050701988821304826
67557,0.07142864879467921
67558,0.03728950076470061
67559,0.030964815696028963
67560,0.14365983544215466
67561,0.03167781813680502
67562,0.15272073408579104
67563,0.07866216117723568
67564,0.05237724390369897
67565,0.061094312788890194
67566,0.03091450979814076
67567,0.03342557886177995
67568,0.08528582168183561
67569,0.11387597257664292
67570,0.11719770496925402
67571,0.1609161810614263
67572,0.014802482852373441
67573,0.06751174012128756
67574,0.020828636061927433
67575,0.06647005731665082
67576,0.05998580590954651
67577,0.06838348558830169
67578,0.033607121488269956
67579,0.17444389635567548
67580,0.04560398885302625
67581,0.02461401927491407
67582,0.07624699551285705
67583,0.15685523470924734
67584,0.05525868266380679
67585,0.022580336025017085
67586,0.05690402419597759
67587,0.11391909315767909
67588,0.09007125526018726
67589,0.2803873015499929
67590,0.1842361731773131
67591,0.024031906605692953
67592,0.013138935695227855
67593,0.0168067013819858
67594,0.1548746434507572
67595,0.01147251168217597
67596,0.03413521048546159
67597,0.01342788546699629
67598,0.04458069461356909
67599,0.02186970351663618
67600,0.022461241298403007
67601,0.0204164546372458
67602,0.12727939499060958
67603,0.05823166688404558
67604,0.22358210797897093
67605,0.01547616493778621
67606,0.14976242033506895
67607,0.030449573255862315
67608,0.016690713375122415
67609,0.03163185465905983
67610,0.027341997674081773
67611,0.09954678879257228
67612,0.10206850631629974
67613,0.037808458550862394
67614,0.05037617462573896
67615,0.04303253689525846
67616,0.0506529715908216
67617,0.34074484786205805
67618,0.04877020308359406
67619,0.1262606279581607
67620,0.048971462360633135
67621,0.13593562051467542
67622,0.06455291292536622
67623,0.04906684532681109
67624,0.248871967420856
67625,0.015886666803072
67626,0.09330532557751069
67627,0.029018796958567513
67628,0.01633890488902482
67629,0.16227586206547112
67630,0.05276028736692236
67631,0.025064929688786354
67632,0.025168417646004734
67633,0.0250835429335138
67634,0.03123865618289954
67635,0.013590576213465325
67636,0.016147750331025074
67637,0.0792547242553441
67638,0.021005730506564412
67639,0.034042773239758455
67640,0.19931232628166481
67641,0.07280756234640488
67642,0.0344306567612542
67643,0.03279789864853436
67644,0.03657539846772878
67645,0.04507402793250098
67646,0.02377977371850296
67647,0.04052163718544366
67648,0.009529017581390345
67649,0.03294724836185073
67650,0.011421596706761768
67651,0.013273812055378063
67652,0.06654657956190799
67653,0.03089326980472018
67654,0.5570313884778358
67655,0.0203545139420718
67656,0.09230654017427446
67657,0.30746751711967196
67658,0.04095274332236794
67659,0.04448761830395056
67660,0.08722453428318819
67661,0.01909406008424955
67662,0.04094406743549312
67663,0.03399036380144461
67664,0.046140425163279736
67665,0.03697494133561926
67666,0.017626377340740906
67667,0.013067390861938474
67668,0.02529743280063516
67669,0.05248891639196521
67670,0.08071029162514255
67671,0.09700163209970865
67672,0.03525124150766485
67673,0.07430662170859097
67674,0.03587629596104314
67675,0.025402018572135206
67676,0.014951306424744622
67677,0.027844160497409697
67678,0.059929777308777604
67679,0.013580346488828474
67680,0.07232680740796353
67681,0.025696965584194098
67682,0.3149967688449925
67683,0.0762327393899348
67684,0.6366798792060469
67685,0.08597222211900364
67686,0.03437727303388441
67687,0.1073190391813001
67688,0.11592325247773597
67689,0.10003153016470971
67690,0.03899855320997636
67691,0.2184906321416759
67692,0.011730015353584426
67693,0.14221837736153495
67694,0.03322309070686639
67695,0.03420996497354668
67696,0.1265896095252798
67697,0.04572059693049931
67698,0.04639965881869913
67699,0.034228659757832736
67700,0.05957218573711204
67701,0.03014442342951406
67702,0.14438093965657905
67703,0.03390132337022791
67704,0.11831265336678648
67705,0.01551077962345087
67706,0.04872598141645355
67707,0.053826771816672433
67708,0.014524444920183736
67709,0.06091092889871162
67710,0.0373999614535674
67711,0.07742249280611296
67712,0.03097552155487064
67713,0.09098993050148799
67714,0.04375634807858582
67715,0.03901007711128548
67716,0.03451074549073758
67717,0.026881421634880966
67718,0.01906737438456712
67719,0.0282705180782836
67720,0.048427564071082264
67721,0.039254573341942704
67722,0.07890575075648715
67723,0.016572189500117487
67724,0.05212693246295239
67725,0.04729910987782128
67726,0.03873580917610139
67727,0.09351245930386323
67728,0.10647085564365859
67729,0.028428240289071885
67730,0.03846129335411242
67731,0.12772369746389842
67732,0.0496231563068149
67733,0.04197736595181774
67734,0.09905419736764967
67735,0.11666857487685674
67736,0.028742845268428418
67737,0.010110915903686778
67738,0.055846600799128954
67739,0.018238257802587955
67740,0.16399859481896795
67741,0.03614451559946229
67742,0.02668578388328953
67743,0.17918191586281002
67744,0.015356179834076271
67745,0.04342038158686537
67746,0.010742689721156613
67747,0.14338776313770787
67748,0.07473214353869753
67749,0.023195437395642227
67750,0.032670699876131436
67751,0.059013980842218365
67752,0.1717419013321034
67753,0.025703896620994107
67754,0.22131758719960537
67755,0.019745051241512605
67756,0.09024574519243006
67757,0.026967572638262632
67758,0.05508061921688233
67759,0.09715553184318179
67760,0.0717073482985931
67761,0.28813863256167016
67762,0.053291506941302316
67763,0.5325539978057895
67764,0.030666514482342228
67765,0.0619100722662104
67766,0.07936564780429889
67767,0.0858910266429607
67768,0.047478214163595336
67769,0.1069131753412269
67770,0.06565788553846569
67771,0.040661764656069244
67772,0.061472186769371454
67773,0.06273909153282665
67774,0.023191941740204836
67775,0.06287885978871016
67776,0.059510518021651485
67777,0.09718915404371997
67778,0.0448316802775699
67779,0.059600858952838676
67780,0.14636177811247664
67781,0.06594796578240222
67782,0.2076183189539794
67783,0.1090497509933407
67784,0.01622833257348217
67785,0.08733126590892418
67786,0.0359447824659404
67787,0.03348703180466157
67788,0.01698243148905263
67789,0.03553899434035611
67790,0.022715842751719912
67791,0.02522233156830783
67792,0.023039939005796043
67793,0.02208859662042804
67794,0.017626973162211866
67795,0.04867024906107709
67796,0.11774941969138052
67797,0.029840280550498987
67798,0.03128185895167258
67799,0.025858184767988922
67800,0.034473588499029574
67801,0.025063995851605347
67802,0.10696600808077755
67803,0.03718792843356135
67804,0.06065028813071738
67805,0.019991984984286747
67806,0.0488116492810367
67807,0.11455821690893306
67808,0.018003865994293374
67809,0.07531659721247463
67810,0.022130755650899052
67811,0.11963338872669153
67812,0.01819120109301358
67813,0.04951030247680667
67814,0.02916523600269129
67815,0.2479244179250888
67816,0.016278146890691188
67817,0.04862336672941153
67818,0.0230034027563159
67819,0.02831668909905545
67820,0.032900655048912354
67821,0.029841192353199666
67822,0.051349670736300305
67823,0.019776861011887695
67824,0.03214107441612818
67825,0.18884364813869636
67826,0.07704680702280581
67827,0.04209192344826848
67828,0.018962555586447254
67829,0.0348760377356233
67830,0.06841440334077889
67831,0.4943515569615792
67832,0.11247054416349629
67833,0.06191405418519243
67834,0.024303557694970147
67835,0.056447613119096594
67836,0.07557468617083819
67837,0.01483575162258398
67838,0.04690721227386353
67839,0.04196827428683741
67840,0.06338681860447754
67841,0.0456701024083746
67842,0.2108409098871783
67843,0.07137704272806171
67844,0.17613827497798876
67845,0.12095235636771878
67846,0.04511868804883887
67847,0.09137354706720754
67848,0.040031029366478676
67849,0.03638733189313555
67850,0.09583408399903517
67851,0.11604636974213818
67852,0.12418435632316252
67853,0.17119235334786365
67854,0.055760420550726476
67855,0.06961755435735223
67856,0.018972656346672667
67857,0.2865217559356773
67858,0.14480552402975586
67859,0.04713710520813417
67860,0.03972326752067721
67861,0.07641401095249446
67862,0.015165857824577269
67863,0.10489851281027333
67864,0.08282818378138626
67865,0.03535987644375884
67866,0.10551011273876851
67867,0.2015536569909661
67868,0.025376365234738303
67869,0.21476100282265487
67870,0.05812548160465607
67871,0.0643400528478907
67872,0.3278413806441307
67873,0.04186501530594811
67874,0.041788342841434414
67875,0.05268779847026146
67876,0.8288941892971404
67877,0.21145028069311314
67878,0.026386648047026146
67879,0.05842670877441875
67880,0.0968061023991174
67881,0.041984113918069846
67882,0.041330404989237374
67883,0.03352217718133418
67884,0.04173663997270141
67885,0.11278403765561244
67886,0.0176477805528977
67887,0.019559158433518218
67888,0.03483016012046477
67889,0.08602272054848203
67890,0.06060860931228582
67891,0.121733393219564
67892,0.023634493617937465
67893,0.023877235936358175
67894,0.12952955175057465
67895,0.017063563985678248
67896,0.035269813921368236
67897,0.046689229461164355
67898,0.08382893179743994
67899,0.08470419844818203
67900,0.15628144038615543
67901,0.17994732588249152
67902,0.12179709087088658
67903,0.016425617387058826
67904,0.0309532896656123
67905,0.04622490528802823
67906,0.040193634405609385
67907,0.02815122740327617
67908,0.1978061685410228
67909,0.02740014770596943
67910,0.3029974070791292
67911,0.07592313832942856
67912,0.043029761589350644
67913,0.0338589243768134
67914,0.014098723564479086
67915,0.04009974769782047
67916,0.018736780882333964
67917,0.14235414853270248
67918,0.02151463234998095
67919,0.015560056438020912
67920,0.031247920256496878
67921,0.09728788006787989
67922,0.017474033102711475
67923,0.01721358036076067
67924,0.023212758263858477
67925,0.013289173280435856
67926,0.029769773151442653
67927,0.03913658710034215
67928,0.1115509195530624
67929,0.06707793224845082
67930,0.062416431301583614
67931,0.031189102685601645
67932,0.02283637221126154
67933,0.03589053899321777
67934,0.29644859967807813
67935,0.014827342134132091
67936,0.05855717115635955
67937,0.12719067589459368
67938,0.01623562758837975
67939,0.01912570194399296
67940,0.09491238352328582
67941,0.11836341514535487
67942,0.02580489559794535
67943,0.0902794188436848
67944,0.08883234203300375
67945,0.05065598260967668
67946,0.048283724938300264
67947,0.04404472616262255
67948,0.16390516461373977
67949,0.06841702876449166
67950,0.03212661216299789
67951,0.29258823302902565
67952,0.043954608268135256
67953,0.0555524639810575
67954,0.03779663392530058
67955,0.0658638047268466
67956,0.09221586764620796
67957,0.08097148373229053
67958,0.029205125217444828
67959,0.0359402602657254
67960,0.22671475274705932
67961,0.06361201343212651
67962,0.0498306406915558
67963,0.1031365486927336
67964,0.12264671719213041
67965,0.0452224621133771
67966,0.13858257800247822
67967,0.01993894594029933
67968,0.011790382895581122
67969,0.07460582466178807
67970,0.020001387350614127
67971,0.19532705798331126
67972,0.20802174969453383
67973,0.03372222241016829
67974,0.07449990518769808
67975,0.08870753928395977
67976,0.0579209557382344
67977,0.03152716122481199
67978,0.23637941336677376
67979,0.014747865142419674
67980,0.06743959046421731
67981,0.02919289111648949
67982,0.10609626322689154
67983,0.028377252829443735
67984,0.07007360488006502
67985,0.0419331502224647
67986,0.12488489609218745
67987,0.05209664523020631
67988,0.025748748190070874
67989,0.07988582704321445
67990,0.023233979712359867
67991,0.051931248025455096
67992,0.046153600669564435
67993,0.5022864561753715
67994,0.039280514262944224
67995,0.1039060553386666
67996,0.03888749829992706
67997,0.02289919110486638
67998,0.10674392954134684
67999,0.04582130079065497
68000,0.03265823106599984
68001,0.031698494277386816
68002,0.022194317873440502
68003,0.16217634988466023
68004,0.03785819764126672
68005,0.11697982530442273
68006,0.013787461257052588
68007,0.015930044599579488
68008,0.01619986516163533
68009,0.09498444254420971
68010,0.022785417660845554
68011,0.04899531407261954
68012,0.09762537572282512
68013,0.025335381229012126
68014,0.054928830492654804
68015,0.1073698069405631
68016,0.11969384306095204
68017,0.03980313504563519
68018,0.17937936067332338
68019,0.02754220310406732
68020,0.27855872391108855
68021,0.08032816931513789
68022,0.015930088670383417
68023,0.022833523897524542
68024,0.12877286691118883
68025,0.8589071535614518
68026,0.04726624781562446
68027,0.02078413405653537
68028,0.017805544523429424
68029,0.010763062693940409
68030,0.03692970764184252
68031,0.025789177267806804
68032,0.028875958470396604
68033,0.012595582409350919
68034,0.028612978584674563
68035,0.020896723294285085
68036,0.03372430747840781
68037,0.18123981992887206
68038,0.03367307369591279
68039,0.03263803871722752
68040,0.04339911362561574
68041,0.019010112386716967
68042,0.04758703028201386
68043,0.04094805226275351
68044,0.03581299202562864
68045,0.2880334991581431
68046,0.01546359113302296
68047,0.025859329922193804
68048,0.08908380015202086
68049,0.07736256363064649
68050,0.043196162146989084
68051,0.013028967354931427
68052,0.183698726917234
68053,0.041492323787565004
68054,0.030552275677477446
68055,0.085409794763565
68056,0.011566167425040696
68057,0.053118129781586525
68058,0.046172535622833785
68059,0.0698155652886881
68060,0.11432752971277625
68061,0.013581176614714124
68062,0.018708211623271166
68063,0.09793549217371972
68064,0.015292850009365509
68065,0.07584650839545357
68066,0.015395201566225404
68067,0.3086559841135454
68068,0.06168302670049817
68069,0.050328884540534594
68070,0.014745880673086301
68071,0.23893052399696904
68072,0.032744630538229236
68073,0.12917714592190355
68074,0.023015158984502907
68075,0.0253002421018606
68076,0.08001643406139604
68077,0.04024491290423822
68078,0.06434818270476442
68079,0.007296184044455074
68080,0.04284499245522812
68081,0.023086208047619232
68082,0.035910518590048034
68083,0.07647189510634968
68084,0.7288748491926278
68085,0.027859247755623706
68086,0.03860898481368456
68087,0.025139737717657245
68088,0.03131161587958237
68089,0.18254986288242317
68090,0.11534184733584935
68091,0.048545516987708155
68092,0.04426872830108043
68093,0.030852776469777375
68094,0.06348203790700219
68095,0.11541259743202317
68096,0.04067310175813746
68097,0.16134229215185245
68098,0.021432585974308475
68099,0.17641195858671324
68100,0.19234317014955304
68101,0.04673257112136836
68102,0.05816726938520733
68103,0.0746177992323797
68104,0.13516585452088042
68105,0.019340573110489864
68106,0.06110734128218526
68107,0.027253207699726067
68108,0.017957530565377553
68109,0.03998286251907013
68110,0.07102612631913287
68111,0.06504277281434061
68112,0.061584198735121366
68113,0.03518459878640665
68114,0.03182454265481175
68115,0.032896981904943785
68116,0.054351341237438955
68117,0.03310108833306173
68118,0.0751884668074852
68119,0.029763815250913976
68120,0.012818699844145175
68121,0.016513361236000244
68122,0.012726360345083301
68123,0.012333206231543744
68124,0.027916542476152925
68125,0.08596397236159639
68126,0.1175178719689672
68127,0.24982665576773927
68128,0.15432238354581046
68129,0.01058086395389055
68130,0.05151516609607991
68131,0.02382635809780696
68132,0.02719312869899517
68133,0.009505381765392052
68134,0.01860369588094304
68135,0.044849888651793304
68136,0.05753257103043084
68137,0.1759366259589425
68138,0.04961560681141755
68139,0.021751867636673188
68140,0.04047955296914593
68141,0.024364817482412916
68142,0.011522662811962459
68143,0.052877106376662805
68144,0.01719939162531417
68145,0.07707092273727532
68146,0.07868651555503539
68147,0.05697974154615
68148,0.06025023215506796
68149,0.04271672206381826
68150,0.025913862050656523
68151,0.02492069513694622
68152,0.02008597127500785
68153,0.19975602193747682
68154,0.037769946410612265
68155,0.020237722648655476
68156,0.18624729814627494
68157,0.07363170757517983
68158,0.03166667063186537
68159,0.05023078034967705
68160,0.023620005255009485
68161,0.00966286134787031
68162,0.023334908482631866
68163,0.01296148169217103
68164,0.32525611265320287
68165,0.04629476511296098
68166,0.025154210561472237
68167,0.04496476560525501
68168,0.05139100128961468
68169,0.08743968748878533
68170,0.06325479487210602
68171,0.06770210586794714
68172,0.023077713401941154
68173,0.04641110775114221
68174,0.017910495824902235
68175,0.16735866707176317
68176,0.05263193176827644
68177,0.3574687439773896
68178,0.020183174873492624
68179,0.09910592886237174
68180,0.057782181483435884
68181,0.026550913682507737
68182,0.1384557213081826
68183,0.24759586502468692
68184,0.050477758777908485
68185,0.038379980190399704
68186,0.0768870569953358
68187,0.09395740943092291
68188,0.2843540427808719
68189,0.050355027903059776
68190,0.020078248259079876
68191,0.032291978267575995
68192,0.16072862474994182
68193,0.11068256856501005
68194,0.018968915526809897
68195,0.02658395818615016
68196,0.01988709523127588
68197,0.031671138672637295
68198,0.025239372918383112
68199,0.029791617342509964
68200,0.2303176136036208
68201,0.0460773627892316
68202,0.05163088217965137
68203,0.05417074179553092
68204,0.05980599822322225
68205,0.04584053867266119
68206,0.04620642136837006
68207,0.1152643019512816
68208,0.01770830928956437
68209,0.012407402885449533
68210,0.04516270695092044
68211,0.035810199890728096
68212,0.03965802167147944
68213,0.029126647508762607
68214,0.018428524378292777
68215,0.02294661775476201
68216,0.017703022384465104
68217,0.016167543068740672
68218,0.0248087097093997
68219,0.11331338700525025
68220,0.03899255453826828
68221,0.13018532397089635
68222,0.0701577454701407
68223,0.04985642532202464
68224,0.03361573607213583
68225,0.06023327158974206
68226,0.04151544586406698
68227,0.24328064070501088
68228,0.11726045042301675
68229,0.025558318288040508
68230,0.0649336081729821
68231,0.03737626228408861
68232,0.10650331418631785
68233,0.05073272603211297
68234,0.1468717274358325
68235,0.07643068890973323
68236,0.0337222558386018
68237,0.03992520097703741
68238,0.06829240470804795
68239,0.16768094109314152
68240,0.02724358469993189
68241,0.015107225200516557
68242,0.053889625817328306
68243,0.052481427695034694
68244,0.039094567712425046
68245,0.05969529421434048
68246,0.06067348036380994
68247,0.024545936731498273
68248,0.2842224083165213
68249,0.06289900033996594
68250,0.05790068578371507
68251,0.03924986040580497
68252,0.046084096575066937
68253,0.03492151121649938
68254,0.165327675349064
68255,0.1115304878873789
68256,0.10547095796790519
68257,0.03762226315064718
68258,0.0344827737469494
68259,0.037823588290394804
68260,0.04207225121872162
68261,0.020611000874748604
68262,0.13479897658769982
68263,0.06111880272800329
68264,0.03090344081619196
68265,0.03354720719727833
68266,0.05077031519818348
68267,0.09428661646135852
68268,0.06428450926225474
68269,0.05969278861509257
68270,0.04708452172700781
68271,0.02964661987653574
68272,0.1994132241964497
68273,0.01245182719879264
68274,0.010677967892081875
68275,0.030241929108017623
68276,0.0647785365342065
68277,0.04566395999556031
68278,0.012702159873545482
68279,0.16513840506672783
68280,0.27444544724915554
68281,0.017136946544276298
68282,0.8214291739202553
68283,0.0443103832524643
68284,0.03176964970645378
68285,0.03542731546137323
68286,0.01614125634257828
68287,0.045796835566947774
68288,0.05704091426168757
68289,0.08514926723332851
68290,0.06825927992372727
68291,0.02190261930726726
68292,0.11956529461734097
68293,0.024848913267685256
68294,0.014561758081499107
68295,0.0452430787551971
68296,0.014946700024098428
68297,0.06510045319442495
68298,0.05995799162282646
68299,0.04661162088079095
68300,0.031334073423481164
68301,0.010716962944821318
68302,0.05330471815280099
68303,0.06011181753574709
68304,0.05017654174911435
68305,0.03278525334083738
68306,0.0985610541075835
68307,0.027808204772589516
68308,0.051286577192789146
68309,0.017953172217756126
68310,0.37364520349983144
68311,0.02124975443865746
68312,0.0782580219230554
68313,0.06565176941354955
68314,0.020940505321650538
68315,0.03547361068843261
68316,0.01758374593834696
68317,0.06471759608821015
68318,0.0403854141060646
68319,0.8910643438070163
68320,0.07372321808342537
68321,0.03192865104051727
68322,0.15883641037937254
68323,0.05896350879849254
68324,0.07275017643905306
68325,0.03084622779030008
68326,0.029910038547131552
68327,0.02903776968735086
68328,0.02034751765446633
68329,0.02733133233523548
68330,0.014704211886137391
68331,0.05567605293821125
68332,0.023460907002055057
68333,0.1551813448058481
68334,0.07745408113065924
68335,0.02368004335470445
68336,0.017911376428650302
68337,0.03770888935387336
68338,0.21113258545669114
68339,0.0652201047853796
68340,0.014523544855275097
68341,0.05787059238369167
68342,0.5954267907453616
68343,0.045873916178023146
68344,0.033386391334595276
68345,0.027549561807381613
68346,0.02550764762370334
68347,0.019196600978512786
68348,0.02825732478944568
68349,0.027370395889921354
68350,0.10123417951146521
68351,0.21347160830195075
68352,0.04476255805346663
68353,0.041241156537352275
68354,0.12579131888008604
68355,0.1097264601410212
68356,0.021539512899535776
68357,0.021781879609434188
68358,0.03907221220065001
68359,0.05832583733396326
68360,0.01793023951756913
68361,0.06705175862033265
68362,0.14668730638895539
68363,0.0380388476988432
68364,0.15625126936942801
68365,0.0999926334828953
68366,0.03364667063997098
68367,0.01310785858379838
68368,0.015525783787611406
68369,0.04935524890515077
68370,0.09290361431124193
68371,0.12127047901407975
68372,0.0672743915955699
68373,0.12147351710075527
68374,0.0386567088143741
68375,0.04296554228946284
68376,0.16584130831499988
68377,0.02552463741779046
68378,0.06385418683989752
68379,0.027826030922767173
68380,0.13688993896916002
68381,0.02154764440109188
68382,0.03434210122166278
68383,0.03608832468499304
68384,0.12149073420802287
68385,0.028225811254806225
68386,0.11618490325679125
68387,0.028065978792210962
68388,0.01438181342937253
68389,0.08699321616023348
68390,0.06415493437353256
68391,0.06161856195384312
68392,0.0856721290657508
68393,0.06729246364349445
68394,0.03945052599215734
68395,0.025779848557970726
68396,0.03180769637812114
68397,0.03645474973932111
68398,0.05121842784838672
68399,0.016467242513662585
68400,0.2191816266776015
68401,0.01989718648510312
68402,0.03811800319437006
68403,0.11074165914627496
68404,0.018156601135182217
68405,0.01616597157484111
68406,0.02850498912560958
68407,0.031774271350799285
68408,0.016660147661444514
68409,0.01801919994979236
68410,0.06000301264056224
68411,0.07446937646564333
68412,0.1392005795772561
68413,0.0524068539736154
68414,0.17069095414167695
68415,0.036500004679010094
68416,0.12390281861546545
68417,0.03173798282881123
68418,0.05087546318226434
68419,0.06951853788925864
68420,0.049811106221129574
68421,0.013055012674013315
68422,0.05179663057595799
68423,0.04583205016460049
68424,0.054844923526349176
68425,0.06796800984669461
68426,0.05194296868813489
68427,0.07920416975162888
68428,0.06062508709897621
68429,0.015304949554050984
68430,0.026962263107814768
68431,0.12331071276065786
68432,0.08874147512948469
68433,0.08992256288412179
68434,0.21740313700434538
68435,0.026363159706797677
68436,0.046876903725837055
68437,0.059695070067911055
68438,0.1016028970503518
68439,0.0308893292376702
68440,0.06495887383155347
68441,0.035612089479391665
68442,0.2719912770710619
68443,0.04283065328286006
68444,0.029781366718212948
68445,0.04512929169553357
68446,0.03772982537070108
68447,0.1434900554983991
68448,0.1178037274787973
68449,0.02604974303147687
68450,0.08108050361182594
68451,0.17894034068196504
68452,0.1890289129233503
68453,0.025960172182430456
68454,0.12109755428402072
68455,0.019855262467742975
68456,0.035702090894198756
68457,0.04323430917809576
68458,0.10114431962834035
68459,0.09430571275694286
68460,0.11207087673440189
68461,0.033327554598114865
68462,0.027036458119693657
68463,0.03435680222122045
68464,0.06104201129987531
68465,0.08662127146817394
68466,0.06435288665315181
68467,0.03579702745607144
68468,0.018500987677899625
68469,0.08774717811712283
68470,0.3987106334251758
68471,0.02468743421074982
68472,0.02652886514015612
68473,0.0911388397476876
68474,0.0462842364791915
68475,0.1252294065914853
68476,0.042610318712505965
68477,0.033178272156681385
68478,0.025133659460216465
68479,0.029013823012054886
68480,0.03156227208028563
68481,0.10043130054863436
68482,0.034972170423186025
68483,0.056941429600313204
68484,0.03773565413336378
68485,0.08857131381655489
68486,0.030427159969616896
68487,0.020048562840350594
68488,0.04261741816993625
68489,0.11188166512174075
68490,0.03849791388319537
68491,0.02332913414586173
68492,0.02849344767800069
68493,0.030653564370121057
68494,0.09752205670371861
68495,0.029112796575056513
68496,0.05598118388844173
68497,0.09257180654041994
68498,0.05336997150300414
68499,0.01836801571502876
68500,0.07382518376282132
68501,0.022073473973837972
68502,0.04339328130610516
68503,0.03701455779258141
68504,0.09672095247463577
68505,0.07224532032491386
68506,0.06740553820104571
68507,0.0634803090885338
68508,0.13868074969005925
68509,0.07087081679896101
68510,0.02695449315828611
68511,0.14196721260268577
68512,0.05985467558377523
68513,0.050673169651526115
68514,0.02960902929535776
68515,0.038260663193664224
68516,0.03047601965766212
68517,0.0659120773044934
68518,0.037770884841480196
68519,0.04729426722770898
68520,0.2517888603479943
68521,0.0323903096347779
68522,0.01992894140433164
68523,0.03508562674468599
68524,0.15527804408507223
68525,0.03745426721524825
68526,0.015490003954860904
68527,0.04424978031712817
68528,0.08777440509684103
68529,0.0696851886586528
68530,0.2907890219705752
68531,0.05478499965795581
68532,0.1253716660898027
68533,0.012229757692518016
68534,0.11066044119479719
68535,0.036199684587347764
68536,0.09843599031956288
68537,0.020029223642743166
68538,0.021665249480602344
68539,0.05498268162210487
68540,0.01931355018228453
68541,0.027688523334112734
68542,0.03567239416184225
68543,0.12181467761941898
68544,0.02035091798523229
68545,0.053664653604388525
68546,0.047946240040697724
68547,0.030030573657837865
68548,0.19506130317809023
68549,0.011212122974425517
68550,0.45204654518226683
68551,0.9000491645996402
68552,0.09142309780705073
68553,0.02476706697779753
68554,0.022698476421210447
68555,0.11743361427490621
68556,0.023217848085626044
68557,0.05009183290971859
68558,0.017104631805303347
68559,0.05298779647787041
68560,0.04039154878168402
68561,0.06957556958169565
68562,0.16171270239307095
68563,0.15726432450632755
68564,0.012923304466961502
68565,0.07055155782942352
68566,0.06685389574217444
68567,0.026776301718757466
68568,0.13981925553950136
68569,0.14305929839646747
68570,0.01915171252971142
68571,0.0721439195948535
68572,0.06960634312275969
68573,0.06421859068079563
68574,0.15366777389507202
68575,0.01309949890156729
68576,0.07283376922532067
68577,0.019915591300237737
68578,0.03812755244914276
68579,0.049424824480252746
68580,0.1268001049315361
68581,0.0798342218659892
68582,0.08028392351799374
68583,0.08043296885151792
68584,0.11114294442573976
68585,0.017763131795980998
68586,0.0664080706750057
68587,0.05415763022099769
68588,0.08157532679884912
68589,0.03173116783296871
68590,0.020960975237507076
68591,0.02400938503609662
68592,0.08909653811300279
68593,0.06769904253592035
68594,0.10520213365980646
68595,0.009822970970526868
68596,0.051101311629256525
68597,0.024442995786357044
68598,0.039957840909513334
68599,0.011703139433641789
68600,0.08652311696089919
68601,0.08407477896829674
68602,0.03438496815291364
68603,0.035019082404582826
68604,0.053647001826649415
68605,0.052737183290073035
68606,0.015882938066299337
68607,0.09793457121309887
68608,0.021671057209546984
68609,0.009015219830415745
68610,0.029803737177057508
68611,0.028477271359807106
68612,0.19604857091906097
68613,0.012586320026383685
68614,0.04367034957356447
68615,0.02737953149629004
68616,0.023328600532303255
68617,0.03293849127020676
68618,0.40169528790328307
68619,0.04137479872327942
68620,0.09620955889036197
68621,0.010796609773051524
68622,0.011544568963637796
68623,0.04408584226281259
68624,0.02665440543684701
68625,0.018262455559734145
68626,0.019936253190823424
68627,0.16035960074941913
68628,0.07780324669204837
68629,0.02971796962808752
68630,0.04823937020816438
68631,0.07037283810850639
68632,0.015318819343241436
68633,0.015061229521113637
68634,0.04509752107121045
68635,0.0962604497941184
68636,0.17453072565409428
68637,0.05452652249126075
68638,0.1414609405361857
68639,0.024400600297868676
68640,0.03545711115718067
68641,0.3068738850011319
68642,0.0565152674160639
68643,0.09333362429094086
68644,0.08875559405474097
68645,0.17280248041026158
68646,0.011521640103847985
68647,0.04649836720836997
68648,0.014654301167751883
68649,0.041152867901038406
68650,0.030397876366754263
68651,0.01286959025428093
68652,0.10677459864431318
68653,0.06183530768298852
68654,0.0266117148363681
68655,0.10878522495351661
68656,0.11369414058408002
68657,0.018257551935169022
68658,0.02481842724055084
68659,0.0685819466936165
68660,0.0669913448226724
68661,0.05261909433336183
68662,0.050387122354659634
68663,0.05179661816159661
68664,0.043902173977683895
68665,0.018962040985557246
68666,0.02182291427990606
68667,0.03808347306363146
68668,0.09370280028580247
68669,0.023117262112646985
68670,0.0690595751991013
68671,0.029117786123216267
68672,0.02803470873200066
68673,0.017650727379457772
68674,0.014898536216781437
68675,0.04096938263785632
68676,0.02697969034990931
68677,0.024078174233695206
68678,0.018517663744826742
68679,0.03313778804220774
68680,0.019113568867694507
68681,0.20749135475528468
68682,0.11347184865145968
68683,0.02346269538167995
68684,0.03112297748323492
68685,0.05339145806166939
68686,0.03290049047581843
68687,0.05676650427917715
68688,0.09528256687147105
68689,0.012351480391383191
68690,0.11354593827365513
68691,0.07351029592384863
68692,0.09735078503567997
68693,0.012080204390333018
68694,0.012857615752924052
68695,0.04082957067720304
68696,0.0874789423683341
68697,0.05416601414020493
68698,0.20232450901113314
68699,0.0400588724475874
68700,0.04358174436916011
68701,0.025517365750780643
68702,0.0142567880859294
68703,0.030445736087739525
68704,0.020081939414408854
68705,0.10328937947282987
68706,0.016529977518907273
68707,0.1457283142364053
68708,0.050810109485826274
68709,0.10572038047571106
68710,0.2885081561790956
68711,0.16828310063857088
68712,0.1059845216908095
68713,0.10317337898235962
68714,0.047557247884501073
68715,0.06932108132514245
68716,0.04294545794031436
68717,0.019694477925847692
68718,0.02574286767715646
68719,0.008825315280960708
68720,0.9215161904190066
68721,0.12982674755499268
68722,0.010804763599155026
68723,0.031120825244886113
68724,0.04808228598934942
68725,0.03322208397934191
68726,0.020892232411974864
68727,0.09591330626492746
68728,0.06128997275051283
68729,0.05996910949303812
68730,0.13652547341828586
68731,0.01913302361534788
68732,0.040797442975052625
68733,0.033194006924855295
68734,0.009581029711798101
68735,0.05406060502423188
68736,0.059818645438378705
68737,0.09938115763447582
68738,0.23531065624913544
68739,0.008178652961531365
68740,0.062252268120522807
68741,0.31217844950739526
68742,0.1142876626279123
68743,0.01904338182227413
68744,0.017202838330722937
68745,0.0369019961878621
68746,0.04815233346217099
68747,0.035165110032009735
68748,0.07406640668021733
68749,0.10045910563458992
68750,0.06616622975218571
68751,0.05276800966566729
68752,0.08143212604411679
68753,0.056758694331149176
68754,0.016045321934764746
68755,0.013183570136047469
68756,0.05376174073126796
68757,0.03189137562797891
68758,0.033903772922805005
68759,0.14505898274645102
68760,0.02921690305259042
68761,0.022613696514651657
68762,0.020391706551814173
68763,0.0474562716435433
68764,0.024356152069997795
68765,0.0743004869031913
68766,0.06694924936567513
68767,0.11617936635105978
68768,0.06900366527500526
68769,0.01910692147342404
68770,0.051903084977217975
68771,0.019784050223061952
68772,0.013114916994566104
68773,0.028491549432335613
68774,0.06295743870285553
68775,0.028698068746310836
68776,0.03295491403722205
68777,0.08972728242607933
68778,0.031503914842230446
68779,0.05976355150887658
68780,0.013667711872355763
68781,0.05325006486165046
68782,0.05663449962937122
68783,0.2738341400253437
68784,0.10757974630461706
68785,0.08036738718156278
68786,0.03000708425851896
68787,0.046603866501054705
68788,0.04749910206204426
68789,0.02813103707661414
68790,0.1684008424069624
68791,0.05889009892291559
68792,0.018079914709482333
68793,0.14786565599068086
68794,0.04390416658819726
68795,0.05615706017710449
68796,0.02825223246591079
68797,0.09734884837980842
68798,0.08393954329166366
68799,0.34028330963177666
68800,0.023989038527821804
68801,0.06411936146344413
68802,0.18259070372504976
68803,0.05286118794449328
68804,0.15287808117278337
68805,0.039893651250325554
68806,0.02369775128709173
68807,0.03938776852544922
68808,0.06961345618639588
68809,0.0751755210306082
68810,0.019104774739278386
68811,0.05022019490640424
68812,0.04893204138282732
68813,0.026377613370344
68814,0.008659019006291669
68815,0.016744521181387875
68816,0.09083811338794337
68817,0.05483158144665061
68818,0.02402436388861901
68819,0.034648562618006556
68820,0.03905425241442487
68821,0.15206211541047104
68822,0.27468952481051834
68823,0.01640281616150638
68824,0.14588985738126053
68825,0.09495198950228254
68826,0.02012170847389743
68827,0.04378470631308706
68828,0.022686104309621924
68829,0.04367591140359949
68830,0.024786665855451494
68831,0.016128388275771628
68832,0.03752067258993365
68833,0.014208879982718232
68834,0.010737719166898375
68835,0.06073935620596773
68836,0.05566428367191461
68837,0.023365699211850558
68838,0.12184252116942615
68839,0.010274173038783732
68840,0.04962192202468909
68841,0.018993999008738806
68842,0.06188125732535646
68843,0.26575307975473444
68844,0.02970575597135402
68845,0.023072466267159163
68846,0.03816460406227742
68847,0.033123265773362616
68848,0.067036993652397
68849,0.0189218154067313
68850,0.06410815963728382
68851,0.07427690181634025
68852,0.010663009685784002
68853,0.08420188406356391
68854,0.03425004212937822
68855,0.2522271607188023
68856,0.06407099695198237
68857,0.013054999182359982
68858,0.023145592435849814
68859,0.01572856437249802
68860,0.04718922293685736
68861,0.03531767863102947
68862,0.06055181002476247
68863,0.06237635638864483
68864,0.015563745209369428
68865,0.046554052255252276
68866,0.014441549284329466
68867,0.10063839746250015
68868,0.024028931356433247
68869,0.0779794156337941
68870,0.046331764203950056
68871,0.020476509267925887
68872,0.03759571986543019
68873,0.020515051811499155
68874,0.260727879335513
68875,0.050020978198429045
68876,0.010203337659203577
68877,0.08190530522133138
68878,0.01076832322039135
68879,0.09359266925396444
68880,0.04698011203854448
68881,0.015393547502650295
68882,0.1343999818303237
68883,0.023958461933682076
68884,0.09083709180028136
68885,0.09027337322703542
68886,0.03194645407982947
68887,0.025535060755640583
68888,0.22646735399406057
68889,0.06729067218532217
68890,0.039883904955959476
68891,0.09738955146268767
68892,0.024552468108978622
68893,0.027147937556842347
68894,0.06682338978955829
68895,0.06430550587682962
68896,0.06501917241426666
68897,0.22429514104644346
68898,0.02022670276373121
68899,0.03219903498968668
68900,0.057203539500689224
68901,0.016561562325841737
68902,0.03736263641798892
68903,0.15362515166040505
68904,0.03500310275682781
68905,0.029545834845360212
68906,0.10077675251238806
68907,0.1748636548988603
68908,0.028461801207871142
68909,0.02474923190139989
68910,0.04477492607535936
68911,0.34912483503876934
68912,0.023317741758304106
68913,0.0653242313715462
68914,0.05722303451283213
68915,0.09995296979713278
68916,0.01366662863400284
68917,0.23169116276801952
68918,0.09082074391683559
68919,0.02468428814943909
68920,0.010223761005747232
68921,0.12930213885401878
68922,0.04579057942750142
68923,0.0798058757451825
68924,0.03190696585678341
68925,0.03268537216070449
68926,0.0628405739963215
68927,0.038246008959180594
68928,0.03995280364198914
68929,0.09211953666381116
68930,0.04028924469609401
68931,0.029483604669289988
68932,0.056052402173066354
68933,0.11768397483246237
68934,0.0510760903580464
68935,0.03946344280443809
68936,0.04621569034172092
68937,0.04706613096974557
68938,0.040070863163841605
68939,0.021377703658130826
68940,0.010812066693532118
68941,0.015372981352757482
68942,0.025041761671612494
68943,0.05102386010547414
68944,0.056509845504710415
68945,0.19486867976117533
68946,0.1893125753943945
68947,0.03885049809926426
68948,0.08193233237828651
68949,0.08080033508224053
68950,0.05161541174949292
68951,0.037373139230878025
68952,0.07695650339155119
68953,0.034636519959029326
68954,0.0498922063228468
68955,0.04528021013266339
68956,0.052710296265817774
68957,0.06148856043788761
68958,0.05371571379142667
68959,0.037177269617550274
68960,0.016244064578930156
68961,0.07648839670985697
68962,0.03547736634260892
68963,0.07907554671748149
68964,0.020276243004965094
68965,0.07039388961052272
68966,0.09317074163545572
68967,0.03539517154724919
68968,0.027594423737989413
68969,0.2025243796396144
68970,0.013452674077188418
68971,0.034057098531226085
68972,0.048632440417484615
68973,0.02176986828303814
68974,0.04836830734116435
68975,0.1152974924719421
68976,0.031816469675168324
68977,0.015931198487190972
68978,0.05702034679973868
68979,0.07746714394960735
68980,0.027839564070301248
68981,0.09695993510673234
68982,0.05508512483126921
68983,0.10748215458865773
68984,0.09056260135930798
68985,0.13208153516197538
68986,0.010530191512668659
68987,0.12487006359416036
68988,0.009102839291929213
68989,0.04430964347744071
68990,0.07753565993628289
68991,0.04899381354365963
68992,0.021157878548147716
68993,0.041005734419888536
68994,0.06266788876659585
68995,0.015579780034259041
68996,0.0669837115142713
68997,0.009139445014992652
68998,0.1373386183803938
68999,0.024353650666890263
69000,0.039851537154525524
69001,0.18558457348267327
69002,0.061424249966883074
69003,0.050421221386628835
69004,0.016619858494236302
69005,0.057282840902295795
69006,0.13580737745063523
69007,0.03435327694710166
69008,0.07564600630721781
69009,0.02250210476433848
69010,0.10634312064489196
69011,0.08893372812191148
69012,0.14477232648726834
69013,0.05116250828580622
69014,0.07117425555567933
69015,0.058790082163377735
69016,0.014024409465404826
69017,0.015954514593374998
69018,0.04344190087113574
69019,0.13235452114944693
69020,0.041909792258607324
69021,0.022949498706694813
69022,0.03582769292659269
69023,0.04292658407957818
69024,0.014002851415506631
69025,0.034468985876242794
69026,0.016271910439318263
69027,0.06036647209231297
69028,0.014268639109345792
69029,0.048806191417498195
69030,0.057998649104197324
69031,0.03360995441056709
69032,0.06945782383965887
69033,0.09398524144221813
69034,0.035963524304163524
69035,0.08498570036822498
69036,0.03184614890363546
69037,0.011792537869497289
69038,0.017325107332755513
69039,0.06660249269766597
69040,0.4906753942775698
69041,0.0278307878196038
69042,0.03468058129301008
69043,0.014081127518026268
69044,0.2580298952036678
69045,0.03557509860337302
69046,0.07886741246766778
69047,0.18551464812519974
69048,0.04374735388625794
69049,0.10560668922095821
69050,0.14781332247977874
69051,0.3587837679231025
69052,0.023833400061401097
69053,0.043102657630801365
69054,0.1101384934046118
69055,0.03725318758531272
69056,0.043252721591777024
69057,0.017587906062950052
69058,0.07175833928509145
69059,0.023376370474650725
69060,0.02222727517699518
69061,0.009742503392826101
69062,0.028381809754065755
69063,0.02537465801193586
69064,0.05051553444406348
69065,0.07391465789276197
69066,0.06461676250818632
69067,0.1094878675100929
69068,0.020014812802127697
69069,0.16988709662154972
69070,0.022328974489272783
69071,0.019922993622579373
69072,0.07497999890309559
69073,0.030548575411001012
69074,0.21103222449228387
69075,0.01672088196122114
69076,0.014383228189044896
69077,0.026014797928676194
69078,0.019110091936401917
69079,0.010074284978731429
69080,0.10910588163735299
69081,0.15649047463556912
69082,0.09295672229723187
69083,0.022011825318145696
69084,0.018430922107488912
69085,0.06003063817559122
69086,0.13079599222057448
69087,0.01852341619769128
69088,0.12422737538855538
69089,0.09268442148040137
69090,0.017833096229300866
69091,0.06599775931478212
69092,0.007820946187450589
69093,0.01826968560216903
69094,0.05682828521702211
69095,0.0502176463321719
69096,0.07812770356518876
69097,0.046195341890870184
69098,0.018944361604338066
69099,0.024877017001665662
69100,0.24912979287276016
69101,0.11181174974007224
69102,0.08470122427979793
69103,0.01875211334209355
69104,0.0385888839222545
69105,0.024204555926552632
69106,0.07288613437993881
69107,0.01745611144625353
69108,0.01821619938587279
69109,0.060317274096034906
69110,0.08281475727729362
69111,0.16407897884205674
69112,0.13160571065520943
69113,0.053111656689707396
69114,0.057146102038889555
69115,0.02744297793768087
69116,0.078343208432422
69117,0.02177962422585517
69118,0.09103557759192972
69119,0.1683578481031247
69120,0.0420848260073793
69121,0.035248443421282936
69122,0.07593611967368068
69123,0.025121617411896172
69124,0.054061840481283506
69125,0.04627838894116298
69126,0.01117355991548676
69127,0.025896565676748508
69128,0.020566459222797505
69129,0.0681167246718198
69130,0.025273807343977453
69131,0.05456358386565492
69132,0.036181224107900485
69133,0.03120176355483612
69134,0.017667511158908335
69135,0.023696060733520614
69136,0.03909277172319637
69137,0.33074602009898246
69138,0.023454853848644854
69139,0.031014072887749843
69140,0.06718278816494215
69141,0.028681995456128716
69142,0.03106837007876616
69143,0.10431031154362377
69144,0.04837155051710593
69145,0.032018822397462565
69146,0.03758032617210719
69147,0.049032596765640965
69148,0.057104026140664475
69149,0.07828434135379411
69150,0.025533742717459673
69151,0.17809109608610324
69152,0.04570233345624043
69153,0.05647453301778252
69154,0.04541596216793704
69155,0.09929077179362414
69156,0.018183336961965956
69157,0.0202433743844389
69158,0.03172432656091121
69159,0.02248203996655354
69160,0.054757713445692774
69161,0.06954540599050699
69162,0.044876585495767674
69163,0.0750265009842781
69164,0.11887756516859999
69165,0.09228502353343584
69166,0.03634206436887848
69167,0.09192502288016813
69168,0.014077341608643785
69169,0.049017744998299154
69170,0.018518906550997742
69171,0.029369107216146675
69172,0.023162782575883376
69173,0.02493556898236808
69174,0.16498806963887844
69175,0.06509528622824312
69176,0.09784038259137887
69177,0.0320763757451189
69178,0.03917798617560012
69179,0.02220930302549031
69180,0.03921831695623127
69181,0.019353052929091497
69182,0.03328153404204106
69183,0.06766528584964993
69184,0.035868238765537824
69185,0.04937050626677508
69186,0.22009122532909747
69187,0.13872180147806207
69188,0.030323935148021723
69189,0.11086198637007322
69190,0.12091303033629577
69191,0.106590007176539
69192,0.04633162864052033
69193,0.06301901821986391
69194,0.18465519449095782
69195,0.028059778921780323
69196,0.026806247029711325
69197,0.11137282694511326
69198,0.1251711315929066
69199,0.06074782529149318
69200,0.04887024205371386
69201,0.027143000502658277
69202,0.033414103127219666
69203,0.06974163912370804
69204,0.03326610935873571
69205,0.2107197984930191
69206,0.08541577700484526
69207,0.020398090160403965
69208,0.1394473780224204
69209,0.5039995386160651
69210,0.11180191744389359
69211,0.07601763751472629
69212,0.133300401031552
69213,0.04484213704135443
69214,0.03611160844106263
69215,0.07329806707255714
69216,0.011428286379179196
69217,0.1586619207600115
69218,0.044991020677924445
69219,0.07127097077009723
69220,0.05300252965510914
69221,0.06648385401976303
69222,0.04111850275406105
69223,0.06907470167418875
69224,0.04838649374630158
69225,0.10582769706468018
69226,0.03865788918094048
69227,0.1465656466379012
69228,0.06051506403933923
69229,0.04488213083293713
69230,0.048812283854209826
69231,0.02485049607180196
69232,0.09587701490254359
69233,0.07562699883556703
69234,0.03109565075999484
69235,0.08900527853996476
69236,0.08146064750195661
69237,0.13367950218674013
69238,0.014805588344458722
69239,0.33502114470942346
69240,0.013014373764288826
69241,0.029386174933481578
69242,0.04337927401582605
69243,0.1424183486610549
69244,0.0610587969563119
69245,0.04523609556406282
69246,0.031206978753457147
69247,0.028255897734119483
69248,0.018225208302612945
69249,0.17680028772046413
69250,0.01886945713397903
69251,0.05388921947358158
69252,0.020547624056614585
69253,0.022757284549719002
69254,0.020923034663502107
69255,0.3405027435019743
69256,0.04173082272572722
69257,0.060721632080834115
69258,0.12969823494701838
69259,0.07027752404073083
69260,0.13209366481920157
69261,0.018156179844068074
69262,0.021850376011240277
69263,0.022979574648921745
69264,0.03819224574296021
69265,0.07475831598218909
69266,0.023504409519299448
69267,0.026050868008662076
69268,0.2610993937656405
69269,0.2501644733274968
69270,0.018095078545169462
69271,0.09233548496164229
69272,0.012689624114422
69273,0.04157091321661652
69274,0.08987185165836795
69275,0.08963071796904541
69276,0.05337848678969178
69277,0.022990793860747937
69278,0.02143711762271294
69279,0.12498421849002414
69280,0.023971439332593755
69281,0.02399950749408349
69282,0.1294480672474532
69283,0.05510395343556148
69284,0.08054686988468275
69285,0.03923123274384685
69286,0.026873717875230047
69287,0.05358456903328364
69288,0.06999067206793501
69289,0.09173100264222728
69290,0.01837686986051918
69291,0.02023410770868005
69292,0.10721867416865628
69293,0.09825422462930472
69294,0.018862421592249674
69295,0.02447986222200494
69296,0.22209740540484166
69297,0.0914739609187048
69298,0.026521054535150468
69299,0.01070126794965302
69300,0.04964930461512354
69301,0.07059311423977191
69302,0.029252183074993922
69303,0.02311425358674795
69304,0.0869573892945848
69305,0.021951971127240157
69306,0.0725013687602443
69307,0.08752083812095439
69308,0.11914699885942642
69309,0.12241473832381558
69310,0.023604659956092268
69311,0.029760262456196798
69312,0.20094812357027828
69313,0.09378389664297916
69314,0.08584180254440725
69315,0.06298107585597157
69316,0.08232653274598895
69317,0.15398138804626443
69318,0.05575510307586633
69319,0.03565396180890556
69320,0.06558289545260884
69321,0.0803026795863554
69322,0.028124828119898825
69323,0.026961710048283086
69324,0.09408538808598335
69325,0.28198631999185997
69326,0.01913922469592626
69327,0.01708815024736314
69328,0.024727310875059666
69329,0.08149711188768793
69330,0.01608580949169338
69331,0.013097538675698978
69332,0.10112987736437101
69333,0.0070292704556972315
69334,0.25424879940576484
69335,0.03842232984239449
69336,0.021129858402698952
69337,0.10032774848478887
69338,0.0565727728188192
69339,0.04239785279545216
69340,0.19484757335846445
69341,0.039408427526381594
69342,0.11918663001146043
69343,0.08904859037434576
69344,0.1505104447359672
69345,0.18323073977499912
69346,0.012790805614959527
69347,0.033110903378659774
69348,0.0814997759415683
69349,0.012134200377703065
69350,0.0352797905147449
69351,0.06486395849052747
69352,0.05996116099971349
69353,0.03269846111147406
69354,0.0635582584607967
69355,0.0402217651886612
69356,0.2948939601730303
69357,0.05090084194823071
69358,0.15207675447810423
69359,0.012790109711541856
69360,0.03633521042583683
69361,0.028733999230127927
69362,0.03856699787294997
69363,0.0581442249081978
69364,0.023649600520261316
69365,0.044643791024276326
69366,0.12696139533551626
69367,0.028246420398203
69368,0.020062063727254706
69369,0.027570760153174452
69370,0.023233229006364865
69371,0.021354750444657036
69372,0.023617640838592354
69373,0.07240660620423688
69374,0.13845881131887244
69375,0.060365039287595665
69376,0.2698764924185453
69377,0.010904081372757562
69378,0.017450789102251067
69379,0.11226693719598405
69380,0.026081583479938993
69381,0.033591497720030145
69382,0.11220830671999198
69383,0.07688477505307623
69384,0.07731484715230826
69385,0.11791556002435641
69386,0.039745579984584126
69387,0.11470395923842971
69388,0.03572256183580433
69389,0.019832362889724633
69390,0.009103181697628894
69391,0.050804736338265516
69392,0.03047738740411068
69393,0.042033448142854285
69394,0.024255833095250718
69395,0.02685573778954818
69396,0.04065330520307978
69397,0.07324924283840503
69398,0.033309923621281705
69399,0.07964211157326406
69400,0.016164042480246586
69401,0.10406617767493906
69402,0.014726410458835801
69403,0.03906434220637139
69404,0.018877801355260557
69405,0.0290617238313831
69406,0.11562927701907842
69407,0.0252739869271199
69408,0.11987897549700524
69409,0.05589486984434376
69410,0.08364049230123226
69411,0.044037191903463335
69412,0.04518001313633649
69413,0.031031034595122235
69414,0.2246755510182631
69415,0.10831965887447131
69416,0.010320281218604194
69417,0.11499873895550553
69418,0.018086506323230316
69419,0.03267356805614393
69420,0.013072584411091586
69421,0.05902624563586417
69422,0.158044663471074
69423,0.19633330972147311
69424,0.03756581788083137
69425,0.02818021504121041
69426,0.3900314190078038
69427,0.20858868936694894
69428,0.4012315292628747
69429,0.10455926570667384
69430,0.02881628924053224
69431,0.017533197782115605
69432,0.0589713808358733
69433,0.01640145546714481
69434,0.05453719048597652
69435,0.011454753093849338
69436,0.21695654059352543
69437,0.028368711693794756
69438,0.0344451206769171
69439,0.0330380046538893
69440,0.07308204191349559
69441,0.0799326022072128
69442,0.5102420663017173
69443,0.04674111475086113
69444,0.01625690375024564
69445,0.04053199117610372
69446,0.054901162734788844
69447,0.01631276611605031
69448,0.0638485641501257
69449,0.016879347353451566
69450,0.06768103353800212
69451,0.388068718573025
69452,0.02002456902384242
69453,0.04188641622222131
69454,0.018220532212144966
69455,0.26980627094762877
69456,0.033333902753544774
69457,0.03176879047041273
69458,0.07044367677007368
69459,0.03738696063187451
69460,0.024849230423673083
69461,0.012686846952310551
69462,0.029845450215241966
69463,0.043803353044888776
69464,0.010112248608514179
69465,0.017741953654451505
69466,0.038073210142339574
69467,0.05108814567549306
69468,0.023801456916323807
69469,0.15057176889921992
69470,0.05347367227797357
69471,0.035862721440618396
69472,0.024076168368275357
69473,0.13756061935474972
69474,0.030815884369032084
69475,0.03420910312157397
69476,0.039397324391129016
69477,0.0199082995179874
69478,0.019361309905994745
69479,0.02758829527293419
69480,0.016220393652922396
69481,0.07433612669782784
69482,0.019013208910643578
69483,0.02267501551937501
69484,0.034890591906679806
69485,0.08646472960581153
69486,0.12215360829268067
69487,0.05175832529423888
69488,0.028955373127984393
69489,0.022703346609156825
69490,0.04688226021460088
69491,0.028408147550337763
69492,0.018876547850199234
69493,0.023907890508112005
69494,0.033362633673310174
69495,0.0627002291608924
69496,0.024422828025147905
69497,0.13305699958924186
69498,0.09418753268159386
69499,0.025764579220866075
69500,0.107618256789848
69501,0.07553637603917893
69502,0.07373505554721445
69503,0.12502470945815763
69504,0.039876588998902195
69505,0.03787890800642353
69506,0.10827438771591384
69507,0.13914046461753443
69508,0.07446070104655157
69509,0.07314187531600905
69510,0.08440643201117937
69511,0.03936874356686751
69512,0.011733653031513894
69513,0.1082498508564574
69514,0.06265288172789452
69515,0.01641476516957837
69516,0.06180389874616528
69517,0.04079030260894192
69518,0.014719507888558202
69519,0.010991241207316562
69520,0.0707555719036884
69521,0.07386628869714791
69522,0.11129748163362886
69523,0.041516990510832456
69524,0.03519338822394368
69525,0.06758055532425533
69526,0.06477960921337378
69527,0.08466522757622647
69528,0.009777281249026572
69529,0.13267453891783212
69530,0.07851558463358059
69531,0.027170300406351124
69532,0.04983240908409644
69533,0.027697371018226356
69534,0.01489394320071478
69535,0.08812603740668468
69536,0.06066368747890883
69537,0.06875665643687204
69538,0.014796561768310797
69539,0.046300662260189446
69540,0.04881866210857597
69541,0.028140312084475753
69542,0.013702822580787477
69543,0.018935194047876358
69544,0.059245127744735906
69545,0.009988225268789992
69546,0.08151074838320138
69547,0.06892637734941806
69548,0.029575145190608672
69549,0.026039910371275374
69550,0.02164384808926363
69551,0.08288606997129314
69552,0.019079509950474853
69553,0.03618512599651581
69554,0.013023592261942447
69555,0.05821389347077581
69556,0.03311533130217796
69557,0.022415691411373156
69558,0.037758799160550645
69559,0.05640045186110166
69560,0.03776280746794972
69561,0.049230833766527815
69562,0.0453804357083222
69563,0.11046087470434754
69564,0.06989424597091391
69565,0.0394876435000233
69566,0.02403896284462364
69567,0.028565814539207594
69568,0.2428805831736719
69569,0.04026424398994538
69570,0.03114915366105831
69571,0.10803355576928346
69572,0.07150008027930607
69573,0.011495315019456333
69574,0.48820966894894247
69575,0.04824592317942938
69576,0.03502635573673625
69577,0.01766377051973044
69578,0.041520405454802914
69579,0.06972980747762356
69580,0.06163414668961982
69581,0.07315683083305916
69582,0.06444686030250438
69583,0.035843623165195466
69584,0.21343909246347192
69585,0.019844731915309145
69586,0.01769054986960561
69587,0.14753580737601257
69588,0.014490021500362419
69589,0.0299284854542709
69590,0.015507636339863524
69591,0.021738828671222725
69592,0.3089133215629944
69593,0.021471773891026728
69594,0.015026403375361753
69595,0.06748863395673328
69596,0.02724120472346052
69597,0.03177611979895756
69598,0.061433862373122754
69599,0.05695658457211197
69600,0.009593256631237196
69601,0.013576523906355858
69602,0.047423001352283015
69603,0.04782383039830621
69604,0.13602127597177524
69605,0.03889337565590008
69606,0.11921747232468191
69607,0.12611337989177912
69608,0.02156634442074743
69609,0.08308314910311401
69610,0.06771934864597563
69611,0.03078889707412855
69612,0.04437593866807401
69613,0.054095479141700195
69614,0.17974469992232092
69615,0.018340453842335604
69616,0.11779751917803796
69617,0.018803211419482255
69618,0.018204851061934747
69619,0.04851299419304571
69620,0.05994239715214956
69621,0.04829717621947441
69622,0.07228783643341416
69623,0.020243153746430823
69624,0.03393294292892106
69625,0.055427679570648786
69626,0.19399127376838202
69627,0.20711633521777195
69628,0.11991421851525656
69629,0.07911354675952927
69630,0.6046212909202151
69631,0.011593844941742423
69632,0.2666717749635738
69633,0.021019448349542277
69634,0.056445345317407185
69635,0.05069048380174696
69636,0.03518193214972063
69637,0.021646931759478093
69638,0.05367538029149811
69639,0.04049929100867125
69640,0.5080809157443579
69641,0.028915334251426804
69642,0.03329716810262987
69643,0.06770463397691623
69644,0.030089665537690494
69645,0.12767459188500693
69646,0.029192517847583543
69647,0.05871185125457507
69648,0.04338846584203928
69649,0.06656379631074008
69650,0.011264522121156188
69651,0.016819927844685518
69652,0.1715070600207914
69653,0.03805192045810083
69654,0.029956465530819296
69655,0.03161457222378258
69656,0.022691497014591475
69657,0.08463303791568959
69658,0.07971076482624365
69659,0.02316360662012686
69660,0.016605743600775373
69661,0.025284485396663534
69662,0.06217152472455764
69663,0.06229934743697611
69664,0.043883865770055194
69665,0.2909763062054723
69666,0.052454655950992884
69667,0.025033347453206033
69668,0.3783520861077735
69669,0.014652108803452867
69670,0.020583128460538426
69671,0.06207961773399778
69672,0.0780488704873895
69673,0.13968077292115344
69674,0.04402793614884372
69675,0.1916388381909479
69676,0.05323162333693576
69677,0.013566805705126316
69678,0.05745469767752874
69679,0.04582011565706465
69680,0.030603818836205963
69681,0.058761637755062886
69682,0.13556815568615896
69683,0.06134582136300004
69684,0.030760318430898194
69685,0.019032794497277593
69686,0.04198432203318688
69687,0.041638876899218434
69688,0.03322191448389153
69689,0.029351767903459343
69690,0.023211721975018595
69691,0.036653374150918946
69692,0.07064364538747464
69693,0.15537016130391026
69694,0.020093231528926163
69695,0.030035733520640526
69696,0.055219304146742386
69697,0.1532746424133455
69698,0.014158318980066783
69699,0.054556157753553366
69700,0.18234702302985148
69701,0.02944863911679761
69702,0.03616692350740765
69703,0.04405560176897675
69704,0.024011867015886895
69705,0.023902433381803978
69706,0.01729244075909034
69707,0.07965094121716486
69708,0.017611759856515634
69709,0.02544493664815445
69710,0.0873551125244687
69711,0.029136885763059298
69712,0.010646816810842482
69713,0.03268332707195056
69714,0.03211083139411972
69715,0.03336920769504472
69716,0.193773962805879
69717,0.06639911834977576
69718,0.20362396210680828
69719,0.09667851787305233
69720,0.05509826437670419
69721,0.051386445270171006
69722,0.056859959677121104
69723,0.027584389622390182
69724,0.06775227426366322
69725,0.059550979314585306
69726,0.010080039645901644
69727,0.037641330006645476
69728,0.013152814027442073
69729,0.042922670955890016
69730,0.1101087400920748
69731,0.019674679177879812
69732,0.008592383339944385
69733,0.10136833184126887
69734,0.06443489326807948
69735,0.01772128366833266
69736,0.055741837764388624
69737,0.018786504372158234
69738,0.06387755153638916
69739,0.03755324158443245
69740,0.4305980170885432
69741,0.01650682689733232
69742,0.07412578873699487
69743,0.06631462053601284
69744,0.05751303862513988
69745,0.06209568338549022
69746,0.12514135318728137
69747,0.012488698656655505
69748,0.01674645931826759
69749,0.013191264531941471
69750,0.058888066694442305
69751,0.00979579389550258
69752,0.09990470158340302
69753,0.027115136710969677
69754,0.031275392536783686
69755,0.03019589398713537
69756,0.031204951057223946
69757,0.01646376998916954
69758,0.03602718110983104
69759,0.04282485102183362
69760,0.10312092428070989
69761,0.5381422667662238
69762,0.047604257837855275
69763,0.09113421146993231
69764,0.034919977396362885
69765,0.06196372162673584
69766,0.018235453518737194
69767,0.03900322833041529
69768,0.05287731166178275
69769,0.023406852099636763
69770,0.019438655288598627
69771,0.011556700149611627
69772,0.02123698177343621
69773,0.07211764168413493
69774,0.01382295361328241
69775,0.013409128453572332
69776,0.0177772839583541
69777,0.09145883758973042
69778,0.011250733276072932
69779,0.03689541249360467
69780,0.04973392348090434
69781,0.06904974383071574
69782,0.042167646639340535
69783,0.03690047891067846
69784,0.04970260416678858
69785,0.39457884466894727
69786,0.037185694847614
69787,0.0614341737158494
69788,0.09930230553322018
69789,0.05599464390483992
69790,0.015401538527796486
69791,0.03938206406558904
69792,0.016361496213854684
69793,0.010576811546163363
69794,0.04689564524296214
69795,0.04209260413476417
69796,0.05186481612790089
69797,0.025315028688529303
69798,0.050128025241033825
69799,0.0772514995574482
69800,0.031757392419284276
69801,0.03793453512300132
69802,0.05995159077113301
69803,0.019585759459899776
69804,0.05751178145167947
69805,0.05281648995039235
69806,0.04133221946514927
69807,0.020534964069893184
69808,0.03908538042743254
69809,0.01590325839855226
69810,0.01963398841275118
69811,0.02241349269807313
69812,0.020941998165553942
69813,0.050450028260860744
69814,0.10635066271646768
69815,0.037170955611406174
69816,0.029943171715096074
69817,0.04997227463462961
69818,0.019218478913377062
69819,0.03916361361954766
69820,0.14065625433450585
69821,0.1045770074637495
69822,0.05367402551159779
69823,0.04771497644899789
69824,0.011601914014288485
69825,0.07895688975925617
69826,0.018899418197511543
69827,0.05743682765245807
69828,0.0455857517923134
69829,0.06287050492848431
69830,0.022218368673619676
69831,0.028558335637248914
69832,0.028243306994831123
69833,0.04231195160474108
69834,0.08228578503163045
69835,0.18996717064686416
69836,0.02017763241108223
69837,0.06755333617577372
69838,0.03713544723384931
69839,0.05737397446476428
69840,0.05788645907464678
69841,0.10993419806138713
69842,0.027676865772722374
69843,0.0983819845345771
69844,0.23649432929259745
69845,0.035202931917208885
69846,0.054585055260653575
69847,0.09717289042609781
69848,0.05245911577410742
69849,0.04070665904134748
69850,0.021886863209875363
69851,0.13576520189417907
69852,0.04213518028233314
69853,0.06794264494029133
69854,0.12335768148176687
69855,0.060728481347637114
69856,0.009318171065982813
69857,0.03266064175038995
69858,0.025112925940583373
69859,0.10029820710406044
69860,0.04294789564066374
69861,0.13768503484516
69862,0.027312173128539424
69863,0.01656975964008728
69864,0.024828795885239646
69865,0.018226854261232307
69866,0.01352997307044961
69867,0.03251453811034977
69868,0.03594032801584561
69869,0.38082752122979147
69870,0.35894412071037285
69871,0.009791308511803628
69872,0.028638509495869213
69873,0.05636560625249776
69874,0.1067458889665677
69875,0.2626991894333731
69876,0.02709706037760404
69877,0.04446324176895737
69878,0.0586682486455998
69879,0.05075267810842072
69880,0.05494821392556269
69881,0.03491495064591095
69882,0.10255486164290033
69883,0.0670291969968079
69884,0.023841959972843982
69885,0.035231551584105944
69886,0.12270423993437557
69887,0.08893722893655853
69888,0.07225801588229729
69889,0.046710159945071536
69890,0.04430968499504855
69891,0.10333661232482283
69892,0.11046939789223338
69893,0.05230238849021927
69894,0.02397195202387692
69895,0.11146595634545269
69896,0.03361387594149413
69897,0.03801867733737483
69898,0.04311331356421272
69899,0.09646887402690749
69900,0.010316656929123515
69901,0.18445946331889682
69902,0.050967762658862895
69903,0.028872860303757398
69904,0.0567724523359462
69905,0.9721338665987982
69906,0.041866094286943024
69907,0.019382413662099543
69908,0.011004789009439447
69909,0.06595639827963572
69910,0.0207579536463845
69911,0.06674131480807158
69912,0.040245705662881506
69913,0.0625680945173192
69914,0.05376227243938332
69915,0.08455273871062347
69916,0.04162329868513313
69917,0.10815001838078425
69918,0.06374388390748897
69919,0.06848277316709474
69920,0.08839448284941138
69921,0.029781238025667827
69922,0.2860635186722554
69923,0.11837247228810846
69924,0.07267179315819955
69925,0.07160605888467486
69926,0.07775880638666614
69927,0.03179200018600727
69928,0.013413647224116807
69929,0.024938971238529083
69930,0.030991729448895673
69931,0.011729290840430596
69932,0.07702775490135524
69933,0.0321351225637662
69934,0.012778517880314012
69935,0.02179622773036924
69936,0.047723705745091265
69937,0.13417134595774313
69938,0.11373489351805857
69939,0.10929523810391942
69940,0.027344335266860354
69941,0.04096402359263183
69942,0.26352819463577903
69943,0.04534181786371605
69944,0.08677350223338247
69945,0.16788786366405573
69946,0.08181068750703578
69947,0.1443144041560867
69948,0.03770610757122404
69949,0.0436250769979602
69950,0.05064396760735468
69951,0.06633817513581007
69952,0.022217397450489278
69953,0.01686552101694386
69954,0.16816929934620356
69955,0.021157212728787005
69956,0.013507066170634243
69957,0.18653422500685782
69958,0.16568388799269432
69959,0.06466964723189728
69960,0.018479016239184035
69961,0.057436852679893256
69962,0.03187758354831114
69963,0.024096659224408862
69964,0.09959871183152477
69965,0.43803401326977975
69966,0.06835363805315318
69967,0.032729092673337616
69968,0.029554261304968382
69969,0.04168290118870299
69970,0.01988004013774725
69971,0.018544959268429393
69972,0.014273171730747996
69973,0.5997206492892345
69974,0.09261001321616238
69975,0.039613650881395304
69976,0.10145565244096874
69977,0.11423074877868754
69978,0.022499083927335732
69979,0.010379814167713308
69980,0.06564632131190834
69981,0.059118255653494635
69982,0.033047194143463174
69983,0.03162368398427273
69984,0.1483302063858995
69985,0.027984124144381093
69986,0.06267514218288082
69987,0.03968441635756329
69988,0.18885803083134242
69989,0.13150445933944022
69990,0.05850012369363498
69991,0.015548473527773915
69992,0.05285388757991083
69993,0.00963210988486637
69994,0.11723563859416888
69995,0.03441423966478045
69996,0.09228943663449932
69997,0.057032890059927455
69998,0.04634023847737059
69999,0.019593272713368064
70000,0.07369178415299761
70001,0.057779059836195676
70002,0.017382922374327883
70003,0.03804120026476174
70004,0.03638245311179906
70005,0.14570924265258775
70006,0.06141384303207352
70007,0.015583671807833141
70008,0.01677809051892079
70009,0.061671381071989974
70010,0.04006765306964431
70011,0.020305606201546953
70012,0.12266929975827023
70013,0.06849501054729148
70014,0.040670670482152435
70015,0.0257189028119153
70016,0.04916164615488694
70017,0.024443823072309957
70018,0.06694807647016393
70019,0.0506736583917179
70020,0.042262863767320184
70021,0.13956892174450702
70022,0.02446411720184796
70023,0.0941269047271637
70024,0.035785501878898784
70025,0.2621101747011604
70026,0.05139256865038183
70027,0.02376049127557548
70028,0.01024032561842007
70029,0.0872011488837652
70030,0.02351383840138007
70031,0.023266571354894724
70032,0.013676960019678122
70033,0.030682612711157575
70034,0.024277114452833353
70035,0.14662285161283797
70036,0.16859133047972819
70037,0.09267127467868777
70038,0.02067267498713049
70039,0.05351071356366286
70040,0.4758144964106912
70041,0.08965489145067708
70042,0.09221887916295561
70043,0.20004565442743663
70044,0.07049612902855368
70045,0.06961221875990072
70046,0.01219387822517152
70047,0.08068810007042856
70048,0.06217321346853398
70049,0.07087597100959993
70050,0.059694070922010484
70051,0.019383414265415694
70052,0.03712267467626318
70053,0.014947738698502166
70054,0.01197801514809542
70055,0.021363001985456757
70056,0.05336502002359243
70057,0.02485845555288834
70058,0.06251898498413351
70059,0.030701828705264105
70060,0.05423991927110538
70061,0.024507050254927516
70062,0.06964979542297878
70063,0.13147678176977096
70064,0.025999060058199762
70065,0.04677026447065732
70066,0.03762411917344609
70067,0.034524480073647675
70068,0.0750040313047814
70069,0.061842083533302394
70070,0.26178765401588144
70071,0.03730795727259954
70072,0.0388541050655588
70073,0.08913486440056023
70074,0.04981193559904694
70075,0.017564435512617257
70076,0.013324596433012306
70077,0.060988030534430714
70078,0.025341339336322873
70079,0.17782229303502195
70080,0.0725419020538275
70081,0.09393460196667615
70082,0.03137464076982011
70083,0.011654616206144167
70084,0.021828292676993325
70085,0.08534604477812704
70086,0.12326601535284608
70087,0.11130668645716624
70088,0.027210586079604623
70089,0.04536553235745707
70090,0.022895692960246523
70091,0.03851375591705406
70092,0.12868061605150627
70093,0.07178692133448389
70094,0.04699237528613173
70095,0.05505435673672082
70096,0.01915439256138317
70097,0.03038737250882659
70098,0.24435210924004278
70099,0.04329943425594962
70100,0.06932108305807465
70101,0.038179554080312796
70102,0.04987830093648937
70103,0.025924644741029953
70104,0.06763279256883503
70105,0.07696839968190503
70106,0.06589860617998082
70107,0.08302532413930708
70108,0.0811688237680398
70109,0.1475411541883278
70110,0.04404449637347475
70111,0.09368086203550392
70112,0.053677517995222385
70113,0.11747751829024726
70114,0.05003131023352429
70115,0.05339093621955812
70116,0.0448104763624901
70117,0.28274494627672986
70118,0.014936132830369722
70119,0.028972928141057626
70120,0.02333866297264663
70121,0.03495605584797958
70122,0.10010646150683652
70123,0.01559238730626077
70124,0.03371905314795312
70125,0.016534471759384266
70126,0.020607375488779143
70127,0.1890849500037976
70128,0.1154030425348263
70129,0.04641165375735888
70130,0.11845026302928185
70131,0.05802618856011797
70132,0.02200660751884089
70133,0.042972280533316615
70134,0.12385722473940095
70135,0.03228973495830674
70136,0.09220762644637816
70137,0.0995268712800073
70138,0.05983163292619763
70139,0.04268352759755412
70140,0.03078104042860057
70141,0.017038826436355157
70142,0.03969396423033885
70143,0.03720492486218809
70144,0.03138538172116759
70145,0.027681364632835163
70146,0.017622518658587768
70147,0.06659702448732518
70148,0.05670408546516434
70149,0.007907751414587974
70150,0.021159958333767406
70151,0.037455004955821804
70152,0.013485314845110083
70153,0.034930253954906246
70154,0.11458209575780244
70155,0.03481507211357923
70156,0.22947991189739558
70157,0.04280619991079118
70158,0.05951451377205918
70159,0.03219667215159396
70160,0.03658704824427017
70161,0.0336760803188945
70162,0.17996739363209013
70163,0.05901078046410343
70164,0.032243169623641155
70165,0.013091120726186602
70166,0.0198124627533973
70167,0.08289964624686112
70168,0.021118648263007873
70169,0.024847115103747708
70170,0.0287239498671995
70171,0.04712829998670787
70172,0.017247491699084457
70173,0.050604033103595986
70174,0.08853027050013387
70175,0.08029864235067738
70176,0.02627164512466943
70177,0.07398002873147298
70178,0.021667225052763712
70179,0.017251715511929066
70180,0.0975287671096052
70181,0.05224289775927834
70182,0.051700056436994005
70183,0.03038250345406405
70184,0.01957221459640788
70185,0.11490087798461456
70186,0.04548382599040829
70187,0.03613570073073874
70188,0.08591420755273153
70189,0.05825948107914067
70190,0.032332491896468196
70191,0.03453917489475818
70192,0.18948230271088382
70193,0.042818505778034935
70194,0.01371431472197494
70195,0.05526582644727128
70196,0.03881757680086891
70197,0.012612291912273673
70198,0.5607050353247394
70199,0.0468059688658887
70200,0.024128876646426628
70201,0.0689416592433453
70202,0.02145925350186232
70203,0.042846918982674564
70204,0.652444084615846
70205,0.05552365066765716
70206,0.09586893722492842
70207,0.045564839258491946
70208,0.1400772256170232
70209,0.01506493970464519
70210,0.00782180874723887
70211,0.03773976275926452
70212,0.033965419549398815
70213,0.3921190621449609
70214,0.12659723985969423
70215,0.12802724859119788
70216,0.0893701444763334
70217,0.06481629534233208
70218,0.16059196535359754
70219,0.06299225801547342
70220,0.10738946707286974
70221,0.06314293338360892
70222,0.04360380822307748
70223,0.026416696100080177
70224,0.14432194351098313
70225,0.12971358823494594
70226,0.042569458443585916
70227,0.05338608520040186
70228,0.03368098650796513
70229,0.056987569049189946
70230,0.027596464059813933
70231,0.036576468636664
70232,0.15859105950206615
70233,0.0306525561851795
70234,0.11788332156933917
70235,0.16708476937814382
70236,0.175010334809232
70237,0.08306868497862305
70238,0.0509136378955578
70239,0.01083422344317167
70240,0.07759058836589397
70241,0.0570535582065115
70242,0.03260496631841871
70243,0.056874002761049335
70244,0.12351521828074775
70245,0.08214300912899443
70246,0.033834205442392906
70247,0.06636465045499304
70248,0.09797895422768159
70249,0.15628072619500738
70250,0.012665244516195186
70251,0.03567061632099455
70252,0.053462037409650595
70253,0.02739754498065621
70254,0.030096240144512287
70255,0.06818714479526286
70256,0.0853802191582459
70257,0.038078777185353734
70258,0.02307067114100952
70259,0.03118695993179373
70260,0.0859273146440908
70261,0.07007032393039418
70262,0.0343998559881978
70263,0.02565351946125818
70264,0.02257774541303367
70265,0.07765003586995751
70266,0.0449614113661938
70267,0.017871293921939944
70268,0.01678478413801054
70269,0.08115998807722306
70270,0.021753024819557813
70271,0.05404790396300878
70272,0.03692999726648409
70273,0.04585958694500499
70274,0.07599354518439783
70275,0.03151866951065894
70276,0.022763374462001315
70277,0.062270609459955495
70278,0.02037938873263546
70279,0.010538839645551353
70280,0.0435650110119645
70281,0.01803773122549468
70282,0.029776799821738354
70283,0.4298875638674083
70284,0.2335885734594983
70285,0.0255547213368795
70286,0.026569620668896534
70287,0.05899945466030602
70288,0.18150011711713943
70289,0.014803989871969948
70290,0.03177765461653208
70291,0.04083857026116107
70292,0.06405655207580996
70293,0.051953274491068534
70294,0.04190037558992482
70295,0.05618481185517957
70296,0.022980745110489226
70297,0.022922779750299178
70298,0.13694533657739216
70299,0.0465255561518307
70300,0.04381610960251109
70301,0.05595893146783268
70302,0.025918064247733068
70303,0.1026449403329061
70304,0.11448456506237839
70305,0.06474039491669512
70306,0.03830781736965674
70307,0.035432587625264855
70308,0.038048577570762604
70309,0.03373320624312454
70310,0.2188333218908951
70311,0.02765959957192811
70312,0.07752552224225576
70313,0.02618829186468436
70314,0.057185588758633776
70315,0.03104974462660775
70316,0.044051273996651805
70317,0.016663198232586652
70318,0.014110117237842647
70319,0.032972389000057584
70320,0.03535551564559733
70321,0.07535223832771966
70322,0.2143916403911724
70323,0.019706771753678975
70324,0.014073108150129389
70325,0.10426177073071549
70326,0.06274936042623021
70327,0.033224945485480314
70328,0.07349018647921007
70329,0.02287561271786411
70330,0.019602517872559733
70331,0.03361603310134832
70332,0.026335607135456802
70333,0.023985349030334252
70334,0.042859211374247745
70335,0.015621007339991794
70336,0.11581255032234941
70337,0.11291334571951325
70338,0.018323900452313902
70339,0.05873345837892632
70340,0.026089601058927332
70341,0.06888376508678311
70342,0.5851005596388171
70343,0.05279562801795012
70344,0.0825096987435593
70345,0.18164644703530475
70346,0.02223454287529191
70347,0.0238627035268011
70348,0.045443526750316335
70349,0.0584017922869228
70350,0.07984011167109542
70351,0.3656354733563061
70352,0.023661721829438414
70353,0.022041336334134045
70354,0.0600277835902358
70355,0.3865500254758271
70356,0.15252534990191224
70357,0.02540868909892375
70358,0.054493945759139364
70359,0.061915753284908774
70360,0.02864245550445437
70361,0.02220594682080897
70362,0.0147977223230385
70363,0.042777831558905674
70364,0.011509121582941973
70365,0.10989988967278293
70366,0.024436272504621118
70367,0.04445089976627732
70368,0.0491090278019345
70369,0.026231417286757205
70370,0.03626477824246816
70371,0.037292483820741344
70372,0.04016853731563281
70373,0.1375065752786027
70374,0.017004759930674837
70375,0.07676415588569795
70376,0.08714147661504076
70377,0.035961884525091456
70378,0.03221388089168802
70379,0.10494043344275897
70380,0.024057819721516976
70381,0.10082519747347958
70382,0.10494633305890866
70383,0.09342506838957262
70384,0.5791958519377097
70385,0.026989534551569154
70386,0.013304327319722194
70387,0.3167380002318998
70388,0.022457263895646465
70389,0.10984173893105881
70390,0.028077440417393233
70391,0.058501521530877405
70392,0.07577057413523378
70393,0.13024233746281894
70394,0.058669822187023726
70395,0.07919985016273955
70396,0.15793149802824769
70397,0.029502299824081674
70398,0.05004206918122328
70399,0.021476343999281205
70400,0.05533648648081836
70401,0.038505291122420016
70402,0.10279940267981649
70403,0.018925761395639177
70404,0.151854854610228
70405,0.05871933681389241
70406,0.086337914811835
70407,0.06230042297450279
70408,0.044364575288678244
70409,0.032701735795926105
70410,0.052994039910815395
70411,0.04003237224830644
70412,0.029780940927357953
70413,0.01944098046573539
70414,0.078492904758826
70415,0.07785229878843233
70416,0.02658601140506129
70417,0.03727159299025034
70418,0.0208740273201862
70419,0.0634639647441988
70420,0.05120842490487435
70421,0.05408122431843283
70422,0.10481099630245413
70423,0.02903256086939063
70424,0.0713945758797511
70425,0.0576741678231922
70426,0.061485462299292054
70427,0.040056198171521055
70428,0.05349359533280583
70429,0.053696058002881415
70430,0.044681370277782795
70431,0.020482951358811157
70432,0.011426221804978638
70433,0.027499564782739738
70434,0.012315395516666508
70435,0.05441044160726808
70436,0.0380762550422299
70437,0.04641751673286537
70438,0.05685761515015806
70439,0.020988133416943312
70440,0.05214339137716455
70441,0.025444753878291385
70442,0.074584155215144
70443,0.05004547299213276
70444,0.06990272334715315
70445,0.018665639667760258
70446,0.06262734075471671
70447,0.05498830228092527
70448,0.03882175309097911
70449,0.03261993696304319
70450,0.04034890558402167
70451,0.019835112675934345
70452,0.1270041403853695
70453,0.014419261335214676
70454,0.06544533349543448
70455,0.05649681829877297
70456,0.12813633504849942
70457,0.056522628960924574
70458,0.014862637682110939
70459,0.015765798938802224
70460,0.018374976577794126
70461,0.01935349541723675
70462,0.14689808702736076
70463,0.015238420108231291
70464,0.018871092280845513
70465,0.03452770856896504
70466,0.037312341037131755
70467,0.07040696698271418
70468,0.03141545714438798
70469,0.046146485159531375
70470,0.02487810580861113
70471,0.061995641486987135
70472,0.02810869593889255
70473,0.010529789219243002
70474,0.15700198082294062
70475,0.038142491288110224
70476,0.05939547021699279
70477,0.05592651272857594
70478,0.14991387800775666
70479,0.025188135842933303
70480,0.05105295871453286
70481,0.04448103879548856
70482,0.07294411820522773
70483,0.25658516828243927
70484,0.09372508225865611
70485,0.042167352185781985
70486,0.07572023127427709
70487,0.029506431667294088
70488,0.12336342387690766
70489,0.05872340700377127
70490,0.08580052926168158
70491,0.03188260703332613
70492,0.03995417940387581
70493,0.02188300186188123
70494,0.09832510642351588
70495,0.0261484105618199
70496,0.05315549481601255
70497,0.05559594154237874
70498,0.10157149461145107
70499,0.09210693639166066
70500,0.5274062487943714
70501,0.035702182880621096
70502,0.07136271957108792
70503,0.19098093056874502
70504,0.043290149070627976
70505,0.03766461891691594
70506,0.032240223422300096
70507,0.015258845972076687
70508,0.014159526375321446
70509,0.27803760275665557
70510,0.2875635835908171
70511,0.04405890499163075
70512,0.017201113552153126
70513,0.010576202852966506
70514,0.08976163614949409
70515,0.13405425694527487
70516,0.03809616012801183
70517,0.03590734175135503
70518,0.0181665421532065
70519,0.017939363477286436
70520,0.0707359872643421
70521,0.055476969263443296
70522,0.05381663809342041
70523,0.03808854566632401
70524,0.07295172059617056
70525,0.19659295360222698
70526,0.03526095955948611
70527,0.036621015505034646
70528,0.24411646444432622
70529,0.06183573065084537
70530,0.07902439743833761
70531,0.0304842405688472
70532,0.15047830554207456
70533,0.025311027949274527
70534,0.06861279059620144
70535,0.05338900262944261
70536,0.07664799993803564
70537,0.10013568495024708
70538,0.06853294924036933
70539,0.04858555001526719
70540,0.11323670210491023
70541,0.03262809163061203
70542,0.0268527057168546
70543,0.044699125584654484
70544,0.0776861262609316
70545,0.028506487192579064
70546,0.08557965236100117
70547,0.099330372002733
70548,0.02013873043165303
70549,0.014322214434097133
70550,0.04266797608017659
70551,0.041712742111618614
70552,0.05725090663320219
70553,0.053245984803409314
70554,0.024943984202076698
70555,0.02245498786247289
70556,0.045631939077747756
70557,0.12315562861141521
70558,0.019283634052104315
70559,0.12446663390331239
70560,0.12049456543597312
70561,0.10110776361177094
70562,0.024927703246729715
70563,0.10861499879010403
70564,0.025764122499216193
70565,0.05043095478432495
70566,0.0578264559306226
70567,0.1235869494936847
70568,0.06826925674446692
70569,0.09032031901716045
70570,0.03524287266104432
70571,0.07093038433146556
70572,0.035020249908555914
70573,0.04568748890140476
70574,0.0700526333471046
70575,0.4029340338513387
70576,0.02187987944605495
70577,0.12111554484449447
70578,0.014883951550355013
70579,0.09427491712710856
70580,0.013928055869078543
70581,0.03836595134720891
70582,0.06959625225198214
70583,0.022286298604578484
70584,0.04686797883613299
70585,0.0405262540417408
70586,0.4155063247507569
70587,0.07708981995665123
70588,0.04459377285198387
70589,0.0317231657743261
70590,0.09931347433327342
70591,0.020063121942867038
70592,0.02858553017520271
70593,0.030335563627350147
70594,0.030535597770024903
70595,0.07993777933154496
70596,0.020396280453098735
70597,0.026737669423707394
70598,0.014440372357008267
70599,0.16384964114176814
70600,0.022995455050823187
70601,0.07474695579776222
70602,0.19524362788607877
70603,0.03934046736374318
70604,0.05487647490604888
70605,0.027060364304601785
70606,0.030670139359496383
70607,0.032640496780783027
70608,0.013331773647095077
70609,0.06548936881132152
70610,0.009431484713652866
70611,0.10871049752150731
70612,0.026800822866205592
70613,0.022586907190220308
70614,0.0582979912991366
70615,0.02014121483645792
70616,0.0346313522956426
70617,0.07155298666217826
70618,0.08444646894805441
70619,0.0531230730787224
70620,0.022015490898967892
70621,0.045543611105090406
70622,0.016649895485659018
70623,0.02665723792042422
70624,0.11367534821076294
70625,0.017137859979876
70626,0.013192259906339581
70627,0.13530127032671582
70628,0.056869236812328444
70629,0.015762061224978755
70630,0.09018067189731127
70631,0.2868487695501504
70632,0.20742003033939027
70633,0.018103989531509605
70634,0.018427151804628557
70635,0.03684971253869999
70636,0.012717650522384251
70637,0.08627834680013477
70638,0.025355017042009067
70639,0.07294379694525342
70640,0.07521491163148497
70641,0.054119476298043645
70642,0.029316088169074488
70643,0.03180911162956179
70644,0.07833410350619655
70645,0.08648991751043053
70646,0.05878758857281012
70647,0.027547501587678352
70648,0.1316662270659689
70649,0.1032462998546835
70650,0.06426507456077817
70651,0.09850844121183785
70652,0.020182595760981907
70653,0.03886215233034914
70654,0.09987639091730416
70655,0.05232356271389869
70656,0.03779771795414938
70657,0.07296920925692649
70658,0.019676616374053636
70659,0.03993324978127429
70660,0.04836455093422272
70661,0.05461031456396738
70662,0.03249893348847785
70663,0.020167836380048907
70664,0.02864511642439095
70665,0.02859677634634495
70666,0.04920742540891305
70667,0.05860837532115849
70668,0.05097205292229431
70669,0.03393783641514785
70670,0.029655081082148906
70671,0.20072562985477777
70672,0.0595025510159618
70673,0.026027179165151786
70674,0.04007148527657206
70675,0.12314005310823659
70676,0.08548458160327779
70677,0.03699344170367374
70678,0.030099984047228082
70679,0.06582598555336018
70680,0.04584175406305318
70681,0.024227032502757893
70682,0.043489495137446384
70683,0.04944126108997733
70684,0.18356425567503717
70685,0.048785441163167145
70686,0.04214177540883816
70687,0.04058779237174214
70688,0.014462239978928475
70689,0.03286031302731178
70690,0.08320690858508667
70691,0.07417612984185801
70692,0.03211193533103019
70693,0.06610184916868768
70694,0.013479043583355325
70695,0.027123431640310423
70696,0.09085683868309796
70697,0.025342082285860004
70698,0.018022583328631676
70699,0.014045745320367758
70700,0.019344357987206604
70701,0.057720248599786014
70702,0.031108813763108246
70703,0.022814482659068058
70704,0.057604443090645385
70705,0.25109954324128486
70706,0.02401360637375898
70707,0.012765257051380634
70708,0.22598993965093295
70709,0.02046536737187854
70710,0.07205138464605884
70711,0.01622397520199306
70712,0.03180646717755408
70713,0.013039731454182371
70714,0.019794658189197997
70715,0.019561774353158937
70716,0.022071487575816374
70717,0.017215195988124033
70718,0.02857581660118981
70719,0.06515814093988148
70720,0.10405121266371772
70721,0.13389974606160632
70722,0.0118540163767446
70723,0.03634919550415674
70724,0.02027031710421443
70725,0.03363418510222281
70726,0.010738671616657244
70727,0.029084588324859294
70728,0.05697668010050823
70729,0.021618599020244187
70730,0.07800545325037843
70731,0.015624602803852645
70732,0.014567941065067924
70733,0.11809381323482228
70734,0.14626394809924528
70735,0.03386151868106465
70736,0.2693383183209921
70737,0.07544961741319084
70738,0.06308852846025896
70739,0.02450876286654471
70740,0.026650516571170357
70741,0.12855167981497695
70742,0.07761885575320936
70743,0.035890038146068934
70744,0.036143375578916434
70745,0.014035848078629001
70746,0.030618997561603727
70747,0.04202154865219952
70748,0.04796103618348457
70749,0.048498411999025416
70750,0.08302390999914311
70751,0.1430226829059591
70752,0.13218682005582935
70753,0.2676142494998663
70754,0.10014025608451298
70755,0.019884686967566723
70756,0.06454767237518678
70757,0.074524574544172
70758,0.031673510575854075
70759,0.013600383637856388
70760,0.037145446524771565
70761,0.16759699883500567
70762,0.03988074153767637
70763,0.07964381202395626
70764,0.13149253446905504
70765,0.02594448428423731
70766,0.07402173063893713
70767,0.03656242169313742
70768,0.0151741117127403
70769,0.03585025964351171
70770,0.014430942368157866
70771,0.027607355433271388
70772,0.011533692910202835
70773,0.042375599255014766
70774,0.09961255074614248
70775,0.19720809096114666
70776,0.07171285245572592
70777,0.028235362165969544
70778,0.0903839999301255
70779,0.014568695274851
70780,0.11716245001540267
70781,0.015455282097401057
70782,0.044453673640509214
70783,0.029435844800069114
70784,0.02100799277652138
70785,0.08218570416172388
70786,0.07358429135183614
70787,0.06449293206052012
70788,0.46871543841195984
70789,0.16078475897602174
70790,0.19206646315857012
70791,0.016352787686410342
70792,0.05859816508423825
70793,0.07282380826751113
70794,0.03313696771579696
70795,0.17575535953388854
70796,0.02419464655034128
70797,0.016396865869443993
70798,0.020192220880031777
70799,0.06257305872472428
70800,0.01565404943004707
70801,0.1023925132349084
70802,0.11961381066225706
70803,0.012458450015210329
70804,0.01915094224854207
70805,0.03303461584629615
70806,0.022608569706504166
70807,0.03209775524089425
70808,0.028945750494358657
70809,0.019698329248008642
70810,0.0383733928315307
70811,0.10495335133929694
70812,0.01687380892661952
70813,0.041679699390149025
70814,0.011463269588416737
70815,0.04822249960250432
70816,0.0270528476599873
70817,0.015410844293014245
70818,0.021970124935223427
70819,0.017036398906113054
70820,0.035540077169140316
70821,0.016861462239929396
70822,0.025323356072830698
70823,0.023358096065861214
70824,0.01954532817268058
70825,0.020080028131205244
70826,0.028078830310260296
70827,0.01898256733953669
70828,0.21719538520496512
70829,0.016168361546647005
70830,0.09036719889737133
70831,0.21526534495871902
70832,0.32372346707431454
70833,0.19381570205779203
70834,0.11653072007360442
70835,0.04426630708579353
70836,0.025082796231525095
70837,0.07917774671685084
70838,0.13309420270565223
70839,0.08984899598024428
70840,0.1413450460638418
70841,0.016919426253050433
70842,0.018231905973472247
70843,0.24838654661908283
70844,0.10654925291174396
70845,0.009177003892249746
70846,0.04251475012277697
70847,0.06973454460176008
70848,0.09561173249655278
70849,0.0540300452413483
70850,0.03885415236942669
70851,0.034400357993759435
70852,0.04475954930651556
70853,0.10143181544277986
70854,0.03760706592193849
70855,0.03644271891900924
70856,0.050769708223837376
70857,0.10273810543240142
70858,0.05311875018934324
70859,0.05269112112955242
70860,0.03418292563611366
70861,0.08384327399725758
70862,0.031901767813858874
70863,0.11590031961799087
70864,0.07723470192483273
70865,0.023106529534691212
70866,0.029594121772235103
70867,0.03177845714229385
70868,0.023977852631699263
70869,0.01405726445542536
70870,0.045135541262887324
70871,0.15866469617533843
70872,0.03070937011100791
70873,0.05245895807422907
70874,0.10340177003102533
70875,0.017826947456749977
70876,0.026915442503592926
70877,0.07160817702214384
70878,0.05710957544800334
70879,0.08858517471928334
70880,0.050923753006368574
70881,0.024634322986589442
70882,0.03357285185502579
70883,0.1383699789622289
70884,0.02326578867383349
70885,0.021526627266062668
70886,0.08436406258039744
70887,0.011076696213619766
70888,0.09870064409005373
70889,0.06592671412607377
70890,0.053832335168785966
70891,0.05689777460099315
70892,0.08420719389793639
70893,0.03213310887871851
70894,0.06398182684561615
70895,0.06872478788247642
70896,0.021799563508893827
70897,0.012802109021352792
70898,0.05562328605380652
70899,0.02870998743007997
70900,0.034886617633755945
70901,0.22113587868870196
70902,0.06906380214275869
70903,0.017549567982657686
70904,0.0354799207002174
70905,0.07744210390895931
70906,0.0818058688911765
70907,0.1356568653341999
70908,0.34904844850580974
70909,0.055594248794017476
70910,0.03802451874087099
70911,0.07237474736776955
70912,0.2670120296034885
70913,0.016278605502851484
70914,0.08585003408850564
70915,0.03736742001901929
70916,0.03123490438583649
70917,0.03415433726010708
70918,0.017133775321419856
70919,0.00999774538661317
70920,0.05092691554870734
70921,0.11800793561583804
70922,0.046242091053493355
70923,0.041660692214003675
70924,0.06559798730816029
70925,0.013951023646311005
70926,0.08919047614451495
70927,0.03302599892783517
70928,0.12947703033347704
70929,0.04346377915210431
70930,0.04811358187953179
70931,0.012018711793272581
70932,0.02147160138462953
70933,0.0447997006969397
70934,0.03522810104417018
70935,0.35933487418053245
70936,0.019652470624378606
70937,0.05239103192901475
70938,0.09905222692753335
70939,0.011259183563605099
70940,0.02917657052961413
70941,0.04510617687133709
70942,0.07382601677797644
70943,0.03419779190278539
70944,0.09061835771500412
70945,0.023995935372909182
70946,0.21011514246062868
70947,0.23229923288464926
70948,0.02437102137650611
70949,0.10190120377294587
70950,0.043213584233745765
70951,0.030450094675606477
70952,0.08202224280143215
70953,0.03808940153796032
70954,0.05258727926868712
70955,0.07495258632095278
70956,0.06678846081665699
70957,0.3934547346266165
70958,0.03370051218847859
70959,0.03701431235584715
70960,0.15683864500737899
70961,0.06613578965822511
70962,0.4920272468597008
70963,0.3157638584012551
70964,0.016312044634896203
70965,0.0643384167633142
70966,0.042740912724641714
70967,0.11324313133531047
70968,0.06802188719065812
70969,0.05656467226458492
70970,0.09416345279070874
70971,0.28678269012452734
70972,0.1103151349701427
70973,0.20604283877761137
70974,0.027138363558161384
70975,0.024863820708474253
70976,0.06627088135146585
70977,0.2209006397671877
70978,0.08171961284670312
70979,0.21164936556174122
70980,0.01743134759059288
70981,0.040936655562240645
70982,0.06544664103288549
70983,0.05036438630020898
70984,0.0861544411081197
70985,0.07358169889663041
70986,0.12907420647405465
70987,0.054370862139011586
70988,0.24728891318046206
70989,0.20805388076107204
70990,0.017427745088807775
70991,0.1827363217963913
70992,0.2229736563753904
70993,0.6563881082488143
70994,0.056521614644744714
70995,0.01874886105371922
70996,0.06429280383969556
70997,0.021743978710525632
70998,0.047300114989294186
70999,0.2616030876905643
71000,0.06279460933301378
71001,0.09622816908715552
71002,0.03025926344654966
71003,0.0674386115817251
71004,0.23803917485303994
71005,0.008554340375623947
71006,0.12607379865247823
71007,0.2504867383040532
71008,0.046472542021658646
71009,0.02711858532932329
71010,0.059718025298524144
71011,0.020698493516099977
71012,0.023214254181022017
71013,0.11066038873992623
71014,0.08337379733045473
71015,0.03227279381971808
71016,0.022340212428027056
71017,0.07563519429541063
71018,0.0353432129032818
71019,0.02235595049697344
71020,0.08054450213628632
71021,0.104888042811426
71022,0.053016112340171666
71023,0.04392519988841255
71024,0.1123721570546594
71025,0.16062426730846088
71026,0.054470306356659996
71027,0.012215424065378427
71028,0.026707956237383743
71029,0.03084508750394599
71030,0.03570542870679349
71031,0.0529963245092243
71032,0.048669507262301806
71033,0.01720529488704084
71034,0.021884170977376043
71035,0.01539524009291309
71036,0.038889997554037645
71037,0.09254894145963553
71038,0.02178322414075719
71039,0.019829813179500982
71040,0.13503821954896505
71041,0.06136336289913842
71042,0.05637075998028451
71043,0.06263610248410072
71044,0.056877218261681045
71045,0.05731303797910158
71046,0.07701708465503893
71047,0.03303642021643812
71048,0.09603771737745127
71049,0.039981605866071426
71050,0.06815865411271824
71051,0.029894016095014547
71052,0.0710290639489812
71053,0.015155777764442192
71054,0.11128444127422091
71055,0.009047946200103843
71056,0.011715226306890706
71057,0.1292491318970886
71058,0.021577586297104837
71059,0.0882954674550031
71060,0.03682579782256635
71061,0.11548546443625209
71062,0.01779818941120048
71063,0.00979435813766768
71064,0.011058277988264515
71065,0.02484180388484056
71066,0.5057715245412612
71067,0.037582402020093254
71068,0.02997133848172497
71069,0.052749350852658854
71070,0.020295677450576997
71071,0.08139293270630943
71072,0.03169451936868266
71073,0.03002779578091474
71074,0.014231826002184225
71075,0.03213055078646429
71076,0.03814938518704272
71077,0.034181474568982156
71078,0.04616086349309284
71079,0.08526667463701741
71080,0.08502779636833854
71081,0.028617644784371066
71082,0.016302616795237448
71083,0.03210755939215831
71084,0.022358598932478768
71085,0.019011175693851814
71086,0.14381398048309774
71087,0.03494630939581421
71088,0.025308158784427423
71089,0.030134629374337578
71090,0.1141725090413308
71091,0.09312655751904654
71092,0.11520137170117584
71093,0.04520214776691571
71094,0.13325620675517727
71095,0.03223436236029727
71096,0.011480076012599566
71097,0.012945472032494838
71098,0.25770822614644473
71099,0.019312877748909118
71100,0.0268574943918242
71101,0.06746824037804582
71102,0.016435386813912007
71103,0.17252120676406346
71104,0.08915928732549054
71105,0.04890188985414299
71106,0.14056548964441695
71107,0.0329937441969298
71108,0.09034406529922909
71109,0.048909680206638724
71110,0.027475000278258714
71111,0.05418242087054003
71112,0.041887898974721186
71113,0.054583586388840755
71114,0.037333746871119296
71115,0.03817828245401383
71116,0.021586797408451635
71117,0.08537846479418064
71118,0.09782578820496082
71119,0.05590219392673747
71120,0.04027320379548329
71121,0.013501212751062575
71122,0.02757747392528847
71123,0.017351086049477105
71124,0.07895584255076857
71125,0.050648999503853494
71126,0.031020287655839102
71127,0.050794927600517265
71128,0.2006375352197377
71129,0.20667102316391933
71130,0.049461587568462306
71131,0.021391465964775223
71132,0.021979890549443083
71133,0.0191017157980714
71134,0.08632201562964895
71135,0.09224693828249943
71136,0.04718032894651258
71137,0.049085320875582775
71138,0.03115098755159574
71139,0.04327149203257734
71140,0.058484635789839534
71141,0.047478372267497966
71142,0.02167190524196306
71143,0.02526861830390975
71144,0.0352751786886367
71145,0.049788102444431145
71146,0.071833761962244
71147,0.02693614335408734
71148,0.10844984257169984
71149,0.03271941043215974
71150,0.12182559531305817
71151,0.10964841635064412
71152,0.03055462802057311
71153,0.016183872710353996
71154,0.08141076196588434
71155,0.05769451043242805
71156,0.07433672858995606
71157,0.009609693691793358
71158,0.019688314833966995
71159,0.0670388191280834
71160,0.05670672165879052
71161,0.1250028373209617
71162,0.25568344894514616
71163,0.04234224217030866
71164,0.14671753780627353
71165,0.015406129459610339
71166,0.10164992772829312
71167,0.02012768393048855
71168,0.027269713922068766
71169,0.024238829622232453
71170,0.06494649099333721
71171,0.07852044692033137
71172,0.03140601745124209
71173,0.029917649139202956
71174,0.05906576307717086
71175,0.03269405753633948
71176,0.16469906408834134
71177,0.08003002397916502
71178,0.04413454364721592
71179,0.1666424154523557
71180,0.037423719944595465
71181,0.06846939354658814
71182,0.12528836693227247
71183,0.2539154154400256
71184,0.04301740901086615
71185,0.05008806279264698
71186,0.01743895502341829
71187,0.0330458551644948
71188,0.07607794165497847
71189,0.060574147117858086
71190,0.04168013027637969
71191,0.07471517384987664
71192,0.021945760831337202
71193,0.07415494892510197
71194,0.18122630555627914
71195,0.011117770732973755
71196,0.06055041034306061
71197,0.09244731068025452
71198,0.017822819036474296
71199,0.04921728459952237
71200,0.012297856470671442
71201,0.0365354864222523
71202,0.05982858490624686
71203,0.012297962125238128
71204,0.09850180642677736
71205,0.05460310134243644
71206,0.13080414283628944
71207,0.17897035589265511
71208,0.146404093581798
71209,0.05855267376452823
71210,0.09509447684558234
71211,0.03420744337564098
71212,0.03327802186670743
71213,0.13221796086520782
71214,0.039595781389207586
71215,0.02378755620649644
71216,0.02235560213139337
71217,0.07287383956760811
71218,0.033754938159552376
71219,0.41587303904131057
71220,0.04369851608895871
71221,0.10520854480193528
71222,0.0811112013301298
71223,0.28295232595740616
71224,0.1298909988586398
71225,0.10200946048542338
71226,0.04217704370595274
71227,0.027375245637376883
71228,0.014940449305028185
71229,0.088407244269326
71230,0.01635507036898461
71231,0.014510691448647785
71232,0.09069239746951258
71233,0.07426931748478004
71234,0.09331709901481978
71235,0.07642906398730047
71236,0.13060123975764948
71237,0.06313938635648685
71238,0.2787451068914548
71239,0.0526744302402816
71240,0.05590837697425531
71241,0.030454746779366486
71242,0.015278763977159516
71243,0.07523461399237265
71244,0.07437978130271959
71245,0.0452463100200924
71246,0.12128626364630317
71247,0.11985345209115696
71248,0.08139988602514955
71249,0.029874561104363255
71250,0.035159808079711974
71251,0.0286269683927805
71252,0.038328847087215935
71253,0.029346222501516753
71254,0.02051881704152799
71255,0.015169988817908105
71256,0.07007953870952541
71257,0.05874840332203553
71258,0.0769313167160219
71259,0.053516346191662276
71260,0.038942268533764084
71261,0.07903656624186135
71262,0.05572299089165832
71263,0.04496830156918287
71264,0.042058301166065994
71265,0.07438929164289486
71266,0.03487690243335424
71267,0.01422638023696804
71268,0.26563302112556836
71269,0.05536153952259566
71270,0.0631121548491884
71271,0.04642509761621791
71272,0.04673977358397602
71273,0.12250788392195557
71274,0.01563727067558282
71275,0.016686030076599002
71276,0.35020025430988794
71277,0.0250682898956074
71278,0.02753835084531538
71279,0.026700092471188614
71280,0.10034327692762338
71281,0.008103941390798324
71282,0.026902535827904493
71283,0.13703507751124716
71284,0.07241841545670152
71285,0.017196237325364523
71286,0.07121883908185969
71287,0.06873099334791546
71288,0.20987275147383352
71289,0.04625767228548705
71290,0.02615776015395918
71291,0.013044763799706465
71292,0.030943996069665018
71293,0.06701303179876313
71294,0.030915644341298874
71295,0.2920045300619638
71296,0.0218945748568454
71297,0.29223338761782414
71298,0.34914639367982725
71299,0.04280608447483313
71300,0.04999817702746753
71301,0.1434144000404851
71302,0.01817451104700985
71303,0.09909368869130097
71304,0.01603317592605577
71305,0.04366915224704808
71306,0.03227575784686223
71307,0.038383852690671426
71308,0.015737131928973948
71309,0.03285963525806533
71310,0.024093832314272597
71311,0.011494938143155838
71312,0.022104556362085033
71313,0.1299104864867234
71314,0.13648648170499494
71315,0.1130085527883891
71316,0.04582749462767812
71317,0.03885126045583803
71318,0.022244536166230837
71319,0.04080883668733881
71320,0.020404124719829365
71321,0.1744835903138809
71322,0.12290833641415543
71323,0.27585082764248536
71324,0.015215306183271887
71325,0.05552558074459067
71326,0.07951433943560074
71327,0.01718045897579152
71328,0.10386589866325906
71329,0.021773207983076043
71330,0.03419305142351736
71331,0.03845463684873044
71332,0.05446797739184843
71333,0.25557700761607616
71334,0.017202944804518106
71335,0.08518279977241175
71336,0.6517499953514413
71337,0.04081660218118059
71338,0.053385273919148234
71339,0.04801236228853151
71340,0.05156988950078462
71341,0.03392380977697749
71342,0.02892046242945345
71343,0.016933701269653937
71344,0.0469601999584239
71345,0.03386794250700646
71346,0.015573463636472822
71347,0.13577330251955125
71348,0.04012400600600499
71349,0.014886739351326856
71350,0.09750314583359343
71351,0.04104030135708484
71352,0.08629398720077465
71353,0.06952729524939583
71354,0.10152267911218171
71355,0.03297590005408515
71356,0.04841417064069727
71357,0.07806133408298974
71358,0.0459495484262995
71359,0.1279988546831217
71360,0.12661846637700375
71361,0.05853746608148502
71362,0.03648774480397041
71363,0.020514436090342734
71364,0.12780268500701036
71365,0.022294691915716494
71366,0.04894043044038485
71367,0.1918199244788138
71368,0.04728088742089826
71369,0.08045900710428332
71370,0.04167280488428939
71371,0.10224952473110416
71372,0.10327793076278102
71373,0.013895964797243992
71374,0.019753147082317256
71375,0.03660170528968714
71376,0.05035628524816007
71377,0.09935153991417164
71378,0.1170141436437623
71379,0.05148144653212994
71380,0.02548730862881953
71381,0.042101339265544546
71382,0.012672959320287957
71383,0.021195314004525997
71384,0.04845833372184881
71385,0.02674093029867737
71386,0.011870370400082136
71387,0.07250960850249573
71388,0.024333705621128174
71389,0.030089817529083237
71390,0.008554449506145406
71391,0.2609451474156036
71392,0.0277166116830431
71393,0.025028507783029945
71394,0.040308214971841436
71395,0.03320496555016965
71396,0.060300495348730276
71397,0.07548315419148605
71398,0.027400653882801752
71399,0.03320841748514362
71400,0.08705464695510526
71401,0.0410607829773333
71402,0.14608484619087722
71403,0.03382195337961504
71404,0.08825798689839784
71405,0.04823450932371832
71406,0.0153403703666999
71407,0.06860657746059005
71408,0.051168001518426355
71409,0.16480165288653634
71410,0.05206956816064113
71411,0.0174560518795207
71412,0.030297516989738392
71413,0.053680286863968016
71414,0.08459092469134848
71415,0.08924562957134884
71416,0.018507109359648544
71417,0.04522931432675657
71418,0.07975045037762098
71419,0.06592021037742019
71420,0.05615017398606081
71421,0.9698279034497942
71422,0.04679925305240524
71423,0.014005953732048135
71424,0.023443086117560928
71425,0.009393278268314797
71426,0.06254931416037621
71427,0.01851162635480536
71428,0.046513394586645614
71429,0.20904334928892368
71430,0.03188767443711432
71431,0.13944302156101673
71432,0.03526724362130525
71433,0.08919064840069417
71434,0.051786855578131265
71435,0.03490088715371691
71436,0.10187110216131585
71437,0.2055465006559184
71438,0.03038891234089432
71439,0.01719113596279499
71440,0.03463810041714132
71441,0.039336708449744844
71442,0.0457037283578593
71443,0.029054913045736246
71444,0.05181179345478772
71445,0.14785657008024483
71446,0.04755368757174421
71447,0.02846641822780266
71448,0.0225868620170954
71449,0.07026428020800567
71450,0.06953335239353645
71451,0.05126410803622444
71452,0.024392664859587816
71453,0.014067335443612005
71454,0.048504297076457745
71455,0.023526999477226154
71456,0.02342011536010933
71457,0.2911648742795766
71458,0.037308732920707285
71459,0.057028373031356126
71460,0.022290651171925618
71461,0.03200835974892934
71462,0.011810752239156954
71463,0.1629468069141119
71464,0.013421111257861072
71465,0.03757184368360967
71466,0.09068404203817232
71467,0.02125892672831743
71468,0.054994660796406275
71469,0.03531868405477814
71470,0.1635121287914345
71471,0.053710975337583296
71472,0.038813789654475565
71473,0.042477179711953944
71474,0.0791820194172139
71475,0.026218487634156677
71476,0.07278667880425993
71477,0.021632717330138586
71478,0.02749551242000289
71479,0.025687401723569085
71480,0.035067725072809544
71481,0.13648643216389408
71482,0.07975150797267232
71483,0.15316483462414537
71484,0.014300305977041117
71485,0.01602432210447933
71486,0.047689373739270735
71487,0.0714217595437962
71488,0.04449736473277831
71489,0.02033742774231405
71490,0.04560386412595908
71491,0.04917949837488615
71492,0.029767414972247705
71493,0.06088687369296883
71494,0.053898591260089446
71495,0.04829858842284329
71496,0.015603387125821301
71497,0.06473710236593148
71498,0.06367753914259458
71499,0.024404777720943724
71500,0.08894822949005232
71501,0.0575937343564283
71502,0.04610434074450831
71503,0.05765302182828158
71504,0.030950140325206314
71505,0.18750411791588575
71506,0.010199334473375274
71507,0.027876567150592342
71508,0.07387842007928865
71509,0.1161425290318963
71510,0.02187854437133905
71511,0.027735658404669676
71512,0.05089809402540176
71513,0.12881748824364905
71514,0.023861347269561663
71515,0.02360736487266454
71516,0.04565210655969834
71517,0.014371574764847671
71518,0.04902121931726153
71519,0.029544357438018892
71520,0.03378485427750562
71521,0.3008770324980522
71522,0.03291608304941251
71523,0.015195105282469114
71524,0.022813878598481104
71525,0.010680132368171264
71526,0.014232504346829036
71527,0.07910817830169299
71528,0.05277423650804183
71529,0.020226537517600764
71530,0.025310332816860515
71531,0.015504870531436128
71532,0.0286167831700899
71533,0.016455305881798124
71534,0.059400519096688656
71535,0.08784926956017766
71536,0.01903638245857926
71537,0.015325244851771063
71538,0.16917860260354478
71539,0.08263936667776123
71540,0.04382022398784249
71541,0.024975448005124995
71542,0.04336778598502862
71543,0.018672981917224142
71544,0.42549985626227127
71545,0.16127893619830158
71546,0.15806857599749197
71547,0.04277758616478457
71548,0.01734293971541863
71549,0.015071536380074833
71550,0.05901791428274268
71551,0.0511287172712531
71552,0.025101836311453202
71553,0.09379658221728725
71554,0.031338613407629015
71555,0.06482366611545652
71556,0.03708844891767196
71557,0.03967335568829848
71558,0.02196411912706295
71559,0.032852157747005714
71560,0.20250603533988662
71561,0.07510257045634958
71562,0.01539181021373618
71563,0.15248276413556286
71564,0.30697793089105846
71565,0.12371343662047653
71566,0.010939917317656818
71567,0.11060934253152095
71568,0.027189681793961584
71569,0.03684838190249765
71570,0.05645471383297235
71571,0.046730933788363696
71572,0.14241997704690312
71573,0.04123418352282348
71574,0.18641282609895726
71575,0.06851863415774054
71576,0.0702420758688172
71577,0.13039726824046133
71578,0.013782859778360235
71579,0.02146428998281805
71580,0.12071980973077062
71581,0.02193325384270888
71582,0.06964708631414737
71583,0.08071738426678399
71584,0.09496642412140892
71585,0.01823281154952666
71586,0.046111958939913364
71587,0.09196870979756093
71588,0.03763350132872462
71589,0.0473891535068796
71590,0.025985086478209296
71591,0.05102109459865374
71592,0.03360643758718442
71593,0.08569042215239794
71594,0.025028359462869885
71595,0.10683449696307795
71596,0.08737536030608653
71597,0.14379148784785292
71598,0.0072091704064860575
71599,0.11383615862985268
71600,0.03149771742586377
71601,0.11894448179562091
71602,0.013102538686112861
71603,0.16770548317946746
71604,0.01434447828271919
71605,0.11651068571993115
71606,0.0865063702866081
71607,0.03365325335557993
71608,0.10881620601596514
71609,0.07439043506186649
71610,0.06985474002965127
71611,0.017405216077818367
71612,0.018276916635762648
71613,0.017739845096416813
71614,0.013947253400589518
71615,0.03343530385141805
71616,0.03265600225821444
71617,0.051946433434189344
71618,0.0454230225702583
71619,0.04749088069197002
71620,0.03137078342166181
71621,0.04972116561770107
71622,0.03021892440124454
71623,0.1103406713721801
71624,0.037514591177549184
71625,0.00794931847403663
71626,0.126504289833865
71627,0.027996654748758384
71628,0.02977094995951914
71629,0.0690378124907571
71630,0.012087254516346681
71631,0.02537736148970951
71632,0.035284622717071557
71633,0.08815551607543631
71634,0.013757262650286152
71635,0.014165402439628312
71636,0.015589028096697075
71637,0.033556666957857494
71638,0.2316923682484761
71639,0.013071133912139096
71640,0.038828289770982446
71641,0.0654092842923085
71642,0.030208952289264637
71643,0.0205748573470367
71644,0.09820375664205487
71645,0.06557446125831995
71646,0.12707261294100242
71647,0.13705016756924684
71648,0.02360685822980727
71649,0.013756314789766504
71650,0.10243387812475194
71651,0.03295638696717401
71652,0.029918914424748116
71653,0.1031199637802998
71654,0.023566418276775927
71655,0.23685994843145383
71656,0.03799690116628533
71657,0.05194359323734683
71658,0.06996360073517506
71659,0.2138034022865828
71660,0.03672702435402357
71661,0.033396048740671855
71662,0.3067534032493038
71663,0.10071524413665292
71664,0.05798633615340475
71665,0.01673900459710904
71666,0.13314099963940623
71667,0.10572725278828626
71668,0.01218886892203077
71669,0.04183986117006287
71670,0.09692387897969992
71671,0.01464540173423606
71672,0.05303408168599697
71673,0.026326448165453493
71674,0.05981435723441922
71675,0.025736592499560562
71676,0.037547545768004495
71677,0.09159898502887158
71678,0.02984821544481408
71679,0.05319002757960052
71680,0.03549830241577521
71681,0.02656427959457192
71682,0.06563762323187586
71683,0.10708924850238799
71684,0.3921876382452434
71685,0.013989118938533064
71686,0.03813120602392013
71687,0.04778538357912029
71688,0.1401443679151418
71689,0.03607448594104058
71690,0.0237747816184432
71691,0.05894125835188441
71692,0.1404442286090089
71693,0.12151833562244305
71694,0.1221132465311938
71695,0.0425480220642223
71696,0.01843081540238076
71697,0.0287136169017181
71698,0.14883161139146056
71699,0.12308645551878632
71700,0.10096488224181976
71701,0.12200019404599818
71702,0.046402939571627895
71703,0.24944445473289978
71704,0.19601017763531636
71705,0.17933762134883793
71706,0.04153470555546602
71707,0.03819613039241765
71708,0.06759231054328069
71709,0.09023192185822884
71710,0.04680133097423361
71711,0.057252106345025276
71712,0.11637895551543523
71713,0.03595288751019148
71714,0.02092658006360631
71715,0.01685205045286992
71716,0.03379772116096518
71717,0.010068615579930825
71718,0.08283549262238757
71719,0.009802590102971387
71720,0.06562043675137307
71721,0.070669635647481
71722,0.030380186658439393
71723,0.06508292872512292
71724,0.10638013453052951
71725,0.012350026811764185
71726,0.04610252786920356
71727,0.03178415207828124
71728,0.05356471447328054
71729,0.04547815959276371
71730,0.02393481791196419
71731,0.018569749032872524
71732,0.05703155735731576
71733,0.01718673497272654
71734,0.06754017760511624
71735,0.10648198168363704
71736,0.41349602562699805
71737,0.04833041041162282
71738,0.07789987047059904
71739,0.0992957138454481
71740,0.030680093202613945
71741,0.030126887991780434
71742,0.019093453876698373
71743,0.07871235748836641
71744,0.054223041536968414
71745,0.06393370882359817
71746,0.04277385799896829
71747,0.2117788399276983
71748,0.03434761530263519
71749,0.18892129900330465
71750,0.029409574850949624
71751,0.06780936987440955
71752,0.10911103261780546
71753,0.03769170173780053
71754,0.04170618382107566
71755,0.08608977159886169
71756,0.016463089259376198
71757,0.17248024218637723
71758,0.045554566827560615
71759,0.04383384963594076
71760,0.019676911297390492
71761,0.02038810936553812
71762,0.04749628725854877
71763,0.03565091748839416
71764,0.07157448306109784
71765,0.033885900070865546
71766,0.047767835460474035
71767,0.021563606779143492
71768,0.15591454555529058
71769,0.01610513826271394
71770,0.19496850147216407
71771,0.043686186859424256
71772,0.036810902120287085
71773,0.012142262239752975
71774,0.011536307979716234
71775,0.03001649003203432
71776,0.06662131867625407
71777,0.08572086829005257
71778,0.014754882526050277
71779,0.04338422263703102
71780,0.024744153992990178
71781,0.010328038419994533
71782,0.03574176095815286
71783,0.12174215661062432
71784,0.08292380718967866
71785,0.046145677842747895
71786,0.05532010595082017
71787,0.05329479549763175
71788,0.11074757057509849
71789,0.030291962380939563
71790,0.04114382813302791
71791,0.024812372277507294
71792,0.019822914077624508
71793,0.03363336649817697
71794,0.01135410216686814
71795,0.35013702478111686
71796,0.10237968062120507
71797,0.019364648074974036
71798,0.016759409707819185
71799,0.030136115111691505
71800,0.03484635793015761
71801,0.043778399419595035
71802,0.19252469972551986
71803,0.058294122989117084
71804,0.019063223037279118
71805,0.0601992362142932
71806,0.018105816349251617
71807,0.20698824570520044
71808,0.07423528183786471
71809,0.02439216859496375
71810,0.010250932198880548
71811,0.4009029403388443
71812,0.031766960755715695
71813,0.02430134891761626
71814,0.06875449378740561
71815,0.036594495393956754
71816,0.14479637811594326
71817,0.049886678773708656
71818,0.10732228846731802
71819,0.03619118134501334
71820,0.02460498892595519
71821,0.03726234452468646
71822,0.021338302768739225
71823,0.05957961637786265
71824,0.17834339565035734
71825,0.10261291994317862
71826,0.01677325941632147
71827,0.11066837081060532
71828,0.014130868546534035
71829,0.022214930639967448
71830,0.0715933022625058
71831,0.09354104549465435
71832,0.05348177264995895
71833,0.029934689679385056
71834,0.015745094575904454
71835,0.09257797728106507
71836,0.04349214030046876
71837,0.05387073366723576
71838,0.014327157613415593
71839,0.11649575603651963
71840,0.031661192073389084
71841,0.07391198037753907
71842,0.047990389172775524
71843,0.16215160688468844
71844,0.08780035615917993
71845,0.01937732741408639
71846,0.10776062402643588
71847,0.024509499917655497
71848,0.0669513132272738
71849,0.03371610086726727
71850,0.04270689601931311
71851,0.0632360231960894
71852,0.047356584769434475
71853,0.01757498880552824
71854,0.01725104398156239
71855,0.0676393165699125
71856,0.03562071211502195
71857,0.15056561659021644
71858,0.010003034035112088
71859,0.012009390337617328
71860,0.18112985008175939
71861,0.015139279863390406
71862,0.112860124139945
71863,0.05823468639394499
71864,0.039687783615703014
71865,0.06664484256876191
71866,0.12469236981632434
71867,0.017331535569283955
71868,0.20423761728085546
71869,0.0376753778916364
71870,0.030265460919593423
71871,0.0846650677108772
71872,0.09019001502544727
71873,0.03394520622628919
71874,0.05737049864518476
71875,0.013651154067358076
71876,0.013472578464071827
71877,0.10828716459149632
71878,0.010122638085573
71879,0.0316087761037159
71880,0.028970451438433416
71881,0.5524787032900992
71882,0.032968234726217925
71883,0.022288983572551872
71884,0.03270674304930126
71885,0.014688261284774505
71886,0.02357055522595834
71887,0.1112850214717252
71888,0.15490682311517903
71889,0.08303765468339447
71890,0.12008241783869296
71891,0.3619642932706625
71892,0.027025057016642227
71893,0.11670772814335438
71894,0.21353132096976024
71895,0.014440935579422762
71896,0.03705447551953788
71897,0.08671587670188793
71898,0.05122738650390275
71899,0.03892603598746168
71900,0.20234956924483966
71901,0.028537565415400663
71902,0.04067539159868476
71903,0.039149765841449295
71904,0.09822559742853557
71905,0.032173893890352426
71906,0.03251629219366993
71907,0.028509496845012073
71908,0.10557154445420794
71909,0.01887258062658706
71910,0.07401562047923298
71911,0.026034807442476025
71912,0.02100419396621177
71913,0.1397240504770036
71914,0.13444698231139407
71915,0.03259915892157419
71916,0.02994355960513585
71917,0.21839491275829817
71918,0.20237251346191232
71919,0.08378486010092381
71920,0.3303409345327175
71921,0.08436824727755747
71922,0.010241428448288558
71923,0.016798744592011815
71924,0.1312994881162059
71925,0.06781262393215556
71926,0.03925568464267891
71927,0.02288523638509444
71928,0.06064822428069227
71929,0.19992246067519448
71930,0.04324499551588964
71931,0.02229504086076437
71932,0.030761614508056395
71933,0.04477378145281068
71934,0.032766827177757765
71935,0.07920083069582867
71936,0.10897568805004355
71937,0.055173050300750294
71938,0.030865301768385173
71939,0.05062219082814387
71940,0.018207950414544097
71941,0.02530804375590437
71942,0.035911575672290225
71943,0.03568231054451337
71944,0.3175442344576387
71945,0.167650435764367
71946,0.072232011386417
71947,0.021700098641342695
71948,0.17552162520825476
71949,0.058452107656468924
71950,0.05173781038042614
71951,0.07018030476457608
71952,0.11187924988604114
71953,0.03424213002549306
71954,0.010511506280777145
71955,0.05372034272884091
71956,0.04107597881772688
71957,0.03537625688786595
71958,0.030180913394549053
71959,0.04609521870933718
71960,0.14889806958570084
71961,0.031096715675822586
71962,0.02763845509739757
71963,0.009808974683479297
71964,0.028948449910362918
71965,0.0635035373503754
71966,0.07246990982942814
71967,0.03902491526016795
71968,0.021664516526939317
71969,0.12291050819944249
71970,0.020495287068137896
71971,0.024658746820958213
71972,0.09974836538942883
71973,0.18608556069221208
71974,0.1125813719582601
71975,0.06831621221441814
71976,0.06615849985842405
71977,0.07743157356581322
71978,0.020860855577993723
71979,0.024637360519384435
71980,0.03343386641354666
71981,0.04603126499452075
71982,0.2839256484888208
71983,0.1858926617732728
71984,0.08429825871770952
71985,0.04596044917732332
71986,0.16422580014331828
71987,0.037511900722610216
71988,0.07557026502275274
71989,0.010679430043148589
71990,0.05704123521616402
71991,0.10334683843449294
71992,0.24483855864970758
71993,0.026658521003112782
71994,0.01230964661690391
71995,0.14072284492134718
71996,0.028559631304843743
71997,0.025074806269033724
71998,0.050461279716590965
71999,0.015727728565126966
72000,0.010672889056677924
72001,0.04279653997293094
72002,0.06763252110521627
72003,0.020608636979116753
72004,0.03825553388674789
72005,0.07553075080396249
72006,0.011986249356278051
72007,0.5675339546462977
72008,0.0277133113987399
72009,0.18631595580799984
72010,0.02891876908603875
72011,0.03474801816537684
72012,0.040226814286010305
72013,0.041774305924380924
72014,0.052110375218495694
72015,0.12039987192130959
72016,0.020287933837731618
72017,0.2608243235394845
72018,0.03272234573996968
72019,0.33081957833041414
72020,0.22269913581929346
72021,0.12139432281458941
72022,0.02931302251369835
72023,0.01955285970778692
72024,0.024552085194300185
72025,0.032913230239300595
72026,0.022397586467714864
72027,0.0721764552425405
72028,0.008376949862333349
72029,0.13802532173018642
72030,0.027268717921163442
72031,0.09986916863589908
72032,0.012578147151954919
72033,0.1121446210687086
72034,0.04155546043686203
72035,0.032620406609285585
72036,0.017160304532651577
72037,0.07280051657028443
72038,0.045243516412162836
72039,0.042795614111611674
72040,0.26528266108005805
72041,0.19517573150949208
72042,0.042522086912359015
72043,0.03416601837994486
72044,0.025607612563158605
72045,0.011313663028348755
72046,0.012535242270955652
72047,0.13184219503383673
72048,0.08087612007472725
72049,0.02898789386495977
72050,0.1350635982553827
72051,0.039516038095319554
72052,0.020098276812514474
72053,0.02700353452583949
72054,0.03373184838978955
72055,0.11026371446303855
72056,0.08806696322891873
72057,0.1319500380221101
72058,0.03351023249130739
72059,0.06967577241830672
72060,0.04898648455913756
72061,0.20315157703941086
72062,0.03290784578035253
72063,0.03137435015245314
72064,0.025520729250292813
72065,0.08913384989531467
72066,0.03396489915987673
72067,0.13178294113256606
72068,0.013587542427543793
72069,0.026080843058845334
72070,0.1417536136007826
72071,0.1974415302378565
72072,0.02958903841763481
72073,0.18450451635995166
72074,0.10049283834334041
72075,0.046812376599692354
72076,0.014762795431076493
72077,0.009002809330017392
72078,0.09693191152403431
72079,0.07327187312786036
72080,0.3700548731385919
72081,0.06666253559115518
72082,0.024490831094490774
72083,0.033342389725212314
72084,0.044279622035914255
72085,0.02675326492325627
72086,0.07872998354332784
72087,0.012714173034350101
72088,0.04350548250135679
72089,0.07381731931730832
72090,0.025792493925439256
72091,0.029763901362008828
72092,0.02976478340214043
72093,0.10310703036328447
72094,0.03218842041855557
72095,0.15929543924661016
72096,0.014651703726676894
72097,0.016165358890518233
72098,0.04493351403904384
72099,0.03359723183695715
72100,0.036776157015609504
72101,0.10913322884498437
72102,0.07879582496671772
72103,0.0624455538727316
72104,0.03783052578462482
72105,0.014865107539866024
72106,0.0861682997021169
72107,0.1373396116160287
72108,0.030102258033157952
72109,0.057185895106187025
72110,0.011563388146882222
72111,0.046207222085985926
72112,0.06449383811898099
72113,0.0415983561203187
72114,0.05156499002633921
72115,0.08705411101016086
72116,0.1320881615569393
72117,0.023642700877220604
72118,0.020330573340443397
72119,0.015148583080103604
72120,0.01010617055679923
72121,0.01859017305014389
72122,0.04264455222692519
72123,0.013484120178843532
72124,0.011719122786893493
72125,0.05023805007238006
72126,0.10443939917672168
72127,0.016360604733855852
72128,0.0450600223274777
72129,0.011919264207226303
72130,0.036079644666968134
72131,0.008226314115580939
72132,0.06821684985891235
72133,0.04522266285978669
72134,0.03686241335805002
72135,0.025169413392622283
72136,0.021290002505189285
72137,0.02935388369132397
72138,0.03926093601437978
72139,0.023098079499672748
72140,0.0966050640214064
72141,0.017675843318836985
72142,0.0725566124297787
72143,0.019716543420263043
72144,0.015950950561486796
72145,0.0797293796740858
72146,0.02417971116912738
72147,0.06255757314109146
72148,0.024185600954704727
72149,0.07051020118499285
72150,0.03335432916459325
72151,0.021222741438087528
72152,0.1272211360764804
72153,0.06763998481980593
72154,0.2907412335751476
72155,0.02106271350404222
72156,0.15086227403631458
72157,0.13978212873789414
72158,0.02225552037340852
72159,0.04731087628784872
72160,0.023919410194386353
72161,0.048688890424797245
72162,0.04369048119118751
72163,0.06235004948948737
72164,0.030286458589188825
72165,0.2535104041596147
72166,0.053077202761880916
72167,0.17327047473353632
72168,0.031313565674042226
72169,0.1943761372186552
72170,0.05448561897052934
72171,0.09203136635531367
72172,0.017379943802378558
72173,0.013844888059983533
72174,0.05906038812508665
72175,0.029627453835108786
72176,0.0167570011470541
72177,0.1185456930347324
72178,0.14845461334811466
72179,0.02532645471808407
72180,0.08608758365797171
72181,0.027332102082866835
72182,0.04876056430280805
72183,0.11253787696891096
72184,0.016869714357805488
72185,0.06875020642344878
72186,0.09371670569558607
72187,0.1829349210204233
72188,0.028145728874407007
72189,0.03601815807080191
72190,0.08502152254795722
72191,0.028323743609180975
72192,0.3043944614596305
72193,0.016917193249275056
72194,0.0453483723525154
72195,0.021133230063720802
72196,0.007284654722594002
72197,0.06800297087133594
72198,0.335562396843595
72199,0.08382920629323949
72200,0.011336048661819578
72201,0.06285334848080291
72202,0.0714090783959451
72203,0.00898814429281147
72204,0.3251599692775221
72205,0.06258893683262474
72206,0.024891749634458168
72207,0.038542089666582645
72208,0.1067711566490854
72209,0.08464585726634839
72210,0.11676641378522118
72211,0.040298781994401504
72212,0.03831999273227339
72213,0.025617938390754148
72214,0.017082086749126188
72215,0.16549093903237228
72216,0.019434480266597158
72217,0.015429460156634184
72218,0.08234535736613248
72219,0.019665186046100333
72220,0.022998361128940034
72221,0.016849708737308636
72222,0.11358371449516706
72223,0.04330555445056383
72224,0.03986349523675401
72225,0.041882310143965235
72226,0.05519495414681306
72227,0.041940524617000194
72228,0.048510630151260656
72229,0.037383280625775984
72230,0.032366261155314095
72231,0.033861178687871314
72232,0.046298229732577086
72233,0.046121700258875284
72234,0.08661287633495186
72235,0.07400757528787757
72236,0.04047663363122474
72237,0.14486677114159974
72238,0.08035692258206709
72239,0.11472895788044948
72240,0.011734207619188855
72241,0.03609662727787283
72242,0.013218218115881392
72243,0.017656039494065627
72244,0.025066402357797883
72245,0.015525256483185562
72246,0.09014229165821358
72247,0.034648032332630425
72248,0.036063405197076764
72249,0.037175191276184814
72250,0.22860937420869307
72251,0.08049020832011426
72252,0.024142284654842572
72253,0.024766799200376916
72254,0.03479914395894064
72255,0.21055030142209333
72256,0.0712712185011319
72257,0.00929523168003644
72258,0.030928079592739136
72259,0.02891104496893211
72260,0.13199539841262767
72261,0.3506646743238603
72262,0.04740021462366791
72263,0.015137187672109493
72264,0.14564831550010574
72265,0.06329891171640553
72266,0.17800520786618917
72267,0.037880422638050304
72268,0.4171015537685506
72269,0.05825047144015797
72270,0.08041534601713195
72271,0.029958745287970375
72272,0.057419872586760116
72273,0.021421554652762066
72274,0.04422028509443801
72275,0.04274121574108015
72276,0.012100324776174792
72277,0.015113014306379987
72278,0.16072699277374736
72279,0.04867950803425839
72280,0.04496707659859589
72281,0.049138440569007444
72282,0.02217015859345714
72283,0.06376001350569241
72284,0.10671247382295163
72285,0.024409460652979238
72286,0.07845659974224928
72287,0.029491060377496964
72288,0.021761150646908076
72289,0.05049693497437674
72290,0.12762361689134025
72291,0.026599208066976122
72292,0.01014882485479705
72293,0.019384082833980888
72294,0.13734042738726526
72295,0.03303789863904284
72296,0.02479264398960596
72297,0.0495115962649685
72298,0.10019641779001046
72299,0.01932364054933957
72300,0.01922610011375983
72301,0.05364016743524544
72302,0.09762892503936617
72303,0.1645325072997888
72304,0.05698569518384931
72305,0.035439091932948745
72306,0.026068329497509327
72307,0.06875335921669105
72308,0.03300285572182945
72309,0.09145538559496319
72310,0.08654175141566355
72311,0.10815790453621098
72312,0.0264075913435028
72313,0.08534234182507981
72314,0.056855104689274294
72315,0.03523934141584765
72316,0.04194460949678759
72317,0.03033894707151426
72318,0.06078438077781596
72319,0.13612093632763103
72320,0.038062893115475685
72321,0.05296892127146353
72322,0.1665337110164712
72323,0.03870988459673644
72324,0.03889291644595888
72325,0.03884907467536329
72326,0.03866725460229599
72327,0.01598852820627583
72328,0.028058612728833005
72329,0.02854582748572142
72330,0.02305797482903366
72331,0.011176223281833438
72332,0.14288071556244142
72333,0.009907019874042819
72334,0.015619247041702469
72335,0.019246921280607825
72336,0.01598245199166712
72337,0.06253795150375123
72338,0.07583555545062079
72339,0.07188844383869591
72340,0.050441428392111555
72341,0.09452420255728436
72342,0.05377772393541995
72343,0.28929943967459065
72344,0.014253500743932364
72345,0.06510919679109325
72346,0.03430668136405443
72347,0.024982065619999147
72348,0.15061012474706886
72349,0.05400146587297142
72350,0.020051162757487345
72351,0.023397953765281834
72352,0.28870442213251646
72353,0.029428546874934267
72354,0.03431994454176873
72355,0.03476096271161412
72356,0.017497003305293496
72357,0.03353671076096877
72358,0.4360845419916208
72359,0.0550938647715567
72360,0.05094281479692438
72361,0.03149643301383114
72362,0.07200335107464413
72363,0.03221172251017213
72364,0.039025793893753755
72365,0.032833360474496455
72366,0.026580479016470693
72367,0.03354479376822549
72368,0.18983277890655198
72369,0.3318876123966451
72370,0.12091345038797663
72371,0.13151166960512917
72372,0.013529949889607689
72373,0.0941610649450764
72374,0.028924418152908676
72375,0.014479377298164226
72376,0.0659534199400523
72377,0.03958268074806938
72378,0.07617428132903936
72379,0.06775549085034904
72380,0.039276907604928385
72381,0.012057906075699586
72382,0.05891964193008313
72383,0.07311195269674867
72384,0.050640914697601604
72385,0.06913677900044629
72386,0.11378110253941234
72387,0.12475591135857511
72388,0.03153335092348053
72389,0.09847914814510915
72390,0.04201755796654135
72391,0.0855825572968891
72392,0.06282192500472293
72393,0.06242445755257628
72394,0.07807497775370875
72395,0.2591309933133461
72396,0.05769624405912973
72397,0.03820029130391589
72398,0.02383152782211709
72399,0.03937784498485754
72400,0.24303782201869334
72401,0.01332165797714944
72402,0.0431254186504118
72403,0.07981557370710674
72404,0.0651211159993807
72405,0.0985077368945212
72406,0.06850472834686173
72407,0.0981070815360002
72408,0.030385474184137562
72409,0.16205842696023032
72410,0.04086273852861284
72411,0.018755193218120622
72412,0.008170719947643403
72413,0.0645515163888206
72414,0.009799783829037028
72415,0.08821951543306591
72416,0.0448268987393943
72417,0.018112821248920215
72418,0.23131189529434099
72419,0.0891232758733131
72420,0.027579296767630643
72421,0.06112526988093578
72422,0.06957074760265079
72423,0.06435529430324521
72424,0.015334908691512038
72425,0.04805047512672616
72426,0.013536666260800665
72427,0.04699828351594173
72428,0.10791552437275564
72429,0.14757547496559642
72430,0.10504495642298246
72431,0.07189615179995867
72432,0.2537149881217897
72433,0.02534001425060171
72434,0.07943096797842282
72435,0.04060541716496745
72436,0.06199114656251227
72437,0.04541764540857156
72438,0.10079771986548504
72439,0.028447091836032504
72440,0.06669061382169601
72441,0.2467789586536175
72442,0.04522688614022987
72443,0.020449285233445975
72444,0.07687427604506424
72445,0.025316957549039346
72446,0.03786002144498837
72447,0.2344717794401452
72448,0.021044495195721803
72449,0.010920211178763305
72450,0.0677439774652743
72451,0.05000927680327538
72452,0.05302664966750738
72453,0.03813839933269556
72454,0.0287373341958503
72455,0.05021171202687179
72456,0.05353609248148667
72457,0.046913201162149976
72458,0.14951315754781286
72459,0.03536819277670353
72460,0.15956223395223607
72461,0.21039404957602947
72462,0.031622245892888055
72463,0.11022341360058507
72464,0.06543430624187677
72465,0.01167710156334863
72466,0.05546613725403726
72467,0.041654992335380094
72468,0.019085213173143514
72469,0.04271130466847136
72470,0.0462528117071342
72471,0.015247376927718664
72472,0.028271855982074726
72473,0.09238698370054328
72474,0.0693607188584614
72475,0.05807724224317193
72476,0.08649817452702749
72477,0.10280717376791254
72478,0.0545913811350872
72479,0.08191123014063176
72480,0.07386212498777901
72481,0.0804860230800124
72482,0.06969483618023035
72483,0.01659791378081494
72484,0.07553072839714277
72485,0.09555318563608332
72486,0.02999518242955186
72487,0.26103382193683866
72488,0.06764737689657227
72489,0.04886611374341153
72490,0.03352674834408386
72491,0.25104522980535765
72492,0.017095041401931216
72493,0.05837790646121701
72494,0.03468637742748486
72495,0.07239985033957835
72496,0.1201962525660505
72497,0.028679774882760772
72498,0.8937216668230026
72499,0.031280997865881496
72500,0.07963327918148175
72501,0.08037421144152013
72502,0.027935785591521857
72503,0.032040255008838676
72504,0.02888919782594465
72505,0.2685393614184186
72506,0.04709105977197779
72507,0.06585101689105599
72508,0.021007636678937062
72509,0.048064251489778644
72510,0.06314435081535215
72511,0.035497722870383976
72512,0.02802260065982763
72513,0.037406897553842716
72514,0.049083333896237036
72515,0.05444586052267235
72516,0.04864608609720542
72517,0.029641810092740084
72518,0.10954847155649672
72519,0.035202192293068715
72520,0.04398987241550645
72521,0.022802141126743027
72522,0.09999849573229863
72523,0.06201156518537709
72524,0.07468337322914889
72525,0.039912451415907914
72526,0.027250171897431962
72527,0.030870947519770542
72528,0.044818611566825414
72529,0.029056479861061992
72530,0.09612984996347772
72531,0.03382614248580762
72532,0.10403619876595321
72533,0.22804652415878773
72534,0.07395012490435841
72535,0.055371443132424814
72536,0.04396648017892338
72537,0.06985210324562116
72538,0.013536080765260007
72539,0.0714129173151079
72540,0.02650887476021408
72541,0.13132620951001484
72542,0.01773271688468358
72543,0.02100477034795873
72544,0.05769794056554954
72545,0.08319470361898929
72546,0.2955567721081356
72547,0.030690848662662612
72548,0.04643104376086316
72549,0.024700364737683982
72550,0.05009685373252649
72551,0.019515470645144545
72552,0.11521010543691562
72553,0.09048081599097249
72554,0.01668143370478284
72555,0.11741560479230202
72556,0.03289462626809171
72557,0.016107214376216625
72558,0.01593660267256847
72559,0.019745175960456666
72560,0.03124665982585422
72561,0.11647291631209732
72562,0.4550954764694859
72563,0.08316078450402552
72564,0.8967650839350567
72565,0.017276292708384548
72566,0.03388038434903904
72567,0.060507461669411663
72568,0.053838624845843064
72569,0.11150837591194286
72570,0.028733415404133315
72571,0.09288357510582733
72572,0.014488080321662064
72573,0.07141419436036678
72574,0.06525132310617657
72575,0.011664557506557132
72576,0.021171541145485376
72577,0.07863268234755448
72578,0.09468458544634795
72579,0.3471378131465018
72580,0.10202329516816858
72581,0.013433803667680322
72582,0.3974979114040818
72583,0.043268742822636805
72584,0.103124273520106
72585,0.15099806442468536
72586,0.011811721613781145
72587,0.010889889993885626
72588,0.025386277998729313
72589,0.13055037786935803
72590,0.06546493816335197
72591,0.02396057019399049
72592,0.05394780633024254
72593,0.08979162807091882
72594,0.03256130365345774
72595,0.11521734758231249
72596,0.06184392784610232
72597,0.0230647153351684
72598,0.044956473296026964
72599,0.045407044757437134
72600,0.03738622534809331
72601,0.052138673206983795
72602,0.06533957593573185
72603,0.07859917875932745
72604,0.017830132565559098
72605,0.014396021358731314
72606,0.1539125146528866
72607,0.010852202188436771
72608,0.025133554926743563
72609,0.03690473412824338
72610,0.07487001384610445
72611,0.03319585353276284
72612,0.032815162760211215
72613,0.06834011819629217
72614,0.05550378073586005
72615,0.1238183534815827
72616,0.046604397874558494
72617,0.030209690507606177
72618,0.07991169200504852
72619,0.09625947998606531
72620,0.024379601004659343
72621,0.021964285207739444
72622,0.09462188980027672
72623,0.09246075586024251
72624,0.011135690519229179
72625,0.06418140640098208
72626,0.24364024410581217
72627,0.07053400666920528
72628,0.09337228433582347
72629,0.02418238274557396
72630,0.08314748938217717
72631,0.017679302971776098
72632,0.015162821799246773
72633,0.012777528787309419
72634,0.04364840434016461
72635,0.04607776410236994
72636,0.021624809476634588
72637,0.0430872921339165
72638,0.19329521085788484
72639,0.11282567321273594
72640,0.0445574876607157
72641,0.021546944118750452
72642,0.14309628259404814
72643,0.013548957409313675
72644,0.04953929854299857
72645,0.031601457004695785
72646,0.03046314494655057
72647,0.03297455722548709
72648,0.04394870062085836
72649,0.030748247525944544
72650,0.0375937053688441
72651,0.025134913989120176
72652,0.7744701353617092
72653,0.04064820147567779
72654,0.06450947988904851
72655,0.07251591545759133
72656,0.024808228724277813
72657,0.07966125273397685
72658,0.036366053394263576
72659,0.014923356735508198
72660,0.059393142895395046
72661,0.11047014827297771
72662,0.028177185299848247
72663,0.019694657035559247
72664,0.04823400017442819
72665,0.05383407529897966
72666,0.02752141452148346
72667,0.04169684608736133
72668,0.10092487466494174
72669,0.011990585949998214
72670,0.4535791582476413
72671,0.10443911395681676
72672,0.04857385269992691
72673,0.05050058853843318
72674,0.03204324177277516
72675,0.09657719654136049
72676,0.23377127182594576
72677,0.036275362625327455
72678,0.06649673235323994
72679,0.024509351451610154
72680,0.0919306427954332
72681,0.02125179150037789
72682,0.10997198827274463
72683,0.03374197601570128
72684,0.034910328143091134
72685,0.03666994642967031
72686,0.028107028446522977
72687,0.03641326961617132
72688,0.016949757672066197
72689,0.014659546046908781
72690,0.04291822239116351
72691,0.047735317677220016
72692,0.0634662545783454
72693,0.0626377829755446
72694,0.029440713563132572
72695,0.022289437915619284
72696,0.02467794066910979
72697,0.04523206758330772
72698,0.02570606211630566
72699,0.015770259899971575
72700,0.01542058575813255
72701,0.031314469134150105
72702,0.07513975079487467
72703,0.02681552350427191
72704,0.027507638121959697
72705,0.024272538756056984
72706,0.15201853113913297
72707,0.10862464669939158
72708,0.04472907052928965
72709,0.08322870908413754
72710,0.01946991993248026
72711,0.02680297389585875
72712,0.04787224230995655
72713,0.0782268578624873
72714,0.034637508737951184
72715,0.0647616471540386
72716,0.04408514438826169
72717,0.044126763585441126
72718,0.4270162166427137
72719,0.010616805793463604
72720,0.01875906973001137
72721,0.016124736756152787
72722,0.045540303679925696
72723,0.02009455633155451
72724,0.025542141356716706
72725,0.01130329465443621
72726,0.06179730235281475
72727,0.11348226526645379
72728,0.027520036106864154
72729,0.031433232408565936
72730,0.03543229987906279
72731,0.04241727976452088
72732,0.03267208656810477
72733,0.033571910908567065
72734,0.07288430347223913
72735,0.12726154422533092
72736,0.09778353636460897
72737,0.7500431650450997
72738,0.12155074028103639
72739,0.06362610941445453
72740,0.037020973167018856
72741,0.02690532895667138
72742,0.09484265229359112
72743,0.040633166740251796
72744,0.010069136326928069
72745,0.04532533828311166
72746,0.08720560036296303
72747,0.04753297854863755
72748,0.047495251779188785
72749,0.031186226946159617
72750,0.03099433273301859
72751,0.19176155580315907
72752,0.02805847416797705
72753,0.021328774831493612
72754,0.045170677034729614
72755,0.01823241919754777
72756,0.08665389978829714
72757,0.04355091319307298
72758,0.051667565531716454
72759,0.04621187033456132
72760,0.023365305148076422
72761,0.13192210332183393
72762,0.007650093290191122
72763,0.02273324248647176
72764,0.08630098978148712
72765,0.02538649622691644
72766,0.039668937097094424
72767,0.016117669892179023
72768,0.037982474355417725
72769,0.06890664068115708
72770,0.04286506215279246
72771,0.13756190950925487
72772,0.015563280740801832
72773,0.010935132909459584
72774,0.0309272090510522
72775,0.07818279555095868
72776,0.012121874672388268
72777,0.008951800995752766
72778,0.05823903463126351
72779,0.029012432556725695
72780,0.020132157407355994
72781,0.015175876328219484
72782,0.05754560416964451
72783,0.03446345244200923
72784,0.14584500141583534
72785,0.021953897427823908
72786,0.06572187923074677
72787,0.0323901249406885
72788,0.12251706086411907
72789,0.029106470274880628
72790,0.04759608451697077
72791,0.030788016983970615
72792,0.0363986154134876
72793,0.0450166483155267
72794,0.056449113051781366
72795,0.0398198989080653
72796,0.012422560173481008
72797,0.024483333032304835
72798,0.043449326777278995
72799,0.06835170760058346
72800,0.13558652391192652
72801,0.03078771018942345
72802,0.02224798429568537
72803,0.0201111628299346
72804,0.04184480170727939
72805,0.09322087793126896
72806,0.01048109056462437
72807,0.015089717982729187
72808,0.16678834112184504
72809,0.010472700314348342
72810,0.038539026813127916
72811,0.032581810948716074
72812,0.11213822263579332
72813,0.017716896094608765
72814,0.079191875154034
72815,0.14226395207685963
72816,0.032388125014564326
72817,0.0748347655513241
72818,0.07783544570805347
72819,0.014264592461649184
72820,0.6817802712125215
72821,0.03210277706410464
72822,0.015015337721138881
72823,0.11903628129922791
72824,0.020349541774383143
72825,0.04836439012934766
72826,0.021193114991402015
72827,0.047044252665481116
72828,0.02380330927477909
72829,0.13681528471769389
72830,0.02309777403923035
72831,0.019223982686705852
72832,0.13243633036867447
72833,0.022017846389860884
72834,0.036109489944034956
72835,0.06986737268336948
72836,0.09788639351543518
72837,0.02115876827472992
72838,0.017758756224662865
72839,0.008987492918617503
72840,0.10674972419592725
72841,0.03623399573787404
72842,0.018906674599472723
72843,0.06891351595868847
72844,0.0815564912818658
72845,0.14725851760441958
72846,0.017358379854573582
72847,0.0356404681014408
72848,0.123772014581636
72849,0.19325842476429514
72850,0.03182641121152351
72851,0.17837474797261602
72852,0.16036366661696408
72853,0.10063471672784743
72854,0.07012914379640814
72855,0.03722517864708873
72856,0.48242093457354973
72857,0.04414953392358471
72858,0.023289760108818353
72859,0.016937594815103006
72860,0.025946326404379202
72861,0.03589066305105812
72862,0.1501696193910096
72863,0.24127537212122646
72864,0.12178846514701584
72865,0.0691914008539599
72866,0.4951508916748371
72867,0.0332608853462463
72868,0.07357306589631644
72869,0.043443938332971097
72870,0.4350802812772852
72871,0.44263964290937696
72872,0.03675919188520348
72873,0.043180512726754015
72874,0.018286026720430136
72875,0.03843611375845251
72876,0.10724226539934431
72877,0.1201374397890422
72878,0.018746388589176124
72879,0.050865497854399956
72880,0.13017617767548953
72881,0.07991385901386062
72882,0.014789172663356815
72883,0.16392457497807914
72884,0.08844648441012917
72885,0.06908202649605219
72886,0.12902359346928044
72887,0.38178785647934155
72888,0.04817756270061793
72889,0.07699015838993511
72890,0.11930090615850023
72891,0.04475088675072264
72892,0.025029852283753644
72893,0.04716986733646048
72894,0.05148571759651353
72895,0.03974449534903332
72896,0.013154461553157613
72897,0.115895760306723
72898,0.046147625455067974
72899,0.63573296979331
72900,0.22990769911536935
72901,0.020870389290061776
72902,0.050725525874954554
72903,0.03663467736878994
72904,0.0134361301714464
72905,0.14515680336296008
72906,0.042439215925403145
72907,0.13123891252035152
72908,0.0437198790055649
72909,0.023583012635192434
72910,0.01702571054088272
72911,0.014833934699500218
72912,0.02325731373900606
72913,0.11423026868153244
72914,0.12137826436132125
72915,0.02928674993356788
72916,0.0386000644948743
72917,0.05689936704099871
72918,0.09051163501402386
72919,0.01405194945810844
72920,0.06798136083830099
72921,0.012377809880932022
72922,0.06784885749388708
72923,0.034281774987294726
72924,0.0498573133601394
72925,0.06947709066869626
72926,0.015735714264221344
72927,0.07396344847104691
72928,0.02391769046523337
72929,0.07177256983092509
72930,0.02023355426629919
72931,0.06017222506314886
72932,0.10601170135770763
72933,0.07936129904729125
72934,0.020224797129985088
72935,0.060221900377955086
72936,0.08194162849534525
72937,0.03696567870705763
72938,0.02304399614001678
72939,0.03814261587447644
72940,0.03823684406573561
72941,0.04205913208375715
72942,0.017586774521996345
72943,0.10257061595760243
72944,0.03920575088179619
72945,0.034098710571633925
72946,0.021157502843940176
72947,0.009432065375563969
72948,0.08534319995581238
72949,0.08831279789149224
72950,0.09995403178610224
72951,0.02207834705491662
72952,0.02822020126922001
72953,0.024865440511677668
72954,0.0157371798361707
72955,0.0253807890166751
72956,0.04133843317470296
72957,0.03923646898731685
72958,0.05264438204952995
72959,0.10924199584716868
72960,0.05766320842616862
72961,0.024890532538224465
72962,0.2548227989448931
72963,0.05688035587645864
72964,0.22161598410094113
72965,0.04227658900516587
72966,0.028806776779188126
72967,0.04571471328085772
72968,0.056916019593413775
72969,0.01691002774883082
72970,0.08444731197389618
72971,0.12487942515880235
72972,0.03496178011658009
72973,0.024817699053933023
72974,0.0943346154116242
72975,0.12952367391498187
72976,0.03506386663960326
72977,0.06438297835695755
72978,0.07277778554376908
72979,0.013744293427077415
72980,0.030811014350478793
72981,0.03759386009598866
72982,0.024461761896597017
72983,0.02748144418326718
72984,0.04680692922762554
72985,0.07110377285275334
72986,0.010113500075573996
72987,0.07034366714991536
72988,0.039146689091756615
72989,0.11439652353340182
72990,0.02325143132238609
72991,0.047549766602426165
72992,0.01468897064402471
72993,0.13219041638369633
72994,0.061902871299558224
72995,0.0490733498034813
72996,0.022962638254158205
72997,0.036126246619524516
72998,0.06979255294932528
72999,0.029698072434338574
73000,0.11299968423199788
73001,0.17679672161944557
73002,0.06732874070838608
73003,0.09441411151320875
73004,0.16816302685269482
73005,0.1988634256813049
73006,0.11737302896819962
73007,0.0611824007149978
73008,0.1641573845650258
73009,0.011055235603025947
73010,0.058262506252027
73011,0.02661564930356511
73012,0.10777937992605126
73013,0.03429635827755798
73014,0.06548481605725873
73015,0.04811988116148244
73016,0.05052003362833547
73017,0.04096704084719721
73018,0.18066530082997842
73019,0.03144931225405662
73020,0.019961316963753174
73021,0.1442430890122616
73022,0.03836493946255595
73023,0.25661826280000827
73024,0.04523177103395968
73025,0.10578851010322166
73026,0.047038075118222195
73027,0.029804566541419785
73028,0.14313216542513135
73029,0.15229808709350895
73030,0.103890422308638
73031,0.09010466794711258
73032,0.039040164108777
73033,0.045693199924121
73034,0.016464887893416217
73035,0.025904441640436204
73036,0.018339576394149827
73037,0.07430356290338724
73038,0.0772824545352194
73039,0.04014692743006426
73040,0.060926896577565
73041,0.02674933843264135
73042,0.20686421782818482
73043,0.008223681505357966
73044,0.023808284441254296
73045,0.021789010530670644
73046,0.02251793068738501
73047,0.11752480040533711
73048,0.04787550714727924
73049,0.03403503344403098
73050,0.09931334755496027
73051,0.04265053598218672
73052,0.06057280488165408
73053,0.04583616368458996
73054,0.09760863232166216
73055,0.424970599624504
73056,0.03636080263932566
73057,0.033844463840949066
73058,0.09642208974704057
73059,0.20819417872538076
73060,0.08473250059074824
73061,0.030903621078472165
73062,0.010787736424057117
73063,0.02367976351832203
73064,0.07626893362261647
73065,0.012685675403750145
73066,0.03757733125580176
73067,0.008614914403884165
73068,0.04621971315539451
73069,0.03390009027543177
73070,0.15290606504348736
73071,0.09876427560041501
73072,0.05744962104543766
73073,0.2828765079652549
73074,0.07411870103138937
73075,0.038604290893508704
73076,0.021947749417837704
73077,0.16205215903131792
73078,0.05339155587317147
73079,0.025051761857041117
73080,0.10094599053507149
73081,0.035576581461533294
73082,0.02810789209020554
73083,0.19242493966615504
73084,0.04839510579960556
73085,0.09377115177386688
73086,0.03380031305572336
73087,0.0198803043479298
73088,0.15590227094944573
73089,0.05038113614787194
73090,0.03353109784965108
73091,0.011496041829316508
73092,0.056468593760340316
73093,0.01890605711304267
73094,0.04914625427078534
73095,0.05776478739091964
73096,0.0755557517526378
73097,0.051499752861567036
73098,0.16671876935914814
73099,0.08300744216778064
73100,0.0751301217375132
73101,0.12453934072854486
73102,0.14343582438971686
73103,0.04776751987635579
73104,0.04060856469335087
73105,0.022934052479485243
73106,0.2194067434978403
73107,0.14650650133900872
73108,0.02941369321689457
73109,0.10668171911578517
73110,0.03649212512098168
73111,0.2568611308303679
73112,0.04236574630591717
73113,0.014399471309962202
73114,0.0118400257925937
73115,0.010959779696545914
73116,0.01951814090800002
73117,0.03470956066050335
73118,0.03263050384301057
73119,0.010358572202658244
73120,0.07852781334249855
73121,0.0656244022636919
73122,0.048020811298067456
73123,0.06097695074125074
73124,0.09016573904891066
73125,0.09393464366707291
73126,0.03227638868782047
73127,0.20410786784791812
73128,0.02677192452187271
73129,0.01394373218004828
73130,0.06085291111047142
73131,0.028473238112473247
73132,0.04136448144666173
73133,0.015847284182407217
73134,0.0688171704082239
73135,0.03874278653117913
73136,0.038564787712017434
73137,0.07379503944157445
73138,0.15004479852474178
73139,0.030554870239037867
73140,0.024676235888404348
73141,0.0355268475922544
73142,0.022942183176988207
73143,0.05361902457920091
73144,0.056227558162931575
73145,0.052057718502321354
73146,0.06768921691913041
73147,0.013237060836006453
73148,0.21565010845732044
73149,0.215239513643991
73150,0.033248809937955
73151,0.31512625351203793
73152,0.057556815595526015
73153,0.028173542707409346
73154,0.06975305757207856
73155,0.03622953348807296
73156,0.029514015098110077
73157,0.05727170208414929
73158,0.010535553879782677
73159,0.04538743152904089
73160,0.10181869427173916
73161,0.32810568529984613
73162,0.24247694938318345
73163,0.0760374923358054
73164,0.11681378944077188
73165,0.051272146700611455
73166,0.06298837827589204
73167,0.10940516943537061
73168,0.04741631158760409
73169,0.09768654167113096
73170,0.10747907592510625
73171,0.024360137689345064
73172,0.026547954867798894
73173,0.2826404116857884
73174,0.14813452933518034
73175,0.052599300098953444
73176,0.01762018782386645
73177,0.07338244791922556
73178,0.025361403991419694
73179,0.06292299460825279
73180,0.04239692422193984
73181,0.03346526847883026
73182,0.05666028790906887
73183,0.037261007311552505
73184,0.30651988873070024
73185,0.043315492332209715
73186,0.03183410729419822
73187,0.025271185140002712
73188,0.03485222130149035
73189,0.014563326214340453
73190,0.06976579318763773
73191,0.022608996690927016
73192,0.22741795637890824
73193,0.09403585793516073
73194,0.026975161876266945
73195,0.027244490589599015
73196,0.04615258693363399
73197,0.05941544973128144
73198,0.03166459788248739
73199,0.3911023647926602
73200,0.057734787933108156
73201,0.03451630862362197
73202,0.06537868079593967
73203,0.029595981165548624
73204,0.06931907180592141
73205,0.08062981736047357
73206,0.025495482759770247
73207,0.03888636253396672
73208,0.029552124173810274
73209,0.2096232518529112
73210,0.01737965281155957
73211,0.02991970142333047
73212,0.11158188905506042
73213,0.02312677787805103
73214,0.05487511471920791
73215,0.09566645377705565
73216,0.10346068381394724
73217,0.023225661553043026
73218,0.07129988510979662
73219,0.05170045444484114
73220,0.016750649989081025
73221,0.03379232915812225
73222,0.15482582335629613
73223,0.2647685371284874
73224,0.1105251212711452
73225,0.15734810720723644
73226,0.3392496306073706
73227,0.17092446922051727
73228,0.022759957451237336
73229,0.03746385922901878
73230,0.07751359206661143
73231,0.10609418333892116
73232,0.11699963914780728
73233,0.025979682784874166
73234,0.09506179663469332
73235,0.020993472813842062
73236,0.05305117631313524
73237,0.05338236310024001
73238,0.08880192949185961
73239,0.016654774059404055
73240,0.0398537082179258
73241,0.07511654599398813
73242,0.020139344922437873
73243,0.013105905694761374
73244,0.14714933453370682
73245,0.020100925963021068
73246,0.018724022323337523
73247,0.07582596114502085
73248,0.05444288068196146
73249,0.08091097209245068
73250,0.05761644536346744
73251,0.04457866829637143
73252,0.053138539993031884
73253,0.15811843222537114
73254,0.007950083744574224
73255,0.02064536189348295
73256,0.0477774387659008
73257,0.46549123473063325
73258,0.04654501021083533
73259,0.12859484226954176
73260,0.05468522365267072
73261,0.09265298932189703
73262,0.09075258171489547
73263,0.11431535391541923
73264,0.03572718401588417
73265,0.021313234512716613
73266,0.0418443170034008
73267,0.03396503739922368
73268,0.09769798404464532
73269,0.014844290197265422
73270,0.05828072597464834
73271,0.01383168634499997
73272,0.12067097872016841
73273,0.016880935156814658
73274,0.10037675548560292
73275,0.06283994250484072
73276,0.05249052075281094
73277,0.28600148059489716
73278,0.06881494937909696
73279,0.03981715061427275
73280,0.10991134058191157
73281,0.03799681069383886
73282,0.04111646225359499
73283,0.02174041506720565
73284,0.061146392713512646
73285,0.02808139516546501
73286,0.11044353952276326
73287,0.07625407302734773
73288,0.058118060216142825
73289,0.038094611874931475
73290,0.03898862666959567
73291,0.04899270289008079
73292,0.043897790131642495
73293,0.02647623125877574
73294,0.02961014852975322
73295,0.020090974905577784
73296,0.045179653045104004
73297,0.05085195174832802
73298,0.28796085234681323
73299,0.1669444681654717
73300,0.0902994545724684
73301,0.0767169495768477
73302,0.03314665573407923
73303,0.017052855016821345
73304,0.04527704164931471
73305,0.1709433773527026
73306,0.14172773000208244
73307,0.21663165730706913
73308,0.03608814171694486
73309,0.01625360713956119
73310,0.017381786419850637
73311,0.2537523228396863
73312,0.02269044795401054
73313,0.020508341630987255
73314,0.04707880431534678
73315,0.19308194119559496
73316,0.0355425744042182
73317,0.03199072033261839
73318,0.031418806222637784
73319,0.37169467196221456
73320,0.023073441868946484
73321,0.05172960799994539
73322,0.05043234864667124
73323,0.017119866200151757
73324,0.012627415882973982
73325,0.2174024136992438
73326,0.06755974125273176
73327,0.12887010334529964
73328,0.09890751189564648
73329,0.054815502605313426
73330,0.10181039664049912
73331,0.014149127978255011
73332,0.028201571244519767
73333,0.0741980385048907
73334,0.0857943024365014
73335,0.16934513245331975
73336,0.015002758673677452
73337,0.03379036231477542
73338,0.018242685039604387
73339,0.05163243077313539
73340,0.0876631422118583
73341,0.009113908619883407
73342,0.01854856280132265
73343,0.17900481280408775
73344,0.16643261542200766
73345,0.16860808522747014
73346,0.08558437633907173
73347,0.06936811414653335
73348,0.022013924984593442
73349,0.09814400264286394
73350,0.12844593421994202
73351,0.04467674504393393
73352,0.03365821722185494
73353,0.011721987761262594
73354,0.14855318510901133
73355,0.0584755305532766
73356,0.06721476467165033
73357,0.041825824306280304
73358,0.04432772663920871
73359,0.07407500603092909
73360,0.13797044665492508
73361,0.07166202145522121
73362,0.026302781272288685
73363,0.2370014154394575
73364,0.015589145604997127
73365,0.09077228938556155
73366,0.013724350397819718
73367,0.032530006671062955
73368,0.08145049185673019
73369,0.022277957575329004
73370,0.05639889913796992
73371,0.022254122374102295
73372,0.023276672167571684
73373,0.03140162949896115
73374,0.013991200052834319
73375,0.011903278462159364
73376,0.013002585405992433
73377,0.0225237533672046
73378,0.012387094342830529
73379,0.1782049058988247
73380,0.09033417367794676
73381,0.05071832883098998
73382,0.13252691030146313
73383,0.0766140263856237
73384,0.059146465868281
73385,0.05278766454822397
73386,0.11584428754296389
73387,0.047000455688039455
73388,0.05331920374163247
73389,0.09273111158548236
73390,0.04005771187324837
73391,0.03719998004388289
73392,0.03710529636870068
73393,0.07457535951680769
73394,0.03628022638025494
73395,0.03960488940931886
73396,0.03808089289357796
73397,0.025950005003827707
73398,0.03985672086676527
73399,0.05790772081624775
73400,0.021928344163387965
73401,0.027613113346293683
73402,0.11737469450387794
73403,0.039989834715012176
73404,0.022872467449884856
73405,0.03298288473527961
73406,0.14641553491364312
73407,0.056289388938476896
73408,0.014900295511480791
73409,0.02028693943699109
73410,0.010747109019137042
73411,0.06563736016835348
73412,0.054314868021096516
73413,0.03973384929446945
73414,0.04281104454692118
73415,0.03168023643532974
73416,0.06573552901984979
73417,0.027872345298267376
73418,0.02205298704678558
73419,0.05539429614841848
73420,0.08103987238078979
73421,0.04975538480969615
73422,0.07503482030303076
73423,0.020950121075010476
73424,0.03204389760434137
73425,0.02989657477645618
73426,0.02630535055555029
73427,0.09541420141355524
73428,0.01062181990007686
73429,0.1318131846475279
73430,0.21059519665529602
73431,0.0530618638285891
73432,0.01744494403462913
73433,0.04642574996551289
73434,0.057859770096102936
73435,0.06443866055657782
73436,0.022758070725074346
73437,0.2194044264659871
73438,0.010403297755858274
73439,0.0639622578094298
73440,0.02748278918755917
73441,0.031165682537527654
73442,0.013934462288421061
73443,0.053233534386899255
73444,0.04907155454653945
73445,0.029526098715285984
73446,0.030986134243796756
73447,0.03478312497285152
73448,0.024342456621016306
73449,0.07644031164440407
73450,0.0632376342324708
73451,0.02967698932980945
73452,0.045320642192627075
73453,0.012307465308854343
73454,0.1911390262603961
73455,0.027000159794228526
73456,0.15573745356130655
73457,0.05313158185543473
73458,0.2774232280050516
73459,0.036813858050519045
73460,0.02520596888944903
73461,0.031538709271141836
73462,0.0647796650999235
73463,0.13276123124070993
73464,0.03939307384936981
73465,0.1628387665616185
73466,0.04844471749368476
73467,0.040880578883178635
73468,0.07108007562610755
73469,0.05189834707256562
73470,0.02750248386237805
73471,0.040749599639743964
73472,0.019072593663167187
73473,0.11745263518281468
73474,0.03492311444795887
73475,0.1253777121789721
73476,0.07859560755944439
73477,0.08879804813223093
73478,0.05773494717272105
73479,0.05228473905128715
73480,0.037803892852566794
73481,0.027958637716612257
73482,0.029652063766026898
73483,0.03905694358784168
73484,0.0465110890306258
73485,0.04919092805598216
73486,0.09989253024609962
73487,0.007081515210899584
73488,0.06054749498844407
73489,0.08915262184752022
73490,0.17529183135407986
73491,0.06714159485572596
73492,0.06844987598500267
73493,0.028439947769244266
73494,0.17273423991696912
73495,0.010990378093017204
73496,0.02431263137013807
73497,0.15232728459124817
73498,0.03517165891143349
73499,0.019441673122602022
73500,0.012031661515848634
73501,0.06358761044115323
73502,0.018754276027813023
73503,0.05722252289774778
73504,0.03824236019733883
73505,0.05629616419619248
73506,0.024446772220457057
73507,0.03790185715284615
73508,0.024096345645825634
73509,0.04469119995936625
73510,0.1461119900181575
73511,0.02514626105895028
73512,0.10057053267322333
73513,0.012013292079408834
73514,0.12900437263766237
73515,0.024718586926430357
73516,0.1190221383720669
73517,0.040877201148328046
73518,0.029127299762755264
73519,0.02748271999248809
73520,0.035512998036425485
73521,0.0415358703992586
73522,0.06420536002615773
73523,0.05763436102022447
73524,0.08695934879806436
73525,0.04938430575613139
73526,0.09558194870595266
73527,0.043874199630865605
73528,0.016897356757816236
73529,0.05204092378072247
73530,0.08496853479810643
73531,0.01131195639196058
73532,0.05018943125113402
73533,0.1436415885618509
73534,0.0336423830545597
73535,0.04253265664620203
73536,0.011793386522642507
73537,0.04989571889684282
73538,0.1380648163885243
73539,0.37779812978745164
73540,0.04753614678500788
73541,0.06485055110992026
73542,0.03172419149364131
73543,0.05007968810986596
73544,0.05649264857981054
73545,0.044648600986908295
73546,0.09289273082000815
73547,0.03482533574738697
73548,0.06942764171311057
73549,0.11070629114907245
73550,0.1215206608711672
73551,0.25949999852298816
73552,0.10050931674006233
73553,0.034333679470574655
73554,0.04463388551867554
73555,0.2209693235334898
73556,0.02459065960263926
73557,0.09721856913546878
73558,0.13090599186414414
73559,0.05378378271978491
73560,0.062090251479963256
73561,0.18614299471029047
73562,0.02609445386701896
73563,0.06872636546896307
73564,0.047633724477895246
73565,0.041451953579736266
73566,0.019657835801433026
73567,0.0372160219250844
73568,0.05177169006608247
73569,0.05159011634139894
73570,0.06424709834862982
73571,0.11583458988045506
73572,0.1793436200230287
73573,0.19536673919436598
73574,0.060715634217261095
73575,0.016706411905353616
73576,0.04707348672519631
73577,0.05945583647065666
73578,0.02106010542351053
73579,0.015405652221353894
73580,0.011784253925207233
73581,0.05047280200778077
73582,0.04944563489756093
73583,0.012639689135383464
73584,0.01844562762756155
73585,0.021445136431293615
73586,0.04241136875839828
73587,0.061598482939065835
73588,0.011429591548675365
73589,0.04533699709283533
73590,0.37410542867358604
73591,0.059630787010081815
73592,0.04123007542324416
73593,0.020669815518484597
73594,0.03759403240502554
73595,0.03264300838547391
73596,0.05212071495692016
73597,0.09350058561705378
73598,0.01507731421040396
73599,0.04355868279551743
73600,0.05200921544597162
73601,0.03840052284163031
73602,0.0213622830063628
73603,0.31831773827468435
73604,0.1153889061890527
73605,0.014374587039319894
73606,0.16182402734181767
73607,0.029639929370218088
73608,0.055933495428577146
73609,0.17606052452310642
73610,0.030040538606683206
73611,0.05416802577801061
73612,0.028331672027952393
73613,0.11089097849001639
73614,0.07386763190228873
73615,0.023870846288840508
73616,0.04737766878005049
73617,0.05318850252678616
73618,0.1484247679369523
73619,0.03272594862482737
73620,0.042388527673717216
73621,0.014251843755024253
73622,0.020885527225457067
73623,0.043580360787281884
73624,0.012900814838112144
73625,0.019973702546401562
73626,0.018631331519918776
73627,0.1031404477562718
73628,0.1511334292828023
73629,0.03933901422747131
73630,0.03128744983876919
73631,0.04746774015726205
73632,0.019456860219007464
73633,0.05075040333333955
73634,0.054365548385311
73635,0.028495510417473245
73636,0.056825763465858506
73637,0.01844642921311113
73638,0.02969219096028395
73639,0.018772912064463645
73640,0.04056662241207162
73641,0.3086905085956646
73642,0.0349024505651599
73643,0.05511773311345018
73644,0.05579784478455112
73645,0.02888883397824474
73646,0.08534248921036998
73647,0.03891444276306325
73648,0.08566725896866677
73649,0.10979471492229068
73650,0.04276210089874675
73651,0.04849707788755119
73652,0.06940077303323763
73653,0.03271469375711758
73654,0.022987028331742602
73655,0.018264954683568608
73656,0.026786476736027614
73657,0.0746913333031336
73658,0.05844138687675994
73659,0.04605128304628169
73660,0.0580746295045167
73661,0.08944916767002117
73662,0.020031629114176816
73663,0.08967392232184665
73664,0.041620890533354785
73665,0.07810507310162614
73666,0.05571701139128098
73667,0.11437320799323386
73668,0.06415457805734164
73669,0.1032203719738509
73670,0.031185173874145412
73671,0.0485834244034821
73672,0.038491326649888656
73673,0.011947738497502667
73674,0.04102871335934524
73675,0.13861373449282377
73676,0.041345863257533526
73677,0.01121916586571442
73678,0.04969913673292007
73679,0.04022039301167925
73680,0.024034792122369066
73681,0.06141877949344467
73682,0.20298401548471498
73683,0.030357110327369548
73684,0.08932057116266548
73685,0.06228290126240795
73686,0.2074659631510185
73687,0.08435305028325465
73688,0.1732518692886836
73689,0.11225657991703678
73690,0.06349570503332484
73691,0.038394962259740234
73692,0.67855274118382
73693,0.044497000555728465
73694,0.08139380250709931
73695,0.08200668777414774
73696,0.01588868593855958
73697,0.02365856891706622
73698,0.0508910742118985
73699,0.1104225823347429
73700,0.05357918937523145
73701,0.12954042175227998
73702,0.08718402361893193
73703,0.06997170699666817
73704,0.15285357926817011
73705,0.05706391254159818
73706,0.06493741882276266
73707,0.028112917310834
73708,0.04195020243463557
73709,0.1421722332691829
73710,0.010502598998927394
73711,0.012789890226104519
73712,0.19214423550564336
73713,0.019062025345518395
73714,0.19212409434995903
73715,0.09892355360619434
73716,0.026178741505990956
73717,0.020013979443937627
73718,0.01460794915865017
73719,0.023050177409630043
73720,0.10381886253701861
73721,0.0708096482735827
73722,0.1401420289199832
73723,0.018395367854416502
73724,0.15433034925325068
73725,0.015265727961723622
73726,0.06165127351900037
73727,0.047749235038452124
73728,0.1116160514193078
73729,0.034416011175536554
73730,0.2652660242507602
73731,0.06074461366196588
73732,0.029070265023256416
73733,0.027744411910948657
73734,0.21003898569756796
73735,0.008717761931768486
73736,0.2638968193991471
73737,0.04023651391669947
73738,0.04094079143381979
73739,0.0330524032666549
73740,0.012791111654547297
73741,0.01466113092584954
73742,0.05240522356791156
73743,0.01602419396121822
73744,0.10466654709792414
73745,0.06350272066371239
73746,0.08592021624508192
73747,0.1348864644988415
73748,0.055077467684691156
73749,0.04476178091774286
73750,0.056516532083495996
73751,0.04946479843978403
73752,0.07455527114507511
73753,0.14845545923172052
73754,0.06469775025072219
73755,0.025780069379132055
73756,0.027958607310650627
73757,0.013565422590762455
73758,0.02973406527887408
73759,0.0620968990681509
73760,0.04943103135756705
73761,0.07463385487225244
73762,0.12921870136892236
73763,0.03372009400293789
73764,0.03597211886629713
73765,0.049223221546448995
73766,0.026798977985414727
73767,0.08093348476182086
73768,0.018340763455116326
73769,0.14684324761274017
73770,0.07852872719491263
73771,0.18951571905845202
73772,0.03322894127946238
73773,0.04329650438773475
73774,0.03451709899943069
73775,0.020839729741436046
73776,0.07213165959558465
73777,0.010694770085252235
73778,0.050652979414393125
73779,0.02645766783910477
73780,0.033897910899427036
73781,0.11589049429028851
73782,0.02908724035827031
73783,0.09625965503305557
73784,0.03385564944199571
73785,0.05125222501713341
73786,0.018020699035268473
73787,0.0790588429060786
73788,0.012916801745058054
73789,0.023507991986046767
73790,0.023795250578513595
73791,0.05222788211150338
73792,0.03825268096930401
73793,0.045089850184191094
73794,0.01891664526711676
73795,0.04605568254229553
73796,0.020082029593014264
73797,0.09896704114773364
73798,0.1227362708209856
73799,0.02292211338494663
73800,0.062295141262022374
73801,0.18979859706030575
73802,0.11808357984449175
73803,0.20628282929045103
73804,0.06318500127335182
73805,0.13704826304520035
73806,0.1008202339467459
73807,0.06361912282364626
73808,0.016183808619597166
73809,0.06075558522903998
73810,0.0296413112850157
73811,0.08116154331818888
73812,0.04465746496671483
73813,0.057044662669169036
73814,0.008887390371366438
73815,0.009317068348670908
73816,0.021162341397253117
73817,0.06973335003829577
73818,0.09185155293661068
73819,0.3224205914893016
73820,0.28553067360509404
73821,0.06076339807483928
73822,0.03259795218503369
73823,0.030423842290939113
73824,0.01789524869437051
73825,0.05140285203684174
73826,0.13924016409029089
73827,0.041573284679995715
73828,0.020705305127858002
73829,0.1185285368372816
73830,0.025957592218421744
73831,0.02005063731232374
73832,0.04570235789419674
73833,0.012962001537559506
73834,0.04090622552575118
73835,0.042053244708786616
73836,0.031200030173121094
73837,0.03135485559153253
73838,0.07640522109582566
73839,0.052337530606883634
73840,0.08779689868989275
73841,0.026518179844046287
73842,0.04054605965440906
73843,0.23385034579761033
73844,0.0930603834977172
73845,0.02021701177371172
73846,0.07053206360003589
73847,0.07203835620079817
73848,0.02178966778728522
73849,0.053391201817073825
73850,0.024390896356119244
73851,0.028468621111002398
73852,0.05987413452304363
73853,0.20170526110891154
73854,0.02462992352453901
73855,0.1641461611305947
73856,0.07574876208415561
73857,0.10343524148279203
73858,0.042788160031686694
73859,0.115785258548676
73860,0.021060259818502982
73861,0.013434895889121197
73862,0.05816298887471
73863,0.02394526088791487
73864,0.030128396269574326
73865,0.05162200428377214
73866,0.051063652419856165
73867,0.17091935314012124
73868,0.043252423181269144
73869,0.04263027607314077
73870,0.02424617712465267
73871,0.0158106469710696
73872,0.038145519262330355
73873,0.03716212201074849
73874,0.01683726055544341
73875,0.9032805045021786
73876,0.1843787355886532
73877,0.12833844043399104
73878,0.01187858070598818
73879,0.012866330495419076
73880,0.08305529438437993
73881,0.025764873372880977
73882,0.0772089980521303
73883,0.034783948188964374
73884,0.01975726982864559
73885,0.15571236800003263
73886,0.04840016788251484
73887,0.03877931806480882
73888,0.029106905398114648
73889,0.07636221745910851
73890,0.03078752448015605
73891,0.025426777276260627
73892,0.07714565441503911
73893,0.021375698772397412
73894,0.09297921589970037
73895,0.05552462649153829
73896,0.018349176489719628
73897,0.4970228230654612
73898,0.10586130715756997
73899,0.07668116582601942
73900,0.08749484660211579
73901,0.05231819485782952
73902,0.040573354367531296
73903,0.039608186637220745
73904,0.03031815292292261
73905,0.06483385267987815
73906,0.01801148014341827
73907,0.04880091331593663
73908,0.14547217964981785
73909,0.22320609659718707
73910,0.08369630294651921
73911,0.03126495373763357
73912,0.01686559497490062
73913,0.03294477567810522
73914,0.03085108677765943
73915,0.009059677913179649
73916,0.2983857774753313
73917,0.0582729314379222
73918,0.10501296710855881
73919,0.08839912741658813
73920,0.13200075974108844
73921,0.03240116238305334
73922,0.12047843501034602
73923,0.11151597486759286
73924,0.03860741622408048
73925,0.06577270358346149
73926,0.12604160109724621
73927,0.102289867893361
73928,0.08755324994950928
73929,0.01549465407958922
73930,0.015878102990670415
73931,0.10806808620048163
73932,0.1428683709093625
73933,0.08267836879538902
73934,0.11462609706988022
73935,0.011623013642346558
73936,0.05557158153858401
73937,0.04148040125743981
73938,0.022253233587416855
73939,0.029499923945587543
73940,0.01588166805970632
73941,0.01697352260475042
73942,0.022875420491356182
73943,0.021293403207663243
73944,0.03470514564567691
73945,0.032360601415932014
73946,0.04797506515920673
73947,0.033638691809639805
73948,0.042992446811464864
73949,0.11708484979474079
73950,0.055604788019236115
73951,0.07812789287558854
73952,0.07700005717997102
73953,0.03958548281038323
73954,0.011913648245079282
73955,0.023625662853261183
73956,0.03596358551824373
73957,0.04343979167263687
73958,0.014959471138393264
73959,0.018172524715661827
73960,0.13314065181586604
73961,0.043783276449011345
73962,0.4674831264134153
73963,0.04697076665913528
73964,0.014049449782593584
73965,0.27404063543357826
73966,0.07650310912479567
73967,0.0402240517890287
73968,0.012118355533106934
73969,0.04261620028750135
73970,0.07080234602859237
73971,0.06369445051215916
73972,0.017070500508982248
73973,0.45277487206483547
73974,0.07226383416294735
73975,0.04168159382489664
73976,0.07215057146027432
73977,0.028832991282089302
73978,0.056443256857725166
73979,0.019970970592751245
73980,0.03715252899272946
73981,0.09365897989142469
73982,0.031067260332600308
73983,0.08478111422010931
73984,0.15821485370600155
73985,0.0776404912295239
73986,0.0320042667916844
73987,0.030851568351929794
73988,0.029068159522545524
73989,0.08294363875490157
73990,0.03336327958397686
73991,0.07285921498779646
73992,0.05143056859016173
73993,0.03418056196249611
73994,0.0111750247675309
73995,0.08450806645114993
73996,0.027497791951647737
73997,0.05015353976056032
73998,0.07834907823652154
73999,0.037655481134054716
74000,0.03138001425950994
74001,0.3829239341126795
74002,0.29100440444355286
74003,0.015504274692495454
74004,0.05147724415561518
74005,0.04416403952702782
74006,0.07819930652416568
74007,0.0672854041731292
74008,0.045514602751766914
74009,0.030044151760295332
74010,0.012294221258419597
74011,0.029017820120091332
74012,0.01871397321692199
74013,0.039108623936875614
74014,0.03185310682699407
74015,0.11553216890300957
74016,0.027570406977376984
74017,0.0251796530729186
74018,0.08534069727769256
74019,0.02191386414201098
74020,0.09862143011303862
74021,0.1556616710911924
74022,0.02630096185805704
74023,0.028076448849007674
74024,0.07264891286386498
74025,0.024022271522811237
74026,0.08241820517394874
74027,0.0328920713555194
74028,0.1571869285811941
74029,0.05039365737748221
74030,0.05780464393997308
74031,0.07179768593534241
74032,0.02806513486107857
74033,0.19030110410005813
74034,0.10496058506658319
74035,0.024300288279798587
74036,0.018519760848761092
74037,0.05997134374788242
74038,0.1420482406970065
74039,0.20581683154826386
74040,0.082507037183914
74041,0.025062414967547648
74042,0.04173178635971458
74043,0.048577902441256024
74044,0.053922148988440256
74045,0.02239233678648864
74046,0.02258929522371138
74047,0.028306624142416602
74048,0.031350243103539545
74049,0.09539820238953685
74050,0.022256899364396912
74051,0.02173999804598646
74052,0.0355464119356884
74053,0.015772271293406703
74054,0.035779918919484156
74055,0.0781234111100911
74056,0.040920102048297095
74057,0.03751057190347623
74058,0.014536733522629013
74059,0.0679691572401567
74060,0.025761402327084133
74061,0.3325463221916436
74062,0.016470223894858825
74063,0.02657718361830106
74064,0.07719746594831278
74065,0.11243143744177131
74066,0.5818754166384023
74067,0.07928510504774622
74068,0.043472481973752676
74069,0.0815730919492784
74070,0.024324513296278022
74071,0.034697392269663785
74072,0.018071622559760036
74073,0.027150110589430364
74074,0.0126521434983404
74075,0.009871539212490127
74076,0.11618408952712983
74077,0.02059454542011205
74078,0.1327361369621234
74079,0.02571711143104332
74080,0.07653091143782499
74081,0.03666035910743253
74082,0.04539497572295863
74083,0.02490647320941828
74084,0.029158087718276063
74085,0.0732634044534626
74086,0.026850297527098575
74087,0.07618818776383983
74088,0.08432243039738713
74089,0.010749428617566439
74090,0.24907405159184987
74091,0.012732377852670586
74092,0.014113214017900211
74093,0.03768550089698319
74094,0.029629545867239333
74095,0.03553397508630018
74096,0.04351271479300617
74097,0.034389071831148754
74098,0.09275565286443962
74099,0.03564593990104789
74100,0.04871980822424895
74101,0.018269853087015273
74102,0.06570714355128507
74103,0.023899836875903184
74104,0.010868074749910007
74105,0.12086166722173468
74106,0.07806735131463585
74107,0.24920554418682717
74108,0.0806874444711046
74109,0.05185536257559898
74110,0.8804327306849775
74111,0.04559700998768356
74112,0.023702017509605114
74113,0.016436794849966477
74114,0.17750477831697106
74115,0.06711101494149567
74116,0.21462986703063303
74117,0.17314150811176218
74118,0.02599011537129562
74119,0.04745954428187456
74120,0.009916021661312249
74121,0.020213981744413013
74122,0.06375110937051269
74123,0.024301971741279675
74124,0.07186428685381265
74125,0.21001142463493838
74126,0.021912562836446037
74127,0.09774623325595001
74128,0.04575414461689112
74129,0.09339300780391123
74130,0.05717178708134661
74131,0.015978585230288757
74132,0.11346193734950405
74133,0.11106958671835034
74134,0.04906630311261438
74135,0.024130467567651342
74136,0.04615299506426766
74137,0.012244021361806513
74138,0.043350480764502146
74139,0.5651733191579904
74140,0.056200685264381184
74141,0.03376582747476663
74142,0.16637284512549147
74143,0.018073521546563935
74144,0.1516762836646858
74145,0.02839381764094041
74146,0.026279868469694496
74147,0.10031640580201842
74148,0.06002761612760946
74149,0.08974304897294463
74150,0.04555625738976071
74151,0.2085644206196326
74152,0.01977819801565444
74153,0.027898619898962654
74154,0.018484251812714035
74155,0.09064103111977029
74156,0.07694028316993738
74157,0.24937800898797285
74158,0.06770261115273589
74159,0.0837617669322514
74160,0.029693347274993828
74161,0.047709927928296036
74162,0.03958407209193642
74163,0.015666782512587026
74164,0.04129307071031617
74165,0.08116764490656651
74166,0.08095835719132138
74167,0.02818533348369318
74168,0.09121352458403564
74169,0.01288473698334398
74170,0.098907068238639
74171,0.03861009415167265
74172,0.024475915031403755
74173,0.04266732662340021
74174,0.016432146512805206
74175,0.05340117158789125
74176,0.017732576361854685
74177,0.07225007041198665
74178,0.02027440429209507
74179,0.01649468591632254
74180,0.0411666208054336
74181,0.04655172543657543
74182,0.09643526796789731
74183,0.12626741414043283
74184,0.011497211092879319
74185,0.17723225491894418
74186,0.03958424580752197
74187,0.06633127364968627
74188,0.06145505572991654
74189,0.20094995175567001
74190,0.014848586726409978
74191,0.03683835951025916
74192,0.02872521633304064
74193,0.03939684109709564
74194,0.016652981305153938
74195,0.07385542158388272
74196,0.020682998988749743
74197,0.02454136830766951
74198,0.05577113631274353
74199,0.04508219775087248
74200,0.08647671534532905
74201,0.03236629714278975
74202,0.0658654155809198
74203,0.05145535305251583
74204,0.13515821854417465
74205,0.06756606189837486
74206,0.032497722016398146
74207,0.057983602306470636
74208,0.044555907892826346
74209,0.07903232965562648
74210,0.010126053533407457
74211,0.01083637332073352
74212,0.02387361369963243
74213,0.07116571207135741
74214,0.017150376955089613
74215,0.07340066207769486
74216,0.028978678825730603
74217,0.024129124152812983
74218,0.05801108373311557
74219,0.04260047030399701
74220,0.13236793325746773
74221,0.3065358139118046
74222,0.06681825876235245
74223,0.032838897914242035
74224,0.06274292664633183
74225,0.028971910901625694
74226,0.11629540076388462
74227,0.03755217014086582
74228,0.04802118794148143
74229,0.01965650206366062
74230,0.011817914603371261
74231,0.014930364109949287
74232,0.06879226681033931
74233,0.07122394434111684
74234,0.0729361447371438
74235,0.13016207243809408
74236,0.05907330880281375
74237,0.031080639136315924
74238,0.10243450498713227
74239,0.020824865892601612
74240,0.06562089316684226
74241,0.024321115834074328
74242,0.02329546599855397
74243,0.031591780305453156
74244,0.014370964986868495
74245,0.06167328666114884
74246,0.052548788828040705
74247,0.03490680910326708
74248,0.10334733025044579
74249,0.16978202797299624
74250,0.03129634942435123
74251,0.03767188267422321
74252,0.05428594312892034
74253,0.1283337798107898
74254,0.35707701677547365
74255,0.024211682885885148
74256,0.020647334142112384
74257,0.04488140300397363
74258,0.04171285137641129
74259,0.04714408856062979
74260,0.012941396811519932
74261,0.04212677745387898
74262,0.022097516673901158
74263,0.06152775785313152
74264,0.018127803271436746
74265,0.10050509130475901
74266,0.057915513999144574
74267,0.032634329857045355
74268,0.07529902263103538
74269,0.07176965013992864
74270,0.09020716320155592
74271,0.02280423684838542
74272,0.08103905329486244
74273,0.06100838260588928
74274,0.06937267862122792
74275,0.02429342584947737
74276,0.02121760140443126
74277,0.03252794608817325
74278,0.05285804932213481
74279,0.035984239245418416
74280,0.13885568363527642
74281,0.052743489646374916
74282,0.08352218554305854
74283,0.07385696396247082
74284,0.045774068738088064
74285,0.18540854429020284
74286,0.13841476243658626
74287,0.01507288008740043
74288,0.01409833951466874
74289,0.04201702153804657
74290,0.12950776703621172
74291,0.028303157259113625
74292,0.05134951317728245
74293,0.04532330474868795
74294,0.23004547575272266
74295,0.06165372998584618
74296,0.06352804938926437
74297,0.03984296313940299
74298,0.02797489833614216
74299,0.02900427514947412
74300,0.3839469355059524
74301,0.12072947094461992
74302,0.0319366278654334
74303,0.06077695477445802
74304,0.03965790700292406
74305,0.08498698264114568
74306,0.016605508963701023
74307,0.08955427965611815
74308,0.027868632146080288
74309,0.07081653938043318
74310,0.05728922015588594
74311,0.14894244192681283
74312,0.05915552046563023
74313,0.019605934863846673
74314,0.01954292107393639
74315,0.11247679007025232
74316,0.022206488376395016
74317,0.059441432632330427
74318,0.024146785026795684
74319,0.07144591748586365
74320,0.010127730860471569
74321,0.011101466870319592
74322,0.08760234307670078
74323,0.01773620041110042
74324,0.039818109833733926
74325,0.008374966661497073
74326,0.022037803474366822
74327,0.030935811266743433
74328,0.07976878333757333
74329,0.02671876616664215
74330,0.049419639255336
74331,0.018747614862646395
74332,0.03296466168296421
74333,0.040420015105569314
74334,0.038461078995031865
74335,0.007755265763192964
74336,0.0374175555741668
74337,0.15175976343489922
74338,0.1487220230321471
74339,0.018071929868588688
74340,0.07723803114665038
74341,0.02482518897316919
74342,0.06451221970897765
74343,0.14393415824522832
74344,0.05349940375660253
74345,0.03480709352723543
74346,0.03707656193599316
74347,0.09747704297639545
74348,0.09792159011904847
74349,0.10859521813857648
74350,0.0701426517205066
74351,0.0852081394232577
74352,0.03855647163961113
74353,0.02128779444637726
74354,0.03649396270112205
74355,0.0406633603982981
74356,0.03900670917655741
74357,0.059778449316240226
74358,0.022403237645394855
74359,0.02551698261982839
74360,0.27607968136603506
74361,0.04914875077579248
74362,0.05196928175038015
74363,0.021151410399666337
74364,0.027411226718786146
74365,0.0102681790106544
74366,0.019174352154246618
74367,0.08299865058383626
74368,0.131831163556074
74369,0.21964555210443049
74370,0.012186741321549933
74371,0.02626434991435529
74372,0.009210274100829365
74373,0.057983135007309464
74374,0.03815597022111133
74375,0.08298872731963987
74376,0.019957949689294565
74377,0.015448886787224399
74378,0.010891655454269695
74379,0.0185190871986481
74380,0.18276979445181174
74381,0.18886111890514826
74382,0.043470950803397905
74383,0.04723136353831982
74384,0.01932319466439368
74385,0.02148376309568049
74386,0.08436651049993862
74387,0.04503860317864024
74388,0.052039645671137696
74389,0.16617838168184879
74390,0.06750624557934931
74391,0.10099640455221068
74392,0.18382472256808707
74393,0.07352796641743126
74394,0.07503605015027603
74395,0.013730630211342241
74396,0.0442422224642504
74397,0.025382785441556262
74398,0.2764316296651704
74399,0.032817921193831784
74400,0.1116532592315344
74401,0.06038667844843283
74402,0.013065540871211374
74403,0.015547604566223972
74404,0.03729407710608397
74405,0.0901274170793268
74406,0.024180021260467983
74407,0.03285053258267229
74408,0.051152889693792634
74409,0.13246710682982152
74410,0.039004819840863965
74411,0.0359004494637496
74412,0.024660879006206414
74413,0.07832561912048822
74414,0.03430763405616556
74415,0.04208781735916156
74416,0.02115376734928338
74417,0.07261339397764707
74418,0.07742093418541962
74419,0.023890604436245536
74420,0.019815292806400944
74421,0.031216589310792735
74422,0.12797451467431134
74423,0.09343260918580454
74424,0.017660399172013334
74425,0.07339590703707444
74426,0.06556058271360773
74427,0.019353324437215207
74428,0.06134234145146482
74429,0.0596270542837833
74430,0.20286088191701912
74431,0.10398131042833944
74432,0.047969515610423626
74433,0.013804777595566281
74434,0.4029113569616102
74435,0.01741632372462362
74436,0.36549704717103293
74437,0.0443346454185726
74438,0.08110431666428364
74439,0.050615242032451296
74440,0.3501557893096887
74441,0.05422689043867805
74442,0.06149952741569342
74443,0.04231805236404104
74444,0.015041964029314311
74445,0.1609717585053802
74446,0.048444039578027995
74447,0.015482396262764223
74448,0.13663487455108203
74449,0.035607828526634175
74450,0.05409833267388657
74451,0.04590155037220044
74452,0.06594575593422503
74453,0.024681593896745756
74454,0.026172346969236454
74455,0.044452108414713074
74456,0.09640066934875421
74457,0.06224158024987117
74458,0.04627110743905843
74459,0.12063518111639332
74460,0.01573830592145184
74461,0.26101391097254395
74462,0.20426739268706195
74463,0.01252329584488221
74464,0.0388025822870843
74465,0.055878792612942735
74466,0.7293079195412734
74467,0.01610855160144365
74468,0.01486206667534181
74469,0.044763611424635814
74470,0.10784513962314124
74471,0.0190820254741812
74472,0.05490910667503392
74473,0.0950369756201678
74474,0.011866028176387964
74475,0.015251081268834055
74476,0.06214755886398671
74477,0.06730286195867236
74478,0.017261947423928888
74479,0.20861481405957086
74480,0.12480085743500682
74481,0.018637181915297105
74482,0.18643875675407748
74483,0.1888675868573182
74484,0.0470888943529231
74485,0.03708507814752644
74486,0.17911933805541702
74487,0.033388277647760485
74488,0.036987805351955574
74489,0.03451436127852478
74490,0.021194944477640115
74491,0.049267869538050624
74492,0.05421319556918312
74493,0.07336327795775374
74494,0.022973997161954175
74495,0.022295626290230755
74496,0.06772488542539452
74497,0.061298769410951956
74498,0.39920222245177717
74499,0.044839143378859685
74500,0.07325413547320256
74501,0.02913085758692046
74502,0.02394261237398826
74503,0.06976068298088159
74504,0.1816830222683335
74505,0.05459782749536671
74506,0.010635352392091327
74507,0.0259975986116212
74508,0.030268711567304245
74509,0.09685082782227915
74510,0.05465991803150032
74511,0.08761874846268847
74512,0.04400756131193495
74513,0.06596306222834743
74514,0.06823421079511932
74515,0.03227591837011458
74516,0.1713742209202922
74517,0.11720657844443334
74518,0.03537553916742257
74519,0.017034659544018158
74520,0.05277329372461022
74521,0.220015756432551
74522,0.037053730038397195
74523,0.14106062905059694
74524,0.028610866202522456
74525,0.09504524139118393
74526,0.01207148493406952
74527,0.019280170187657635
74528,0.031854580895983996
74529,0.022514626706350963
74530,0.022219437901353903
74531,0.03027653709703529
74532,0.07097474000043938
74533,0.025607094263603962
74534,0.03381497980493438
74535,0.08212127463511021
74536,0.07285374800324104
74537,0.022571651531601976
74538,0.28598368653789974
74539,0.018802067660625116
74540,0.0758222723596908
74541,0.040024091281439446
74542,0.11748467804548127
74543,0.04615484065221925
74544,0.08462113999804999
74545,0.06621850679835709
74546,0.038025717646893234
74547,0.01359208406172992
74548,0.05980698001995526
74549,0.017343294923929775
74550,0.013790663014902435
74551,0.031764174459471634
74552,0.29305434083969817
74553,0.01180660203019859
74554,0.024915265121857433
74555,0.039280274081914604
74556,0.09172965983922246
74557,0.04995001127245243
74558,0.09696166301382728
74559,0.10271134738847072
74560,0.05063172843353095
74561,0.7313699103947822
74562,0.013897283658901534
74563,0.0916936801974454
74564,0.12391002408733597
74565,0.021703809547441638
74566,0.02472161917180923
74567,0.019604574071298547
74568,0.030792144839725283
74569,0.09136868146736707
74570,0.03281369235912654
74571,0.04070041102739863
74572,0.03004140698519824
74573,0.02368996117517999
74574,0.06398016319287744
74575,0.05185971791507321
74576,0.03506069893658815
74577,0.03316622967165096
74578,0.03049221552240203
74579,0.04106132831665517
74580,0.096807284913914
74581,0.02130036848833901
74582,0.02774804835622073
74583,0.07521145907955833
74584,0.04243136740312084
74585,0.044821107439709754
74586,0.07127251741590399
74587,0.021645752310749437
74588,0.07534566233599263
74589,0.1395131796548501
74590,0.13570063462091791
74591,0.03222557234713267
74592,0.05883460769144353
74593,0.04169272553251948
74594,0.1255500327988718
74595,0.14105911278842387
74596,0.915592021253343
74597,0.04876018079955021
74598,0.14035528156871713
74599,0.031532675524272184
74600,0.0300135305200057
74601,0.027834533209529336
74602,0.21587690158000405
74603,0.011707448044592481
74604,0.05424716275794837
74605,0.014400884265163168
74606,0.029948395797371352
74607,0.030289836138303498
74608,0.0423987441966312
74609,0.11210814439613362
74610,0.03733003944727462
74611,0.05677006660554004
74612,0.14498954924044266
74613,0.055789614485079235
74614,0.1034426326570077
74615,0.014398657116386864
74616,0.3240292115479356
74617,0.033577140495922614
74618,0.011030259655116488
74619,0.14496173536212822
74620,0.08198563925401131
74621,0.03405137946861812
74622,0.0205393320617942
74623,0.0283145864005818
74624,0.03891633710436526
74625,0.04285529975538832
74626,0.17577334684780593
74627,0.043152744863337505
74628,0.046110016693333145
74629,0.03374499816592986
74630,0.05167637981766921
74631,0.039682367283455755
74632,0.025454405352572484
74633,0.08084842719735612
74634,0.025770714493592622
74635,0.08567663814008683
74636,0.1494396423641392
74637,0.04407777392786084
74638,0.015266902718659898
74639,0.06308301744237076
74640,0.05556368846128024
74641,0.07054997927535589
74642,0.10216443676684972
74643,0.038366613100912994
74644,0.02912930892099931
74645,0.030570522044190848
74646,0.04978200639700546
74647,0.1091055787977877
74648,0.026287275631070403
74649,0.04212069805437954
74650,0.08963285669825148
74651,0.007359323254794258
74652,0.056455009830128446
74653,0.02177406244030508
74654,0.042333632386909945
74655,0.041702594749155886
74656,0.02984922926300583
74657,0.1832853894235119
74658,0.2524408661425864
74659,0.06389918163082316
74660,0.064258126809638
74661,0.01754736858633085
74662,0.014074798068444529
74663,0.01469172374209122
74664,0.01347138969214076
74665,0.04229470950753588
74666,0.03633647013871845
74667,0.03993377463334444
74668,0.024287535957811208
74669,0.030332385643427308
74670,0.09180628694637821
74671,0.1187491628737812
74672,0.08908990792028636
74673,0.02532177117545561
74674,0.03291163101198245
74675,0.07819385463473974
74676,0.3138604709302637
74677,0.22130867431758142
74678,0.03051079477094608
74679,0.062174720043509504
74680,0.05126007844665562
74681,0.09030770629594584
74682,0.07037360587951104
74683,0.10523627677366282
74684,0.03785967272858902
74685,0.05040779234449604
74686,0.08073239822816855
74687,0.16755701536708542
74688,0.08052105217583283
74689,0.1156797240640289
74690,0.18534285810851203
74691,0.03256441491441471
74692,0.03566928967659498
74693,0.037790831597542415
74694,0.05179698407576458
74695,0.07494544045160578
74696,0.02672292317678949
74697,0.019895546565209248
74698,0.10516421500705077
74699,0.007934647545072173
74700,0.06468208799872284
74701,0.1546812336804947
74702,0.011110747275154459
74703,0.08730154946994317
74704,0.013683038002350609
74705,0.07515251382140742
74706,0.14147523911955545
74707,0.2172484034478352
74708,0.019523605956611095
74709,0.12337219982774726
74710,0.02814419628335258
74711,0.035046605392313815
74712,0.01859713223834213
74713,0.14719426859572157
74714,0.035299734879389005
74715,0.02845957315693705
74716,0.10283931801640293
74717,0.01174289700487913
74718,0.3071555585561817
74719,0.03432913880282389
74720,0.030614292573661786
74721,0.05112430241702251
74722,0.044783517405207335
74723,0.014465835535832975
74724,0.10297148283959268
74725,0.19084696545558047
74726,0.03361261075012151
74727,0.024048159735542717
74728,0.08542057580593
74729,0.009574598329269525
74730,0.0547726228371067
74731,0.014783559161728358
74732,0.03965529838228513
74733,0.023248599051136583
74734,0.08208670280924832
74735,0.02033919573100417
74736,0.016936768045223018
74737,0.014051789340133113
74738,0.1836689202746017
74739,0.010209659290675004
74740,0.11006020985868788
74741,0.09813874994215438
74742,0.04018292254720402
74743,0.011606349107954815
74744,0.13182962483301913
74745,0.08992858776110935
74746,0.08306002117184608
74747,0.1785855395270514
74748,0.024284164837936988
74749,0.36805567603493505
74750,0.1269445081894535
74751,0.14645835093848894
74752,0.04116602099885198
74753,0.04877848733819862
74754,0.030465916631489308
74755,0.04279373490458921
74756,0.09242880268544124
74757,0.11355034329384867
74758,0.053971674245104295
74759,0.042054185906432506
74760,0.2984031822485364
74761,0.3102435470228084
74762,0.034315995497952737
74763,0.11379794340264074
74764,0.07055534637877776
74765,0.10310975867723512
74766,0.02541583009568396
74767,0.0317921934011159
74768,0.032505206393920086
74769,0.044286234921514636
74770,0.013332926895078367
74771,0.07904598913336246
74772,0.10113636301521034
74773,0.07504103627226966
74774,0.029511008516415145
74775,0.020694504774019233
74776,0.03820819255605304
74777,0.03984903772465075
74778,0.01669319260364345
74779,0.012082476677429843
74780,0.09326386571430643
74781,0.024847494656062917
74782,0.051828229209862374
74783,0.04374087618370169
74784,0.04099364596617465
74785,0.023475985438593402
74786,0.10444161878190376
74787,0.017543351641385728
74788,0.01834855923841345
74789,0.12261241055947225
74790,0.023605524650436076
74791,0.10203020309549814
74792,0.04322109748208361
74793,0.2048716000583765
74794,0.03566175063485648
74795,0.025133691537707482
74796,0.02980099608767791
74797,0.05244454489229807
74798,0.03559132793630909
74799,0.008457506935801346
74800,0.053163955741333216
74801,0.06843614491371905
74802,0.034461073552214956
74803,0.021602009269592236
74804,0.056960063912971565
74805,0.013352801088182018
74806,0.05105398554937109
74807,0.02541013906358594
74808,0.03633336816914348
74809,0.020611616961955743
74810,0.02932760104410873
74811,0.03076884174380234
74812,0.02387708916284598
74813,0.3474679428646368
74814,0.03106096948117843
74815,0.018992502857321094
74816,0.09823952273677732
74817,0.10219083230810516
74818,0.02255270035254672
74819,0.1259284570318646
74820,0.09091967635764595
74821,0.01510729840778404
74822,0.009701324481951887
74823,0.03349325122304958
74824,0.036005531995380285
74825,0.02018552822324224
74826,0.08640234018687157
74827,0.08811635720936932
74828,0.4132755483443569
74829,0.029687630763365787
74830,0.01841446125425783
74831,0.04828302356552318
74832,0.08417293638886517
74833,0.023198181146704227
74834,0.025143014474668
74835,0.04858753243108585
74836,0.03419544195277032
74837,0.08208423944025822
74838,0.13297407830553087
74839,0.02336855847275864
74840,0.11612836932843656
74841,0.35501923538016866
74842,0.07438275310159737
74843,0.04557647173904793
74844,0.033256382431563314
74845,0.05822921871559078
74846,0.015321174263390948
74847,0.05655667955652632
74848,0.04260771094577327
74849,0.016948425692049043
74850,0.10306615203650668
74851,0.2702779445211183
74852,0.023724306391518835
74853,0.07065938365983053
74854,0.04279391386973657
74855,0.10774215838353463
74856,0.025999953418330245
74857,0.04373280560937138
74858,0.03970951651672375
74859,0.03665846612361528
74860,0.03928615696726937
74861,0.03568136401806006
74862,0.13564599532144508
74863,0.02413211612351063
74864,0.06534717388664903
74865,0.03740542199233062
74866,0.01630433418162768
74867,0.030632062065053627
74868,0.019372781587746874
74869,0.09137208051331443
74870,0.02178215699047196
74871,0.06101171101865102
74872,0.2252619929804371
74873,0.054005565351167115
74874,0.013031040731024679
74875,0.015665323637556156
74876,0.6397783065549311
74877,0.18304611009098434
74878,0.03211243796733137
74879,0.03111451712671166
74880,0.02433950063009019
74881,0.010684289391398233
74882,0.12259377486570536
74883,0.4661230108719442
74884,0.045439824967561826
74885,0.08754870317305533
74886,0.23941660642889512
74887,0.11061508783634069
74888,0.09231070776606978
74889,0.019808587490047144
74890,0.10805502476783546
74891,0.031084487956258428
74892,0.05205363217577316
74893,0.0163137885277275
74894,0.040367929808651844
74895,0.023345494316806506
74896,0.16930071159730792
74897,0.19598097538880624
74898,0.039369022960092044
74899,0.038540200035929034
74900,0.0230403698095267
74901,0.5536724216011101
74902,0.01948950768651691
74903,0.054249311184153534
74904,0.043934682592686465
74905,0.07311531986822052
74906,0.017092842341934
74907,0.02906031679032493
74908,0.028629889518902253
74909,0.02328883706507688
74910,0.04680837733972347
74911,0.014169441620418631
74912,0.020090917478552295
74913,0.23027081460117801
74914,0.48534074481960954
74915,0.046264766756419544
74916,0.10817367886145676
74917,0.1879842902396709
74918,0.08198111377975217
74919,0.032539466746409305
74920,0.06366775598890642
74921,0.08440032586625056
74922,0.030757842902110658
74923,0.2838773705316471
74924,0.012374342035176511
74925,0.03554667959596126
74926,0.013894663282337178
74927,0.025446021148303022
74928,0.04587378230273374
74929,0.03082812252741074
74930,0.04718264156450264
74931,0.11227926663891824
74932,0.03794409763074119
74933,0.08041443475545729
74934,0.022272971045096585
74935,0.03658119783814763
74936,0.08665912459984043
74937,0.08514809693606287
74938,0.13768275260967167
74939,0.09822210624294951
74940,0.09702757860837277
74941,0.08829318559820415
74942,0.035312516429270926
74943,0.061590567614586506
74944,0.01497660392615118
74945,0.026400267370797356
74946,0.09119654848494743
74947,0.06185235424947745
74948,0.1422005279051255
74949,0.12150654787245087
74950,0.11144161575458963
74951,0.022721405184706295
74952,0.13257181527366232
74953,0.045864953120879494
74954,0.04844954649895303
74955,0.029139159058156342
74956,0.04239117896196168
74957,0.08085436418380211
74958,0.04676850585279759
74959,0.17786502793219544
74960,0.012714728038584915
74961,0.02834455295871033
74962,0.03920115912457903
74963,0.028974228901918662
74964,0.06831368315713446
74965,0.058437667060836425
74966,0.07519374054683244
74967,0.16015598186674057
74968,0.03519029766949485
74969,0.08696806121052028
74970,0.029434240379905323
74971,0.018910595549606602
74972,0.05498306824979886
74973,0.01902909196399229
74974,0.06267161160409053
74975,0.03307772740654828
74976,0.08113397987528857
74977,0.27502049284676416
74978,0.02065699409930568
74979,0.022347961439024087
74980,0.03259577937950836
74981,0.019006664177004362
74982,0.13607582582721423
74983,0.16211192367751265
74984,0.018335151507875916
74985,0.23148988546433125
74986,0.10406951722446994
74987,0.030917298346429593
74988,0.10230534982532825
74989,0.0679438047571978
74990,0.01415116217482271
74991,0.023032160224348456
74992,0.02800176418328191
74993,0.04982897309041305
74994,0.017323809055657113
74995,0.0871841382353458
74996,0.18290183935850368
74997,0.021960201715981544
74998,0.1335764928899377
74999,0.0332608864586668
75000,0.19149175152710818
75001,0.22399236625376012
75002,0.12827998239802088
75003,0.54252016994039
75004,0.1323863917510527
75005,0.11602374281166061
75006,0.020598591892546807
75007,0.04352176333356508
75008,0.04498463832957771
75009,0.09665254603287084
75010,0.027101521527694204
75011,0.08173930228761644
75012,0.015603088897167782
75013,0.06549058795209384
75014,0.10949655930813265
75015,0.026722567552672966
75016,0.19684353705529903
75017,0.029281445309824353
75018,0.10224432719932067
75019,0.08141308563397887
75020,0.20274644319182128
75021,0.06226977268932577
75022,0.13346469507865102
75023,0.03777869945423576
75024,0.03519680932172341
75025,0.06308581433790117
75026,0.2575675918371237
75027,0.022649923531643062
75028,0.09482264767758643
75029,0.027498244129022947
75030,0.08173452048772947
75031,0.028004050228388252
75032,0.1872059356482687
75033,0.24897056521165345
75034,0.11635402874342936
75035,0.10129930158643417
75036,0.09839175203900781
75037,0.02438012416930304
75038,0.041623980926190615
75039,0.0317962065459433
75040,0.20962805639257326
75041,0.03847298755212766
75042,0.02168101492697394
75043,0.03299770056478669
75044,0.06870783553128434
75045,0.02865092878465054
75046,0.06050736293505065
75047,0.09992853841513549
75048,0.013691725732915251
75049,0.011502537287642348
75050,0.04775578660843545
75051,0.12081259409812833
75052,0.04878764565863772
75053,0.2143725924826956
75054,0.03420570110295473
75055,0.04711717547826322
75056,0.10869648143214265
75057,0.06690035584259652
75058,0.10213065247099092
75059,0.046017410019912684
75060,0.029466327526382417
75061,0.011684403784578901
75062,0.055804252934759435
75063,0.023034129516826395
75064,0.038894118549529504
75065,0.07466319461959191
75066,0.04253502671987466
75067,0.01596410918479907
75068,0.1728858349858973
75069,0.050535639211030166
75070,0.03622169355481946
75071,0.018938132461282835
75072,0.018474013600872342
75073,0.11870116757937589
75074,0.0654427103655483
75075,0.15278708936655658
75076,0.014923571885828307
75077,0.02298543232786939
75078,0.03131361866025455
75079,0.05759246473560081
75080,0.05661737372159811
75081,0.0771549308060149
75082,0.039376536506201126
75083,0.04503159089024731
75084,0.07207527331780206
75085,0.032223045592599
75086,0.19839580474275612
75087,0.042226871939690755
75088,0.020095603922040652
75089,0.05287016526847197
75090,0.03133309594280086
75091,0.08195179368510298
75092,0.016429528157656543
75093,0.07492104985349912
75094,0.07364200468075799
75095,0.37765465810811877
75096,0.030850290395007876
75097,0.0152056663909013
75098,0.04058584276737047
75099,0.04011264147002449
75100,0.0550592414488284
75101,0.059987951330369965
75102,0.0674266337192994
75103,0.06599835846425187
75104,0.013616034529497577
75105,0.02362287584106877
75106,0.029852656861278852
75107,0.019999109533052006
75108,0.1556488402173447
75109,0.01709897303995622
75110,0.043280570365541955
75111,0.08725083277965176
75112,0.011230066676172332
75113,0.0870161104371682
75114,0.2216499282337852
75115,0.041489017186836404
75116,0.029265462706137446
75117,0.06707505368847538
75118,0.008911499262909937
75119,0.020594384331369286
75120,0.03877616352112936
75121,0.09066164863074817
75122,0.03245972443789275
75123,0.04688767620494239
75124,0.02403291389245133
75125,0.11442549963669976
75126,0.031974276128308714
75127,0.12933152176476403
75128,0.27008083021632373
75129,0.03929923151751463
75130,0.02151399493245753
75131,0.39290248513631865
75132,0.021063700272680355
75133,0.01606286523325007
75134,0.06827825032936363
75135,0.0417781043631514
75136,0.010000796302784254
75137,0.05131505942065629
75138,0.04773153436410785
75139,0.08421478443711002
75140,0.1011647896209883
75141,0.020545378818925666
75142,0.12521571957301403
75143,0.0394307259710666
75144,0.007842965155440942
75145,0.07402126536310061
75146,0.025474169554846486
75147,0.03225408810971464
75148,0.029084052297566377
75149,0.09192429428903283
75150,0.027307862282763107
75151,0.019406392003366614
75152,0.051283977604129276
75153,0.01383112578868961
75154,0.014032232186723328
75155,0.03664269176940824
75156,0.17308939727089145
75157,0.01036860710888865
75158,0.10092991115681235
75159,0.018389713993671487
75160,0.012693090619592551
75161,0.025461827158307717
75162,0.03518487289831616
75163,0.11598616208883558
75164,0.09995549233710462
75165,0.10346507592251072
75166,0.044624693187104145
75167,0.17773042214677315
75168,0.02739075831664462
75169,0.012521182776299215
75170,0.040953193475788685
75171,0.06480067484330054
75172,0.038095162136591185
75173,0.023654697414354456
75174,0.029586502241325835
75175,0.0318058738065035
75176,0.04589736996377631
75177,0.014346283215555377
75178,0.04897813910206241
75179,0.013739836889579
75180,0.06781757315572338
75181,0.22486567229198512
75182,0.014624298937574793
75183,0.013198637508860935
75184,0.08367491177880436
75185,0.1556276081096839
75186,0.027168957028182863
75187,0.026556591665524064
75188,0.10159826326236246
75189,0.048823332698875066
75190,0.07079050778013417
75191,0.16560635687202924
75192,0.024653270756148912
75193,0.009255808655538203
75194,0.07815193662977273
75195,0.059273762333967084
75196,0.16194290076393286
75197,0.015051573393103491
75198,0.07279868120391253
75199,0.04235689619449922
75200,0.018164846154096886
75201,0.06220233375256412
75202,0.11535473871468183
75203,0.014014238805477235
75204,0.05200235015063018
75205,0.026563356078855717
75206,0.02235329487136519
75207,0.01422622317381703
75208,0.06451310325688095
75209,0.043603700907958495
75210,0.04051081433557196
75211,0.12782125978545827
75212,0.059502312987766606
75213,0.08655083862070831
75214,0.04855066044262349
75215,0.014336292810290734
75216,0.10559569097990232
75217,0.020397041798771068
75218,0.011154562481418911
75219,0.023798231998821306
75220,0.03459494572592564
75221,0.1756595245665314
75222,0.1442036071715737
75223,0.05288584501970706
75224,0.17126937635163242
75225,0.054846935977388885
75226,0.035625611333341016
75227,0.015255730864823326
75228,0.04083099253331605
75229,0.1281473208941028
75230,0.021979791543372196
75231,0.04308128420736912
75232,0.03437270342754579
75233,0.03589619439636797
75234,0.047768639576578564
75235,0.06096419337208819
75236,0.025125268921738504
75237,0.0912044588400046
75238,0.0947298837490651
75239,0.011454656723691276
75240,0.02595430731666257
75241,0.05168506983187582
75242,0.18146689277253328
75243,0.08459845981656311
75244,0.10042091829337582
75245,0.01732607530402313
75246,0.019301677134400078
75247,0.016200061113173826
75248,0.0527983683198814
75249,0.06678034523644474
75250,0.026400180854722663
75251,0.019087949543908966
75252,0.018088969515821462
75253,0.011773456346385611
75254,0.011949761342649069
75255,0.05412201811505825
75256,0.5901149626067111
75257,0.06850718248019064
75258,0.04609056181106756
75259,0.11605656742844273
75260,0.039704230675096444
75261,0.05702923841553499
75262,0.06120724007538932
75263,0.12843464314517933
75264,0.10030253714740461
75265,0.02197073980941295
75266,0.03693537549978166
75267,0.11300088236871964
75268,0.05836688548466406
75269,0.0478303324833782
75270,0.023371728512048003
75271,0.047540962193711386
75272,0.04994694213499144
75273,0.05027524565321489
75274,0.032601579426041895
75275,0.08666782795662724
75276,0.23715666017540515
75277,0.08293047829668285
75278,0.03572837531198233
75279,0.0633699261445027
75280,0.025137306283779744
75281,0.07611448205011775
75282,0.26980983187700563
75283,0.02007644448449245
75284,0.061062660548312234
75285,0.07746684349073579
75286,0.046201821362383454
75287,0.015304973691806018
75288,0.011779302863663835
75289,0.2553567511332565
75290,0.12814700041173913
75291,0.010186971279899454
75292,0.08649470006237288
75293,0.023228979162222566
75294,0.03964235875700317
75295,0.0308078616430256
75296,0.01496101395371422
75297,0.029296681482068574
75298,0.04794118157152652
75299,0.07998587435389573
75300,0.023372262003364012
75301,0.06920111751725966
75302,0.11081045682950054
75303,0.028299605337498264
75304,0.17643284842522006
75305,0.03408590637317414
75306,0.22893093777990792
75307,0.13147217871979833
75308,0.09435298423503302
75309,0.09706714014376462
75310,0.03892068181287052
75311,0.040790214668357
75312,0.03571489470877256
75313,0.048839316245825826
75314,0.07287758318148471
75315,0.16742938212518557
75316,0.014320882806315665
75317,0.014587784739233983
75318,0.27386463856910387
75319,0.23472356201272948
75320,0.09082092529217374
75321,0.022399452965896228
75322,0.04959616689986518
75323,0.29884992103661834
75324,0.0703877001454542
75325,0.055252284469763456
75326,0.06610028372738914
75327,0.043090072331329776
75328,0.01597987577205867
75329,0.1435307764887687
75330,0.033452936687508456
75331,0.06626339349507294
75332,0.0650187264646887
75333,0.043682773339444994
75334,0.0910606689370552
75335,0.10335561533398765
75336,0.0357929706510045
75337,0.06529446468513804
75338,0.05794739314515876
75339,0.19153008812632577
75340,0.017482867431420863
75341,0.01219115967812404
75342,0.03906399719187408
75343,0.03501932646370135
75344,0.054734494989912126
75345,0.10500200853851513
75346,0.023539537330375067
75347,0.015921582751274935
75348,0.01620390342771539
75349,0.017024604732265716
75350,0.14390927332207146
75351,0.025445435442816904
75352,0.08171594290855304
75353,0.05111951432025679
75354,0.03273306822291312
75355,0.04537653465569044
75356,0.021232084267007213
75357,0.10602039245269203
75358,0.014762504885006245
75359,0.09481738327552987
75360,0.034385483225664315
75361,0.03816841473396489
75362,0.05848574403978765
75363,0.02569704531156759
75364,0.026411685086630395
75365,0.0796256165373591
75366,0.09146823557048989
75367,0.11069790176591016
75368,0.060040826901612596
75369,0.02485733230308145
75370,0.20520020666906785
75371,0.06308389940935337
75372,0.05276912423040994
75373,0.04495717154913891
75374,0.0279735108291341
75375,0.040694937183237204
75376,0.0621459783110185
75377,0.012652347252155579
75378,0.033602916367527054
75379,0.06929055215483529
75380,0.08918288028000282
75381,0.09557840699734137
75382,0.08957395791794925
75383,0.04067785259991866
75384,0.14783556409546847
75385,0.030695502581822548
75386,0.021233770752662005
75387,0.059428338565310504
75388,0.03225176225220666
75389,0.11844011159093161
75390,0.026749922653844578
75391,0.01069886459885128
75392,0.0392120903242785
75393,0.07629170495092048
75394,0.056645106061574683
75395,0.03265421984316931
75396,0.02894218954131578
75397,0.12322709688489253
75398,0.030067278188496558
75399,0.015959403759397434
75400,0.0557679826557209
75401,0.09015654240183041
75402,0.0249971265155602
75403,0.030559439172332892
75404,0.11144150016545251
75405,0.045897886466465865
75406,0.05910465267016732
75407,0.09892903667411751
75408,0.0370677274907164
75409,0.0115301691270439
75410,0.10215719217771028
75411,0.03510836761892584
75412,0.02133728832035746
75413,0.04082335195763764
75414,0.05814110706602131
75415,0.02444557832500177
75416,0.11802985188624132
75417,0.029365689619593086
75418,0.05236437096193458
75419,0.0103885679929689
75420,0.028117131520060075
75421,0.020076413432474717
75422,0.03795599561535956
75423,0.04165546716928756
75424,0.017336765968690944
75425,0.0231274471194087
75426,0.011686439632584882
75427,0.017216900822315393
75428,0.047082839639482094
75429,0.02199056714301175
75430,0.04723739031668768
75431,0.017300739637433105
75432,0.019480072203242823
75433,0.050873361945569566
75434,0.061512611319772204
75435,0.012074673678624666
75436,0.03308785596700935
75437,0.03790024952072033
75438,0.021690177718292222
75439,0.11153540298709612
75440,0.04335790325308757
75441,0.05335109414059057
75442,0.023505925436703788
75443,0.014375011905467612
75444,0.16258839849411202
75445,0.09440012372029019
75446,0.013647121949841558
75447,0.028331678139038294
75448,0.06960952093558638
75449,0.046093782032194296
75450,0.05527707947069117
75451,0.012355990308635488
75452,0.018547282586753134
75453,0.024129885369436624
75454,0.07359401780157868
75455,0.017984442600923217
75456,0.08396124996051742
75457,0.04217931096267398
75458,0.02033878643371895
75459,0.031282618262435606
75460,0.04136167249618691
75461,0.013115947224292115
75462,0.05724514865075599
75463,0.2506281187448592
75464,0.12592548828757913
75465,0.038226277082382076
75466,0.030033045498916434
75467,0.033237538161905486
75468,0.0322889863113415
75469,0.016362304453432626
75470,0.018776321180797112
75471,0.026029862045137603
75472,0.03141956917128022
75473,0.01514402858718297
75474,0.14168342040080764
75475,0.036384024233146364
75476,0.045330742456686675
75477,0.024278402691135282
75478,0.05205296561301371
75479,0.06694951752338243
75480,0.2885260457275621
75481,0.04141838125444669
75482,0.052842915578381375
75483,0.12222558163229982
75484,0.0385572096467348
75485,0.048459220874429595
75486,0.09425965881880594
75487,0.02723007651129948
75488,0.04159537412348658
75489,0.01875284443083787
75490,0.03320286817748242
75491,0.015159150161631366
75492,0.015964247346484016
75493,0.04413367478860124
75494,0.01622674664614729
75495,0.06519567244041223
75496,0.021389868751777768
75497,0.013832464455476303
75498,0.050237077600447856
75499,0.03153154025723637
75500,0.13432158017579762
75501,0.050179259898807976
75502,0.026153229524217864
75503,0.06262152693679775
75504,0.10619920142873848
75505,0.049362075239924745
75506,0.3786657791867332
75507,0.05248890606503987
75508,0.11332847159226973
75509,0.12553561667552043
75510,0.02963653187836333
75511,0.01743958296464151
75512,0.03160741551683755
75513,0.015145436934181768
75514,0.03438733451090221
75515,0.2102305944162053
75516,0.03698020457068943
75517,0.08332916128760486
75518,0.023445746418505584
75519,0.0236641507514211
75520,0.11321551563699664
75521,0.033487278033789515
75522,0.027747430960751843
75523,0.03476611574029172
75524,0.01905579165008235
75525,0.10419064815011583
75526,0.018604890717289695
75527,0.023034322472011547
75528,0.05448230377504632
75529,0.012963942206200342
75530,0.02982361900946054
75531,0.0685538479118843
75532,0.1415667576237522
75533,0.12466110750974656
75534,0.015539098412869363
75535,0.07852201073130118
75536,0.06857036002610185
75537,0.058861698758935
75538,0.02136451809861257
75539,0.02734187404524786
75540,0.04027409353847938
75541,0.12988550407532976
75542,0.14525132481618028
75543,0.029461531445757066
75544,0.020741729683855112
75545,0.11405370701444081
75546,0.013681542943572543
75547,0.021211405386153508
75548,0.11316087756543637
75549,0.06568461556688124
75550,0.04939581597219011
75551,0.021788921289071447
75552,0.025651698680295352
75553,0.02073465333496581
75554,0.08858339411879215
75555,0.24364487623879397
75556,0.15688672023475453
75557,0.06771129778333045
75558,0.07200283201405258
75559,0.05570178461093313
75560,0.025786229539052432
75561,0.044223254378781114
75562,0.11598475234072128
75563,0.019443456596395514
75564,0.02937134511554629
75565,0.02803576839018348
75566,0.043394679192395716
75567,0.01626128873574231
75568,0.011782079025610985
75569,0.023541327910000583
75570,0.07680962972655547
75571,0.021950817320892133
75572,0.043513817221153495
75573,0.2565770967362511
75574,0.08618236373848773
75575,0.05884309591290445
75576,0.4411916922396782
75577,0.05041962234874324
75578,0.07749771804907474
75579,0.04237209654940408
75580,0.036774503648761184
75581,0.02728709609425367
75582,0.035165534665580644
75583,0.013228838040478915
75584,0.6637759705104054
75585,0.016537721633389006
75586,0.026777137809897943
75587,0.0467489221273324
75588,0.08365482495923088
75589,0.032324581950241446
75590,0.08189727656558386
75591,0.1223855746336211
75592,0.010443501542450398
75593,0.03618628329203437
75594,0.06619353485469946
75595,0.0918816569115384
75596,0.03816961966726526
75597,0.02410536490471552
75598,0.05117582704001436
75599,0.07934595006502683
75600,0.06392431952995939
75601,0.026393294053151637
75602,0.060898806356678416
75603,0.049880094060649284
75604,0.42370754324356497
75605,0.014942516785362675
75606,0.03334639903446783
75607,0.027665771662016427
75608,0.0884139644638873
75609,0.15718778884680257
75610,0.02307458299737531
75611,0.06240162123610225
75612,0.08133519131237968
75613,0.1520025256102792
75614,0.03563250291371617
75615,0.14107059678257983
75616,0.023689351467673838
75617,0.02088323102251612
75618,0.048490646794482
75619,0.05642569891146386
75620,0.021669868491304208
75621,0.049447607659980825
75622,0.03419227946067188
75623,0.23032019683488048
75624,0.02036945596419486
75625,0.06654519861845287
75626,0.04657172130794062
75627,0.11353187997586914
75628,0.043043937893780096
75629,0.16233144405391856
75630,0.034204383911915257
75631,0.07210026419173199
75632,0.03573840223741786
75633,0.016319053537164036
75634,0.1093551888214572
75635,0.17109454119848677
75636,0.021679614261690943
75637,0.01039621240518962
75638,0.06635499411384113
75639,0.07581974263841157
75640,0.019734318830923362
75641,0.04845835100505104
75642,0.07967404685064214
75643,0.027982623469438278
75644,0.061900169932256215
75645,0.02124488631578601
75646,0.047853253717596876
75647,0.052737647903107115
75648,0.15137570712670528
75649,0.0571441055207112
75650,0.06265444062692638
75651,0.11408314367285304
75652,0.060806473151064015
75653,0.0836132748406438
75654,0.01888860100386769
75655,0.05909028188465091
75656,0.05452523610262198
75657,0.11459665755420437
75658,0.10543321854022256
75659,0.012360847330907095
75660,0.12986273777783505
75661,0.0912013720528988
75662,0.032084680727820884
75663,0.015523302620543807
75664,0.022013564524441486
75665,0.059509413473739545
75666,0.03281397582893632
75667,0.051504952383700904
75668,0.08232451852223839
75669,0.10081354267567622
75670,0.019852781780273575
75671,0.015557900069634898
75672,0.02113372201379682
75673,0.050085087656367155
75674,0.14668559810488732
75675,0.04396500959740761
75676,0.16842788822282528
75677,0.06876635964105779
75678,0.1106827511188359
75679,0.014277731418974999
75680,0.17440132417046866
75681,0.11251814713374
75682,0.03184445098222973
75683,0.15624654577465832
75684,0.11263265949736204
75685,0.03355059488933185
75686,0.13577437931052166
75687,0.08967209457081637
75688,0.027306535943682205
75689,0.03212908234283049
75690,0.027086485077916694
75691,0.18573058931170972
75692,0.03458246091685226
75693,0.01324725175650289
75694,0.009190921462937204
75695,0.05734802666683552
75696,0.019153531054145242
75697,0.039778785227830044
75698,0.16911129288325127
75699,0.057176232804407486
75700,0.08389830924236749
75701,0.029980328506569204
75702,0.04916165083504331
75703,0.051433251249715276
75704,0.04044959242577686
75705,0.052273697575610956
75706,0.021700812039219666
75707,0.1871200517237612
75708,0.010457853286795334
75709,0.03357295515578902
75710,0.12480154182730487
75711,0.029596019173066125
75712,0.08844498640426639
75713,0.07393274491621885
75714,0.03974577784775681
75715,0.06227178466719005
75716,0.060223458273939295
75717,0.033297550775327145
75718,0.0333053720928768
75719,0.02100541951561241
75720,0.1785203612431625
75721,0.03334840226991198
75722,0.049230614927675574
75723,0.023793472249488856
75724,0.0627805490459382
75725,0.008467378340142592
75726,0.06748692494295391
75727,0.08504598626666912
75728,0.0813485662242361
75729,0.04774634141370597
75730,0.050350690468278954
75731,0.0918306856712267
75732,0.03668752415049022
75733,0.039993251999938785
75734,0.011014453286124739
75735,0.0168401642948837
75736,0.027947968695658347
75737,0.048794543297661405
75738,0.03648069897537618
75739,0.06199072746918113
75740,0.06972555881923935
75741,0.13112236299494487
75742,0.21742100970531023
75743,0.15654428198812878
75744,0.07382662783505974
75745,0.09371419977311303
75746,0.024111661835173354
75747,0.02915744193899246
75748,0.0405447095578335
75749,0.20953269252872395
75750,0.07363652220942983
75751,0.11208404873556144
75752,0.031774654518619876
75753,0.04095008837671577
75754,0.03607052175896845
75755,0.06032484241613107
75756,0.03928051753388294
75757,0.05039233336269701
75758,0.0795216056804857
75759,0.07178283060893503
75760,0.01907934795305386
75761,0.031394345550964944
75762,0.03750100225963372
75763,0.8499920059036652
75764,0.15786515961879855
75765,0.009157384996152948
75766,0.02289399537871733
75767,0.07716775563044245
75768,0.03465018447554661
75769,0.10839132494168621
75770,0.03219101469243364
75771,0.08342691008466738
75772,0.046927338156301596
75773,0.05304993272149665
75774,0.02506711265274964
75775,0.13724456566763377
75776,0.1898456223796587
75777,0.09281612500509599
75778,0.17157469220325347
75779,0.02661452183323071
75780,0.09072053876372951
75781,0.03806899357233841
75782,0.038414480841867396
75783,0.020879190190784616
75784,0.08641564845901327
75785,0.015821355282070054
75786,0.018411864567636892
75787,0.02989391877779981
75788,0.05031885241284216
75789,0.03154768841912167
75790,0.05975463575148264
75791,0.15229241126850585
75792,0.022793822991932472
75793,0.026296716286557408
75794,0.05320138175029984
75795,0.05027441316512953
75796,0.08392291726832846
75797,0.10027094420893878
75798,0.01720540758290025
75799,0.099065090289919
75800,0.022964343118125563
75801,0.04343413066294953
75802,0.0473636929652439
75803,0.2026480873959884
75804,0.04183767812824017
75805,0.059176314995616756
75806,0.03911428108762361
75807,0.007261593273705705
75808,0.12033582772116183
75809,0.016610698094782356
75810,0.10258602594675638
75811,0.05688060735930787
75812,0.03769697972934537
75813,0.08240362875785155
75814,0.03554476634028788
75815,0.06930363311511573
75816,0.2815506747612804
75817,0.017994650342089254
75818,0.009345967028710649
75819,0.08678686010394654
75820,0.020635944139113085
75821,0.03593166061524698
75822,0.021169733266301945
75823,0.06048616326195026
75824,0.025790967793555504
75825,0.020203334176365127
75826,0.0278335439364434
75827,0.27781134518248496
75828,0.029467838187485253
75829,0.055126715553965464
75830,0.028602712263181992
75831,0.035535418803491356
75832,0.012026758638989776
75833,0.02278005997145139
75834,0.030770505163542274
75835,0.06354637463710563
75836,0.28920850495773276
75837,0.026197643805806428
75838,0.034920882105916734
75839,0.08954768219318822
75840,0.008693494871206858
75841,0.014138793079629418
75842,0.040081240366086526
75843,0.055937096777740114
75844,0.09237287989063622
75845,0.016043751991228275
75846,0.051996080257893554
75847,0.02858181827520642
75848,0.04502443534117895
75849,0.06246487658588134
75850,0.08839170439550754
75851,0.04293786614318011
75852,0.03456812315396746
75853,0.08765826353251743
75854,0.05161936913545699
75855,0.04861864714142113
75856,0.010573686957580802
75857,0.042908803773415743
75858,0.04722851448545692
75859,0.043878202795885064
75860,0.02206114175982602
75861,0.03467200515385307
75862,0.03902757717822239
75863,0.13886159435427703
75864,0.0758459319892257
75865,0.02298517245581923
75866,0.02182482495127433
75867,0.0314193023548234
75868,0.018223156383859934
75869,0.03201114552943062
75870,0.014765795475709373
75871,0.04491972336221241
75872,0.07307011814078623
75873,0.1759078844870677
75874,0.09491904694116199
75875,0.032901485022591354
75876,0.05023559006946756
75877,0.05701843998574706
75878,0.0962600872716811
75879,0.02061364680113055
75880,0.011925918167411242
75881,0.2324010185145621
75882,0.11773618005218613
75883,0.03883102544979369
75884,0.04527008858216367
75885,0.09997630153095102
75886,0.04933858381462005
75887,0.07035723977791444
75888,0.026609541747012015
75889,0.012175510464938191
75890,0.1141959389976815
75891,0.052585958529085416
75892,0.05600268505654241
75893,0.12152845970704804
75894,0.038693141773918506
75895,0.055854383946536676
75896,0.15677456694486203
75897,0.07940799993255646
75898,0.028246283904256618
75899,0.06141491711072132
75900,0.05461288278536079
75901,0.018304115087152115
75902,0.07093213810585647
75903,0.10626607926143967
75904,0.051685527972817835
75905,0.05495972300953733
75906,0.0650820396986812
75907,0.020791089361871167
75908,0.022649606259437308
75909,0.046512155763604145
75910,0.11886976652720321
75911,0.0370697235516837
75912,0.010839581079875281
75913,0.03683472606237714
75914,0.04590212159974143
75915,0.021220290428639023
75916,0.0354667098985511
75917,0.07801951908367818
75918,0.07607300065708342
75919,0.05212726431942289
75920,0.03154325046962012
75921,0.020378807481920013
75922,0.022694567664336425
75923,0.05082372041597128
75924,0.03424490534449313
75925,0.028153570569161054
75926,0.04996849622466536
75927,0.04591357321848355
75928,0.05367003635036678
75929,0.12514178363092932
75930,0.026315234860161865
75931,0.0479937621313881
75932,0.036383286845162226
75933,0.12901520592121093
75934,0.17152401542880566
75935,0.04403652275419909
75936,0.03044187761256278
75937,0.10333961111190407
75938,0.04620658386105461
75939,0.1031106187577277
75940,0.026233253082064565
75941,0.08849512849179182
75942,0.04002769449187463
75943,0.06990482174025237
75944,0.0599138119647926
75945,0.011404119703302157
75946,0.051507781350257284
75947,0.0636563666345102
75948,0.1320904487258507
75949,0.12408940141873995
75950,0.026975574303476198
75951,0.04447074980391816
75952,0.13611339901146974
75953,0.048516303327396475
75954,0.14299758003098414
75955,0.020770736498650362
75956,0.020163118447495645
75957,0.465768496498421
75958,0.03255533082613951
75959,0.019991979695082984
75960,0.03311868963317394
75961,0.02839037374593393
75962,0.012987681262006338
75963,0.05744397402908492
75964,0.10789703662493492
75965,0.19757018327771328
75966,0.01977917178912736
75967,0.03349301920876855
75968,0.04939764121788285
75969,0.012869318047135165
75970,0.06311056395808087
75971,0.03225462619689749
75972,0.03686883426824304
75973,0.10132032358051297
75974,0.4521985891888589
75975,0.022097266843862963
75976,0.0739586817186065
75977,0.039584566087161585
75978,0.02203482802511775
75979,0.1330757947920015
75980,0.02841520175676021
75981,0.03939592240469551
75982,0.030357690554008825
75983,0.007645538775986454
75984,0.014394306461323784
75985,0.08866255762867345
75986,0.04102433716259278
75987,0.040592938176247574
75988,0.24383797052059794
75989,0.21495739398598038
75990,0.08682188399590998
75991,0.04047591051985487
75992,0.12662394236671917
75993,0.15216618469295146
75994,0.02231488249073148
75995,0.024022835726345573
75996,0.14376290607047143
75997,0.05966161243308546
75998,0.06503800624151164
75999,0.507287396629406
76000,0.04914665804782273
76001,0.10315011747709332
76002,0.048064355920088335
76003,0.21289866524267376
76004,0.17675822642137967
76005,0.0767264964110386
76006,0.01862694057316974
76007,0.04341630540300744
76008,0.034970124182420875
76009,0.027261311568404473
76010,0.030999522951894367
76011,0.03392559457430211
76012,0.14699161305889444
76013,0.012338231534255208
76014,0.030348556915022532
76015,0.028718613714276985
76016,0.01930894585374931
76017,0.028599095880353885
76018,0.0214638011500174
76019,0.03990502211951764
76020,0.03824245816437155
76021,0.133687547043307
76022,0.2798739345761815
76023,0.08710409224636598
76024,0.026018807640302337
76025,0.06460195235270332
76026,0.32372312971011774
76027,0.019194160151967406
76028,0.041340858415514055
76029,0.1251095057779124
76030,0.012081068080855465
76031,0.032719708427469865
76032,0.04002000111075284
76033,0.05129527700029486
76034,0.09388445661789438
76035,0.05656689392983491
76036,0.040954617107358926
76037,0.11551039708801182
76038,0.011897568398215888
76039,0.04941283299773395
76040,0.011997291805382821
76041,0.034195265617827916
76042,0.47338957387247793
76043,0.04029847531014765
76044,0.03632440515089472
76045,0.02652440674208941
76046,0.06695655805365751
76047,0.03332948729365787
76048,0.029469219655675297
76049,0.01990160246193396
76050,0.15107416936962037
76051,0.03373292378107029
76052,0.07737954034653574
76053,0.15558186875941188
76054,0.10162033800964707
76055,0.02018399538134356
76056,0.07267646986662708
76057,0.05393777775403432
76058,0.07775933562910921
76059,0.04562858561131744
76060,0.12373487672929966
76061,0.07603430242164098
76062,0.06471915235988851
76063,0.1696262565978775
76064,0.015332527652507477
76065,0.05542209059795387
76066,0.0832345097921839
76067,0.025178613445003772
76068,0.026410842502494647
76069,0.07511095327899181
76070,0.060581442527326765
76071,0.1849138509325426
76072,0.04246590672729722
76073,0.024161576637457664
76074,0.14203010679764266
76075,0.09944444926844902
76076,0.013254509690815236
76077,0.013647968109614148
76078,0.02682132476303692
76079,0.07088609566581242
76080,0.5529067176740633
76081,0.05144504901171771
76082,0.029203028200930976
76083,0.042000712542751034
76084,0.1570234225674896
76085,0.0783396020710139
76086,0.021188905298236634
76087,0.010058772183888334
76088,0.18173968194865808
76089,0.014240875252300606
76090,0.06428741931581652
76091,0.03970993738518619
76092,0.025702745525216772
76093,0.012577644414247354
76094,0.010625242633693192
76095,0.1399006547063194
76096,0.01775161217006995
76097,0.09317429763982804
76098,0.1551359680780499
76099,0.010570667903256961
76100,0.060698456099496687
76101,0.03554894008607162
76102,0.07888387871393908
76103,0.01822749939598562
76104,0.05123797316241886
76105,0.019591918327401446
76106,0.12854380340634614
76107,0.05094656067046799
76108,0.11975668532535036
76109,0.042725792671537234
76110,0.11866095926465965
76111,0.013773663158315998
76112,0.027980796362095835
76113,0.10303844116311713
76114,0.7981135068007424
76115,0.0395111989111015
76116,0.06416989603421308
76117,0.09843584044162113
76118,0.019663919042390548
76119,0.025286015673383344
76120,0.042359613594922574
76121,0.06408730928322184
76122,0.050459209387724274
76123,0.05298514736962415
76124,0.021718324504586967
76125,0.10632108543541641
76126,0.22406870155521116
76127,0.2043791192522598
76128,0.29300835456930013
76129,0.07604730568389051
76130,0.2701294255486224
76131,0.01480311993765285
76132,0.08794609776349509
76133,0.09086403673729271
76134,0.053974197992494574
76135,0.03883670225255246
76136,0.2842667072406765
76137,0.03762963784358649
76138,0.025073904209260988
76139,0.0384784903767276
76140,0.0964151545737277
76141,0.047639024167665724
76142,0.022440205887625048
76143,0.03715608465683096
76144,0.017151899836689195
76145,0.03844480193796271
76146,0.03010330082050632
76147,0.024394662106877615
76148,0.1695293507305693
76149,0.021981140420270787
76150,0.036948732648337895
76151,0.06450602359332887
76152,0.017914580851594752
76153,0.01762096613522167
76154,0.06799973135669708
76155,0.019138250999263386
76156,0.04356049563314525
76157,0.0576871855513127
76158,0.04539174702847451
76159,0.08713352442470673
76160,0.031554957643854
76161,0.119364848376979
76162,0.03977452429210656
76163,0.06566390363441597
76164,0.08796122552219897
76165,0.09529784854156849
76166,0.046461818544682995
76167,0.05153417210714638
76168,0.015763792033661087
76169,0.027752901071134102
76170,0.15560987838832144
76171,0.024648019124493863
76172,0.04168943915114165
76173,0.03978641837833254
76174,0.05559509917677048
76175,0.09581451335313404
76176,0.07212533060066131
76177,0.02695544735483607
76178,0.028705352271231957
76179,0.06508187572935692
76180,0.025910653517280748
76181,0.020021825496560924
76182,0.03697696605690995
76183,0.18000310519353094
76184,0.03052997370761932
76185,0.038003855291782684
76186,0.03744131291918573
76187,0.02857669303442495
76188,0.014512112226015393
76189,0.16742537143150293
76190,0.06294406856367817
76191,0.016967544548997626
76192,0.18274198418418186
76193,0.11548012319956782
76194,0.06175537688790436
76195,0.06012679514386246
76196,0.045085697917817726
76197,0.04165042412028905
76198,0.09095647835576387
76199,0.057202078151213
76200,0.05249259940069076
76201,0.010888412126867347
76202,0.03790948717892492
76203,0.23024077431069948
76204,0.08106037419187445
76205,0.03854125029525002
76206,0.033074658277965546
76207,0.02256228308046861
76208,0.034758348843572776
76209,0.07272361650622557
76210,0.1398226539845181
76211,0.06014959343751465
76212,0.016687193300166207
76213,0.0244813090953288
76214,0.06879653010642983
76215,0.019131766970555603
76216,0.06915925413930887
76217,0.03241851915599933
76218,0.02722995948720988
76219,0.0265622119449285
76220,0.035224785013382325
76221,0.1930245800170138
76222,0.07834560731123842
76223,0.04729790852201411
76224,0.020114436734065044
76225,0.02773240984448093
76226,0.037692929425285134
76227,0.06499800305052073
76228,0.20343160509925118
76229,0.1074626120771485
76230,0.07495354973876306
76231,0.04674605973409004
76232,0.07139543836048835
76233,0.40076100280317106
76234,0.06162280909207427
76235,0.019045290068139018
76236,0.04132350335362639
76237,0.014231479876849144
76238,0.0498306725262397
76239,0.17736412315239075
76240,0.042993409527955585
76241,0.023355074429884867
76242,0.042277517861132236
76243,0.06445814531001831
76244,0.039961926265298306
76245,0.010962841328857893
76246,0.0969150330013484
76247,0.7484959322906368
76248,0.04229336361932017
76249,0.2532623751366636
76250,0.0546484694106546
76251,0.05799879885793133
76252,0.18769638665390448
76253,0.0497803991225576
76254,0.04968457569267672
76255,0.03536662070069407
76256,0.02717047459918839
76257,0.11842382679019473
76258,0.0263759554997878
76259,0.09130781469794383
76260,0.05118422081204797
76261,0.03615793909321401
76262,0.08587859933338411
76263,0.03843861783318683
76264,0.05328874642445508
76265,0.10635101053494288
76266,0.03027716401117151
76267,0.07253296938283199
76268,0.04421948195496421
76269,0.07828476450018139
76270,0.0562802682232568
76271,0.04271639903155562
76272,0.014171715230000971
76273,0.039555639370459916
76274,0.03255675892149501
76275,0.025498460582822215
76276,0.03976005587171498
76277,0.010102256900375736
76278,0.050975780700875405
76279,0.10848103784962737
76280,0.024892392950106403
76281,0.1486539782284287
76282,0.06561323891341178
76283,0.022245461381607837
76284,0.08776304972876965
76285,0.19358751282993228
76286,0.020478309528970555
76287,0.08880610250143907
76288,0.0596966688405788
76289,0.03429458858612954
76290,0.05852695227355883
76291,0.03811776376652602
76292,0.041864384456272025
76293,0.3486257290219759
76294,0.08551189300625317
76295,0.05937663429924729
76296,0.1248314872459278
76297,0.11914631878088738
76298,0.03513728982134971
76299,0.025273054946910144
76300,0.1350170740345321
76301,0.03851617593966799
76302,0.010257245900593171
76303,0.1363828510264974
76304,0.03533182455697609
76305,0.027124927558720514
76306,0.061915984683872216
76307,0.04034210077540457
76308,0.099556962402856
76309,0.08667270923866692
76310,0.26545017847656915
76311,0.06405929689990962
76312,0.025072052648441454
76313,0.06132158318032671
76314,0.02850261582719605
76315,0.0273244436062904
76316,0.31710903798266465
76317,0.18988607242438302
76318,0.020332766932710064
76319,0.058414429536676596
76320,0.03954943636300609
76321,0.023783295618166868
76322,0.04750978116204918
76323,0.28492660452261764
76324,0.025763401588349867
76325,0.027579030882470854
76326,0.09379571089570231
76327,0.07189466493772
76328,0.21763299631048802
76329,0.23998063597011798
76330,0.06800705254552725
76331,0.10883308450318444
76332,0.044069146459138966
76333,0.01450958810861265
76334,0.01923784288767574
76335,0.02196035123595195
76336,0.03796296451769982
76337,0.03685224676632813
76338,0.045771274875340086
76339,0.06823159731110251
76340,0.11732106728880275
76341,0.015974595925181287
76342,0.08686636542782247
76343,0.04716043308772634
76344,0.02782951625018852
76345,0.04493523927865391
76346,0.12957895942711395
76347,0.08286454944784732
76348,0.07612808217039677
76349,0.02962440656476165
76350,0.028566451850259175
76351,0.06261468175583298
76352,0.02562768376082845
76353,0.3895337009667217
76354,0.07184761221049585
76355,0.06529965861550754
76356,0.034323201924487665
76357,0.11889843351154789
76358,0.026894751028480268
76359,0.08285702911891678
76360,0.013030462461215109
76361,0.06429508111490626
76362,0.11795715569813336
76363,0.127269579860252
76364,0.029103705411569987
76365,0.054641531515755064
76366,0.30525970395519947
76367,0.024468523500278463
76368,0.14359463266828004
76369,0.055823120599307725
76370,0.03608769738987263
76371,0.018910595677965485
76372,0.04455349815198075
76373,0.026217339403069792
76374,0.03495642498296482
76375,0.015370750086437937
76376,0.02693399090321945
76377,0.024189021954660554
76378,0.02239551266629699
76379,0.021174415508332226
76380,0.03336501819042725
76381,0.031876213051935436
76382,0.06502386919994724
76383,0.022405449956702524
76384,0.04857310029545116
76385,0.042928802649217404
76386,0.04508677129371085
76387,0.013719364201651098
76388,0.021757280847293392
76389,0.09515092324179819
76390,0.031508892418956075
76391,0.6714378026483637
76392,0.015750567096238892
76393,0.04374205212436965
76394,0.04069965356952775
76395,0.024627168494571076
76396,0.0973398154489534
76397,0.05668458881074931
76398,0.024685987163566646
76399,0.022618541642906782
76400,0.059472341386575076
76401,0.021566952281276502
76402,0.03509103765968417
76403,0.01873912203822175
76404,0.010724771706053115
76405,0.033827276206820966
76406,0.017788002273219326
76407,0.052420962643884364
76408,0.019912700121477125
76409,0.1664065570935276
76410,0.15284161893324216
76411,0.025680911474866654
76412,0.015155601686574722
76413,0.01839349238542536
76414,0.034237192255179565
76415,0.0134890969332283
76416,0.023660920381004584
76417,0.03210440270187743
76418,0.023660766567058202
76419,0.025825863774058072
76420,0.1760988077194913
76421,0.10066867787382781
76422,0.030799579709145996
76423,0.1597297584529146
76424,0.14224127820346474
76425,0.019914598650346147
76426,0.04429192997945421
76427,0.06281941928472165
76428,0.016867168379548943
76429,0.14004295409367246
76430,0.1647979463727698
76431,0.03146663607242031
76432,0.010716233541603956
76433,0.014654005759977344
76434,0.016284649325499567
76435,0.12190719125868565
76436,0.09217593424933551
76437,0.165494178269998
76438,0.1223147895918712
76439,0.009212739020558034
76440,0.03414403317453668
76441,0.027022067491750776
76442,0.03145427993274809
76443,0.0378929589250204
76444,0.05161953181513753
76445,0.01858233433547485
76446,0.047511698628442324
76447,0.08518212296320271
76448,0.033382596179730745
76449,0.09911231640566927
76450,0.14134279172112535
76451,0.054595395689528585
76452,0.05668912250538228
76453,0.033522383415172344
76454,0.023654184028485268
76455,0.11513005951763364
76456,0.04234733887608513
76457,0.0426174192872747
76458,0.01672627497955457
76459,0.014461558652276852
76460,0.02674299435779367
76461,0.05747332748861513
76462,0.21210554499639966
76463,0.029220795111727774
76464,0.015308027075583116
76465,0.014003979490571423
76466,0.258686741131952
76467,0.0863106622284049
76468,0.025151369672491035
76469,0.03366382842450569
76470,0.11164766939694604
76471,0.08627738034683514
76472,0.020632046330223554
76473,0.06643499575574373
76474,0.06017161988567967
76475,0.015353723170237261
76476,0.03546115887881561
76477,0.07442821795525348
76478,0.011321180869412788
76479,0.12340622942436812
76480,0.08558574294222228
76481,0.01887516691087114
76482,0.06217620226640396
76483,0.012903559508369442
76484,0.019552470797270342
76485,0.07553493136826794
76486,0.026830830960153245
76487,0.20161777840645148
76488,0.16123854362762652
76489,0.1610064209222556
76490,0.055453777496025175
76491,0.03373209478877751
76492,0.02784234539390423
76493,0.014249929418435866
76494,0.0658006726999976
76495,0.0363161044038052
76496,0.011748018596755316
76497,0.028189378863293278
76498,0.05612338313876757
76499,0.10709239399569873
76500,0.05446684327198523
76501,0.07738504792929866
76502,0.01583909602071012
76503,0.01881814577525227
76504,0.02988876128437705
76505,0.024588387682735635
76506,0.01872799439144991
76507,0.014212917354420757
76508,0.0162360170028295
76509,0.013209783444247015
76510,0.06773843125840669
76511,0.030596250194461532
76512,0.019013470754801014
76513,0.17397092854262672
76514,0.03294320025635591
76515,0.03938555028180288
76516,0.010558631129528328
76517,0.021316526902300768
76518,0.039327137402050655
76519,0.12538885751868298
76520,0.01682542507990402
76521,0.01150574814380595
76522,0.01984018980992897
76523,0.03963136704386832
76524,0.16247104810394783
76525,0.04877569216433546
76526,0.02453663136995482
76527,0.03270640658629723
76528,0.20567432832677113
76529,0.026756527569938522
76530,0.10119536755965937
76531,0.023555012575202344
76532,0.0991084409617557
76533,0.13308668338654714
76534,0.03721049605854508
76535,0.02415409540458824
76536,0.02484922615825631
76537,0.011037180797159627
76538,0.03207671123070476
76539,0.04861611462630476
76540,0.08806118801751571
76541,0.21323380806907619
76542,0.08565600590150886
76543,0.07679512445988207
76544,0.030177671135199858
76545,0.05736270375282703
76546,0.040545962397838406
76547,0.030822821960884574
76548,0.029605921327578624
76549,0.28852342999056807
76550,0.0864550375026226
76551,0.020218976219405566
76552,0.07478104622837227
76553,0.06409398923698001
76554,0.02601377299306787
76555,0.03873025022753983
76556,0.19526665467597748
76557,0.025591875490707666
76558,0.015187882809241136
76559,0.10239935522499224
76560,0.03670595168516119
76561,0.4690289123862589
76562,0.02700650429940641
76563,0.13613142355411997
76564,0.16658251939873514
76565,0.019717729162380928
76566,0.01926541617388649
76567,0.13471593416542613
76568,0.1008413617845271
76569,0.03027663703145795
76570,0.04051936309107684
76571,0.03525917568496646
76572,0.0535526443124503
76573,0.08365568647079627
76574,0.09543529746304681
76575,0.03851697039534491
76576,0.09137519160927089
76577,0.03256715182766052
76578,0.030024803557339646
76579,0.02595939921649462
76580,0.022304397649049856
76581,0.29779353158403865
76582,0.019312730721053682
76583,0.02304797874712115
76584,0.035335748218853304
76585,0.19522188006052807
76586,0.04420763042715918
76587,0.06090891066262462
76588,0.23395956619543595
76589,0.07120575357020868
76590,0.013505233287942781
76591,0.21780024698356595
76592,0.01175442079202666
76593,0.051985910963082034
76594,0.06710214020351103
76595,0.024226145935944694
76596,0.021132747723562287
76597,0.09264792955282064
76598,0.09459683437345276
76599,0.07609406438902763
76600,0.016490123353070214
76601,0.010222656175187809
76602,0.02063421607673398
76603,0.016304981043208794
76604,0.029554613203680753
76605,0.025388406008831677
76606,0.07327615197573373
76607,0.03429460753217138
76608,0.02264209790212508
76609,0.2094917591876316
76610,0.11391381860758606
76611,0.09243688256958281
76612,0.12049690197162385
76613,0.03214763443860498
76614,0.04572475964716411
76615,0.0364580900972806
76616,0.028930673795237075
76617,0.10395273688335706
76618,0.0950726601418526
76619,0.06141960101057974
76620,0.023999552748931122
76621,0.03728474621129553
76622,0.12798841889068174
76623,0.033697684326392974
76624,0.039608624844214055
76625,0.08255934771204002
76626,0.09664073609163493
76627,0.029753201557779836
76628,0.17955886178788394
76629,0.07151903412155976
76630,0.019178219475439972
76631,0.0901194585296291
76632,0.03343949064930404
76633,0.05018260369980683
76634,0.18390380080697777
76635,0.025603673199012383
76636,0.018068954429389123
76637,0.054646783647555756
76638,0.04266141741561746
76639,0.026943475202245923
76640,0.09458565578475603
76641,0.026252004886627867
76642,0.21228548335845876
76643,0.018817854517523488
76644,0.014794330793748455
76645,0.01720724697287187
76646,0.02021679941950728
76647,0.024237357903246246
76648,0.03349262647151447
76649,0.09448445108827616
76650,0.07097083858889827
76651,0.045745828186345205
76652,0.17472031574886643
76653,0.016039078607157524
76654,0.03310670658441444
76655,0.013954757344316553
76656,0.05355558711193515
76657,0.056435074181367506
76658,0.03191784864574774
76659,0.12094539952915276
76660,0.07415002675174133
76661,0.09098327874730262
76662,0.07080381237639138
76663,0.04288621909917558
76664,0.14391922954520445
76665,0.02373972917326617
76666,0.028383403257206938
76667,0.06745091304617747
76668,0.03366968390703137
76669,0.04241083427195299
76670,0.1180845833790902
76671,0.07339836338098477
76672,0.018560704239602488
76673,0.4756497645810572
76674,0.11707527313743574
76675,0.15878946790809292
76676,0.03200679466976414
76677,0.18748569705709744
76678,0.3335357115278267
76679,0.09799989046741577
76680,0.07955684156781481
76681,0.04060851988419418
76682,0.027108049610100035
76683,0.03500556281225391
76684,0.044101030344218944
76685,0.06134115137721206
76686,0.020090274552613644
76687,0.08887897577622503
76688,0.01399846652666622
76689,0.06746694709064167
76690,0.019531588268315636
76691,0.1104725312869385
76692,0.034027154012162206
76693,0.055584769059443026
76694,0.0487581950180204
76695,0.03114173930444107
76696,0.0843021873106211
76697,0.009285260145913497
76698,0.016441634496944517
76699,0.0413241562869341
76700,0.03002459675620645
76701,0.19047114364205303
76702,0.05946730024298015
76703,0.06661873960628495
76704,0.047265256193230284
76705,0.009775702083164885
76706,0.08010026537998474
76707,0.06512105683768296
76708,0.02221237545958694
76709,0.08343056501757143
76710,0.011968954545060712
76711,0.043385918830063055
76712,0.03875746046617576
76713,0.02271079872110942
76714,0.19435209774133919
76715,0.011869331423159742
76716,0.025529705012325318
76717,0.047886429680477516
76718,0.03532729413996041
76719,0.025575662208520623
76720,0.20388166927338844
76721,0.2092758323893787
76722,0.12291493319157447
76723,0.8117606722851154
76724,0.018521481367921096
76725,0.042672946545571105
76726,0.04309467556140481
76727,0.02041626505431815
76728,0.04179958858470896
76729,0.03870065335848143
76730,0.03872862981766651
76731,0.13177689595015557
76732,0.12283286070853817
76733,0.02193674131876618
76734,0.045215305963610175
76735,0.04394799106656301
76736,0.0989735358331926
76737,0.01636136493579191
76738,0.054229640982180805
76739,0.1711714463093978
76740,0.06720242410365998
76741,0.09899285796250054
76742,0.04008069009326117
76743,0.03556411641216503
76744,0.030365984747180347
76745,0.028434443399606338
76746,0.13968588305163687
76747,0.30096834977530046
76748,0.011962628201910193
76749,0.028036781685957753
76750,0.17379360999055704
76751,0.01673224242815223
76752,0.22779599550032453
76753,0.026960770683503138
76754,0.06717622783083241
76755,0.35728042334322396
76756,0.010950176966094747
76757,0.058244047512452414
76758,0.09071657306650008
76759,0.014332374482057476
76760,0.13980256079607642
76761,0.04204943884227736
76762,0.11495251396398852
76763,0.03876682408704671
76764,0.11403431591358071
76765,0.2725826563695646
76766,0.2732680018915838
76767,0.21935873222864535
76768,0.05879806059195149
76769,0.03856832808056189
76770,0.08938844406964262
76771,0.020552174085673246
76772,0.019662619799827794
76773,0.02510412407928802
76774,0.014737550692136225
76775,0.04070341647327166
76776,0.01125065802582129
76777,0.02519896565895484
76778,0.09142373036060406
76779,0.03051748696244874
76780,0.1557091585185018
76781,0.01851242238400287
76782,0.1992980301242599
76783,0.016763599239906862
76784,0.0822183896071737
76785,0.04230974029309926
76786,0.035978974564829104
76787,0.030489035879900685
76788,0.0109012571031795
76789,0.06787947791469226
76790,0.03997178876234532
76791,0.127420810635465
76792,0.01562971656454063
76793,0.07029444977275073
76794,0.08262739929384996
76795,0.03984979108877976
76796,0.016025916991506753
76797,0.04007020676320629
76798,0.023211216832275866
76799,0.04291740324943033
76800,0.019922325279036104
76801,0.2286329263108
76802,0.04068073887432826
76803,0.0555977218923805
76804,0.01568626439389707
76805,0.011020155131372587
76806,0.15215241451231734
76807,0.008436638051648116
76808,0.04043489389996146
76809,0.04041103246282069
76810,0.014394565742715405
76811,0.05848379418717413
76812,0.3142772807225807
76813,0.02918466698463391
76814,0.10274444579885551
76815,0.021007406462003924
76816,0.024552094968556648
76817,0.07072709090408044
76818,0.04838831194631388
76819,0.1064686401730959
76820,0.01572948030228025
76821,0.04761194684165892
76822,0.07123248102878803
76823,0.02313112724500526
76824,0.07247688186098848
76825,0.01579780192101269
76826,0.06030501896042211
76827,0.3769067985992312
76828,0.3649829681936453
76829,0.09043670817184532
76830,0.010319124066835626
76831,0.04589807571371806
76832,0.03858986313741271
76833,0.027700398222348866
76834,0.0672978215294256
76835,0.053817113987139495
76836,0.06332500021612472
76837,0.17308003429919125
76838,0.18287199641560514
76839,0.08293892384139595
76840,0.022645957874537298
76841,0.03707459090840899
76842,0.02692905868914981
76843,0.030098381565932288
76844,0.016695850063701993
76845,0.06100328768647312
76846,0.028540200356994526
76847,0.13760827293884795
76848,0.03087593054634761
76849,0.0497023013201683
76850,0.0365959172576442
76851,0.02651399046504912
76852,0.01360517945395242
76853,0.01993276028106311
76854,0.022311646660829552
76855,0.02714387293412431
76856,0.12088023058230156
76857,0.030530971546804984
76858,0.018758348764862154
76859,0.054721696415154605
76860,0.03493306903033497
76861,0.06133998822640303
76862,0.024185956326855843
76863,0.05693273606801241
76864,0.03226200860515361
76865,0.059273077622376005
76866,0.01753056681565011
76867,0.03650623664070089
76868,0.24382603253027813
76869,0.04794815541841505
76870,0.12656149193167493
76871,0.11005255464633176
76872,0.09498503108057448
76873,0.06897291294057198
76874,0.1045045152982363
76875,0.08802781808514332
76876,0.010731041158557487
76877,0.03315380139277317
76878,0.045530554464781374
76879,0.01695614170246032
76880,0.04341663342901775
76881,0.03236811893479753
76882,0.03105084658254677
76883,0.0482586880888366
76884,0.10759107135455723
76885,0.03958130102591628
76886,0.07731254099289454
76887,0.011745187155252412
76888,0.1549145153472586
76889,0.03370136652960665
76890,0.01938639440644107
76891,0.12054394015486186
76892,0.05306577341100949
76893,0.03412318616480764
76894,0.014000663712155711
76895,0.03317743043912788
76896,0.027860762056178615
76897,0.22301570465722567
76898,0.02000330272437708
76899,0.07053135990221104
76900,0.1070507021899233
76901,0.043887298395118075
76902,0.1519312139328091
76903,0.09040138352744251
76904,0.042338458977575225
76905,0.1848261474089375
76906,0.04106015835637667
76907,0.28624698606094734
76908,0.036099989592934464
76909,0.12451901661595485
76910,0.034211338491984974
76911,0.041442927541773575
76912,0.012793578245888181
76913,0.027243967625980938
76914,0.061684409868320036
76915,0.04908531508507839
76916,0.03879765072442057
76917,0.039599378346143965
76918,0.08322114268988848
76919,0.02472426147789698
76920,0.11691529264107159
76921,0.015410669306248216
76922,0.029415403076733296
76923,0.021345587620224503
76924,0.02417971366546427
76925,0.020473684953863397
76926,0.03627418686732196
76927,0.1287586541693159
76928,0.09455051830237504
76929,0.0919779068043145
76930,0.1166098027602722
76931,0.03305221275187089
76932,0.03592501491960534
76933,0.12850960775690642
76934,0.014416225938014393
76935,0.20026639455415177
76936,0.04673822079290926
76937,0.025303447473581698
76938,0.023881518096881413
76939,0.02324417070764392
76940,0.03516026241109181
76941,0.06678908615790083
76942,0.02055329390209469
76943,0.026850902864750933
76944,0.007942831603954694
76945,0.02789453268965626
76946,0.12493638072545282
76947,0.03572528176382443
76948,0.0970488102857782
76949,0.10096325413403816
76950,0.14618253842432083
76951,0.027953015617964892
76952,0.04749833970936987
76953,0.016904755390384933
76954,0.10180410140761885
76955,0.014213798820582223
76956,0.05781511061010239
76957,0.013527715593978501
76958,0.024975645876189216
76959,0.08298871617101149
76960,0.032730768727572995
76961,0.028479069070770108
76962,0.029040244495575407
76963,0.03049842743722181
76964,0.016009923584966564
76965,0.0575742881298369
76966,0.0909508480645061
76967,0.0464295752468416
76968,0.03576267962939021
76969,0.033696255837392296
76970,0.05437009342069098
76971,0.055898275819545054
76972,0.05806151160775884
76973,0.03476399269383794
76974,0.03628175017937638
76975,0.29131656194894007
76976,0.023783824492774743
76977,0.03928871432152299
76978,0.053226184754271474
76979,0.10261153249115726
76980,0.05127784324191386
76981,0.013150137198025767
76982,0.04427777957636386
76983,0.04878185589825592
76984,0.023246200540961458
76985,0.05911913267693925
76986,0.030359895251941327
76987,0.011930190877945999
76988,0.05080609628709609
76989,0.05525785719902926
76990,0.021652755528875058
76991,0.012512290307466416
76992,0.012379438049723693
76993,0.02724254845307661
76994,0.053274140921749126
76995,0.01898827798583422
76996,0.34542837109741004
76997,0.0896702259583656
76998,0.045473929729885135
76999,0.04518782690753517
77000,0.031533609553400746
77001,0.1363455229969157
77002,0.05340343411223351
77003,0.014722767437573017
77004,0.03171536001929193
77005,0.062036969285912645
77006,0.016885779170772032
77007,0.07458988081918805
77008,0.21796318019054495
77009,0.023451523750066077
77010,0.04491827623502758
77011,0.012765505239312316
77012,0.01782654675813393
77013,0.06059336486082668
77014,0.01053217898510668
77015,0.11266196896935034
77016,0.03516871665766613
77017,0.024866172881117983
77018,0.10895097875524852
77019,0.09316780683148644
77020,0.09185304192981142
77021,0.015795436630039426
77022,0.02183176340742416
77023,0.11753152121806443
77024,0.3310993234223052
77025,0.02693507044692897
77026,0.038559656167000265
77027,0.013991653055817928
77028,0.01125988196947721
77029,0.019527226974643475
77030,0.013779186367693083
77031,0.044259962018789484
77032,0.08943900246063347
77033,0.0242754280434258
77034,0.10905229351521221
77035,0.01632592055488814
77036,0.020578534620586432
77037,0.028543414936181823
77038,0.0553681630805678
77039,0.027387485568726243
77040,0.1547135053304456
77041,0.0330371401085933
77042,0.8450820071485533
77043,0.03179769584826332
77044,0.11084049793014983
77045,0.009666508869140998
77046,0.792695385380162
77047,0.010404162469922467
77048,0.11870880287644164
77049,0.09037597743253797
77050,0.267739768544489
77051,0.019993441979158904
77052,0.03202623314865183
77053,0.03964903966621428
77054,0.021282840525274762
77055,0.01629049868913409
77056,0.02784572103636814
77057,0.03313745636400115
77058,0.05434472445768477
77059,0.02669459583328138
77060,0.057840991110306106
77061,0.0356355433169519
77062,0.025660625060869302
77063,0.06756915535068286
77064,0.00840229873092844
77065,0.061109091907372654
77066,0.0352473171636046
77067,0.01927852521554433
77068,0.015985345377031064
77069,0.08508995216697648
77070,0.06453457406364171
77071,0.07161926581479826
77072,0.046560302299252836
77073,0.3233778730151748
77074,0.03277743424525114
77075,0.043848961977290914
77076,0.032469905135519055
77077,0.016761475681704947
77078,0.016468021130209027
77079,0.07276259226024659
77080,0.06406218063618672
77081,0.01691884539521872
77082,0.03328850056076413
77083,0.12259223390400377
77084,0.0692504608023642
77085,0.05244271236222823
77086,0.04637259101288655
77087,0.04147240436474679
77088,0.031980682903775544
77089,0.10389264476005478
77090,0.08368972496709187
77091,0.06776961514559153
77092,0.0591882504464125
77093,0.03199493981009022
77094,0.014455004117611739
77095,0.05740544713691456
77096,0.05761865213783761
77097,0.04179841938471407
77098,0.022776709594681154
77099,0.07200071257234578
77100,0.059572559553759556
77101,0.06814016558901592
77102,0.24556579337328963
77103,0.08551445018914226
77104,0.017033450617866853
77105,0.01934770896662129
77106,0.009993460201152394
77107,0.09086641992001294
77108,0.07108598523725862
77109,0.0489195027614504
77110,0.06742081250336296
77111,0.03234830108309034
77112,0.04208774035255423
77113,0.07697530434947963
77114,0.017589988495528844
77115,0.0687794584383137
77116,0.01407372586238096
77117,0.05593289721498751
77118,0.03929659736409362
77119,0.12619690502833827
77120,0.017906648240293904
77121,0.07035906119599837
77122,0.03974741703462764
77123,0.07576773652529296
77124,0.03650095775034011
77125,0.0835525796376027
77126,0.023026796337163664
77127,0.19031543280147556
77128,0.031071510563136753
77129,0.027323196731464737
77130,0.054370593281611
77131,0.027157431118673078
77132,0.016373653501497734
77133,0.056641863626164704
77134,0.058532146782478534
77135,0.014119879739458687
77136,0.027710771365817434
77137,0.054287836083757535
77138,0.03650291929075133
77139,0.09392733185327035
77140,0.062476195395603396
77141,0.051075666301309275
77142,0.010393365375084973
77143,0.3976348234231732
77144,0.035547178686762305
77145,0.039430894726256244
77146,0.2702588944331997
77147,0.032180976951653895
77148,0.03126880599066664
77149,0.03451657610395735
77150,0.06436392933409646
77151,0.054955559327446786
77152,0.03418095178666932
77153,0.01964953052679234
77154,0.017548211781994602
77155,0.17078016106050503
77156,0.03758626136304108
77157,0.04298673239928967
77158,0.07101393834524315
77159,0.12029353540216492
77160,0.023737914483635117
77161,0.02208415960216909
77162,0.035604439658863035
77163,0.028852399108970778
77164,0.03550983131813943
77165,0.04058475591087494
77166,0.06312232634813798
77167,0.07949622289890208
77168,0.021300303773184398
77169,0.011753604741606574
77170,0.12748992418745222
77171,0.014431790155141136
77172,0.016040075721824927
77173,0.025188760874783757
77174,0.06520646973387914
77175,0.01710721436367331
77176,0.0436224477490881
77177,0.10788362442343777
77178,0.027620908429706
77179,0.017797654773670877
77180,0.03268444893422993
77181,0.020011159138445863
77182,0.024212988030119082
77183,0.0701609653930812
77184,0.03979538871786589
77185,0.027693962947310625
77186,0.05378250386072124
77187,0.03256547368743127
77188,0.07566031125329795
77189,0.08078032148209503
77190,0.07441522034127461
77191,0.06235870392087409
77192,0.06999282308812511
77193,0.027989486439545682
77194,0.08003947754454485
77195,0.02463841624166016
77196,0.05781098447753426
77197,0.04860419120643103
77198,0.0703488508653057
77199,0.034532097795127115
77200,0.02098372740386649
77201,0.013590129632868575
77202,0.016174640870759878
77203,0.05697653049969316
77204,0.10523897902160809
77205,0.20401371515611616
77206,0.05422762311467689
77207,0.15363339299532736
77208,0.022450525171244108
77209,0.022500087693069083
77210,0.06750216184392334
77211,0.06001719197015948
77212,0.052307027764145364
77213,0.05589011533140774
77214,0.024810390150789303
77215,0.17281938824364662
77216,0.018138811904527243
77217,0.08114843769252506
77218,0.05895944542339385
77219,0.04882529431813579
77220,0.06087729769706738
77221,0.0811486949225802
77222,0.06798185193409542
77223,0.22656330620515452
77224,0.13089875214155156
77225,0.02136522659506289
77226,0.2560030481135309
77227,0.017233338403623243
77228,0.11956678815380305
77229,0.03438855731925126
77230,0.02496764053195601
77231,0.0341555756054627
77232,0.14373395264521865
77233,0.03018064448804981
77234,0.08968861537914675
77235,0.047994798773295995
77236,0.07100344473663747
77237,0.6225271287612092
77238,0.16285329834523388
77239,0.16214130813227853
77240,0.1165356886460773
77241,0.0720638132956529
77242,0.04138246590943449
77243,0.024973321159293564
77244,0.016623544719971288
77245,0.04898148189933801
77246,0.05533644999878766
77247,0.024263363825619673
77248,0.05783982645595001
77249,0.09466797080271704
77250,0.050478581004359785
77251,0.1643582191810973
77252,0.05013220073161556
77253,0.038814365925208365
77254,0.022563901694761843
77255,0.20076659726556975
77256,0.027506874354710914
77257,0.03826092963930554
77258,0.045799511026469716
77259,0.025361372201193402
77260,0.08425358654614565
77261,0.02588173422353752
77262,0.14727266455506494
77263,0.06435560511613622
77264,0.060768498199910266
77265,0.02197543422510658
77266,0.009205987575776871
77267,0.05323571402967653
77268,0.19116727383191437
77269,0.06006099731406277
77270,0.08617716250767946
77271,0.09209840219094731
77272,0.02098179530523522
77273,0.2083866768840812
77274,0.09729635592411501
77275,0.06254819607406908
77276,0.029520159413021975
77277,0.04106906655978423
77278,0.26913053506001694
77279,0.04007281494325121
77280,0.15260283046004763
77281,0.05538911487675546
77282,0.016842328931608558
77283,0.0719716105095681
77284,0.157015694546372
77285,0.028076345724798984
77286,0.05343849823857304
77287,0.041294864916323094
77288,0.02804162448333574
77289,0.045910634108680015
77290,0.02044817101783575
77291,0.024249673426204137
77292,0.05282270024713004
77293,0.05137123020728997
77294,0.1297626933356624
77295,0.04190599456042218
77296,0.020513606699703302
77297,0.03776380393770876
77298,0.09357200076662925
77299,0.013926057643924506
77300,0.06459854258492011
77301,0.012314779553477833
77302,0.027811836206542387
77303,0.016659700001932516
77304,0.031032160305338223
77305,0.16886192300980254
77306,0.038165616121937855
77307,0.18415586647809504
77308,0.11866900505808273
77309,0.021001709372504385
77310,0.061309018606676
77311,0.028795126051655254
77312,0.0407361171942793
77313,0.02206635326407059
77314,0.02474795940900426
77315,0.0632371228024215
77316,0.1300657717172465
77317,0.050214324998695936
77318,0.08479917234116685
77319,0.01297012003824977
77320,0.10478028985886427
77321,0.018300808457681533
77322,0.0892647850593345
77323,0.023246517030892266
77324,0.060238681232336506
77325,0.015487077590689853
77326,0.0649198163050404
77327,0.05749099375410627
77328,0.03824301461098589
77329,0.08135625437535496
77330,0.04031169307280326
77331,0.012850713452204367
77332,0.02556551235256906
77333,0.023608153097093906
77334,0.05844681578439467
77335,0.032317256126526396
77336,0.015339103827837274
77337,0.08893535496189409
77338,0.1090788236355887
77339,0.02597809670625746
77340,0.022196925990164314
77341,0.1843764866384972
77342,0.11408921491380034
77343,0.10253153448636211
77344,0.06828381145531215
77345,0.07171340545632919
77346,0.04508461450456992
77347,0.049768773031987845
77348,0.04246451044514936
77349,0.1223369488045849
77350,0.026461584339821972
77351,0.047444986956638124
77352,0.029146715191973364
77353,0.1537678410783813
77354,0.01715413646249995
77355,0.05365939339600048
77356,0.07442485555862266
77357,0.01277596061714675
77358,0.043192710890272
77359,0.31080827742204853
77360,0.025763684034845784
77361,0.10410599043712919
77362,0.07227166917977722
77363,0.02716535927700507
77364,0.02272471368231187
77365,0.020867642795170727
77366,0.1425841744481873
77367,0.03380584199531415
77368,0.07496023941852789
77369,0.048511260566779214
77370,0.046183957089002886
77371,0.060314342738763835
77372,0.020091451515432075
77373,0.037744989887553496
77374,0.07269548367230112
77375,0.09510754897231638
77376,0.037786821432069836
77377,0.03094237887766228
77378,0.04435737947652002
77379,0.022707696488191705
77380,0.01737178513421011
77381,0.030583191557023593
77382,0.030836543850090235
77383,0.1588648200915272
77384,0.10409358550276243
77385,0.16696072062253475
77386,0.043613133881581605
77387,0.03082097029017338
77388,0.03744939629446756
77389,0.0750111130696628
77390,0.025639249606237192
77391,0.03391647418835572
77392,0.13773895985838983
77393,0.018731657031315983
77394,0.023147735680993858
77395,0.021225669220213437
77396,0.06539913110869952
77397,0.05682346778614596
77398,0.11061145708303649
77399,0.0519908753218027
77400,0.037899190219916924
77401,0.0453513391894255
77402,0.04315698129764698
77403,0.0305970605467826
77404,0.04142340639314994
77405,0.1639397021972958
77406,0.07376377289184663
77407,0.07836755284278239
77408,0.05443175749804816
77409,0.15008245736498443
77410,0.03473030951334741
77411,0.39525155071055007
77412,0.029604230473635824
77413,0.18611932386593374
77414,0.21472200661219898
77415,0.26513838585413896
77416,0.08158154743283809
77417,0.06632620381127888
77418,0.06067505505188955
77419,0.0571710970413585
77420,0.020315393706669068
77421,0.020722369284898713
77422,0.07745573560052507
77423,0.02009829781622165
77424,0.15478918179297996
77425,0.023631829053298352
77426,0.03782521876863191
77427,0.08880816930928209
77428,0.043642864830628736
77429,0.08737251198624094
77430,0.10143463022633384
77431,0.03769080025879817
77432,0.0779169930356882
77433,0.04559740194303262
77434,0.07085970061627768
77435,0.03465960491349864
77436,0.07801225048916902
77437,0.02040540382216777
77438,0.017868601474314686
77439,0.00984734529646551
77440,0.027234231148638488
77441,0.013321061095399182
77442,0.047064933434023626
77443,0.035110338276514254
77444,0.10976845169064275
77445,0.038001703900618265
77446,0.43232116867106
77447,0.12207511645586312
77448,0.11472948317638074
77449,0.2457244830412312
77450,0.017811210554257134
77451,0.06350036422733858
77452,0.0572627615062593
77453,0.03775256260597727
77454,0.12515454998668174
77455,0.029559772016732294
77456,0.017735859991273962
77457,0.07129717245997663
77458,0.06672968214982178
77459,0.01798073463019139
77460,0.031343850813987044
77461,0.0943879630990956
77462,0.026984345821701873
77463,0.02327281711194427
77464,0.062376381276912765
77465,0.014392134900212378
77466,0.11478281052713357
77467,0.026985272544225294
77468,0.03903077100382031
77469,0.027062706583663606
77470,0.02956958118258604
77471,0.21185410909282743
77472,0.11125579023230425
77473,0.02140930564461038
77474,0.129458431758928
77475,0.08077040038676031
77476,0.07958637285251102
77477,0.0172198485259112
77478,0.03618181538216209
77479,0.028594925921061807
77480,0.32097814703187305
77481,0.3135754229693877
77482,0.04099439631620419
77483,0.05546051405370568
77484,0.02508412363322298
77485,0.04377329921072202
77486,0.04411104874996044
77487,0.11779696865521125
77488,0.03453819335799925
77489,0.02188780740166095
77490,0.04894394603619536
77491,0.07522360605285885
77492,0.011933907014684022
77493,0.04051154473853731
77494,0.04176383174118754
77495,0.04493152836524006
77496,0.05322637848823645
77497,0.13849302152777454
77498,0.008342856032694164
77499,0.017210411925052207
77500,0.12679090968408102
77501,0.014653898852061508
77502,0.029651405264061285
77503,0.027525317541943876
77504,0.03332722540709564
77505,0.1819445262156632
77506,0.04986813112071389
77507,0.018060041927714078
77508,0.018005221921411435
77509,0.029594096671162334
77510,0.13998835842428364
77511,0.06442513475629094
77512,0.02139335221453252
77513,0.0837123949818378
77514,0.012512093934582455
77515,0.033767864597570134
77516,0.028309286032275383
77517,0.20368582094018817
77518,0.14791007427934214
77519,0.05515281853372878
77520,0.044399443781478184
77521,0.012590502984112023
77522,0.0230577174481217
77523,0.03562593319275481
77524,0.2865290428482226
77525,0.04443579182218224
77526,0.04709466509107375
77527,0.09211241602666309
77528,0.051513793759423325
77529,0.03534665320120235
77530,0.21115956730281793
77531,0.01697533170755404
77532,0.020384886127440882
77533,0.0608511581944536
77534,0.12018709354489648
77535,0.033647402993561414
77536,0.03068447918766106
77537,0.08197938614011482
77538,0.039739423505421374
77539,0.11927683244851899
77540,0.11597154327221931
77541,0.06231528634524512
77542,0.020833120553676317
77543,0.2285277613042078
77544,0.12720238181274307
77545,0.07478114206638148
77546,0.0909481691841566
77547,0.033203529873534386
77548,0.02448187782522212
77549,0.029531545482284878
77550,0.029649930912706828
77551,0.0874317913690115
77552,0.010620697440845744
77553,0.04230802068843359
77554,0.023384253175772706
77555,0.08201306406282771
77556,0.043729028274304235
77557,0.039337186710875674
77558,0.05402503566366513
77559,0.023669711030616155
77560,0.06981507585326635
77561,0.04789338878421786
77562,0.04461405955704355
77563,0.07193711851095164
77564,0.10450285474820441
77565,0.029969508611289285
77566,0.03302838389684109
77567,0.08918001248010143
77568,0.10441214609237186
77569,0.02858668870233467
77570,0.03683533679448239
77571,0.29927918232278866
77572,0.08891835115471589
77573,0.2376902733163097
77574,0.031843218019866594
77575,0.07404018869490274
77576,0.06034193192988639
77577,0.48085095072294715
77578,0.07984861396846189
77579,0.036666496445102725
77580,0.055586136903980864
77581,0.057669640837226414
77582,0.08746898969212599
77583,0.13139834755698765
77584,0.026844605979882596
77585,0.03477259357244175
77586,0.030134340607686792
77587,0.062095079531471864
77588,0.024863282788543925
77589,0.05876454758006307
77590,0.08344057558801957
77591,0.11406387496622307
77592,0.01400539399143155
77593,0.08295535530434846
77594,0.042788470912682466
77595,0.029334085556194926
77596,0.017069544128836597
77597,0.15124216375536176
77598,0.09210270175904509
77599,0.017130584776170826
77600,0.046901674235024275
77601,0.015250898932120123
77602,0.052301264024214845
77603,0.023634596176866942
77604,0.03873209597254458
77605,0.02522914054478564
77606,0.02622464378631423
77607,0.021500515553384527
77608,0.03223319862823822
77609,0.0735348720471112
77610,0.03286404508867334
77611,0.04387758470481673
77612,0.047270581218402
77613,0.10595625665228897
77614,0.05428130989958212
77615,0.01993882842206768
77616,0.010559603544646978
77617,0.01387546974430406
77618,0.043608028354242684
77619,0.27065006246829965
77620,0.11046278446264217
77621,0.023425644752580466
77622,0.010806459592281128
77623,0.020696592178594108
77624,0.12397770356314562
77625,0.06482600043022158
77626,0.08312398488830758
77627,0.26999218203159764
77628,0.07881448506733565
77629,0.015904435647688606
77630,0.08134226542013553
77631,0.023415960094197705
77632,0.056207165940394516
77633,0.01259658246045566
77634,0.10936108583233654
77635,0.0656538457469881
77636,0.026411843233350052
77637,0.29776306965853083
77638,0.0815443203366877
77639,0.017306344389180918
77640,0.02783665246057227
77641,0.06493039645107493
77642,0.11164134674283827
77643,0.018198203918892125
77644,0.04581986870541604
77645,0.024030666826369583
77646,0.1114126902283093
77647,0.08870149649304432
77648,0.05106099206831307
77649,0.0265631473274157
77650,0.024274168404614292
77651,0.028858719984287233
77652,0.13311607744732012
77653,0.0806738740515453
77654,0.08064100471416603
77655,0.018284710014899917
77656,0.0949771201676056
77657,0.04859694495882104
77658,0.13099142656139712
77659,0.19068936265936778
77660,0.06665004005870363
77661,0.0682666888700187
77662,0.08044087170549113
77663,0.019450098977179392
77664,0.03652124737394495
77665,0.06760039552968296
77666,0.029409234804981754
77667,0.03478588785239018
77668,0.06672709383765231
77669,0.04791976350589284
77670,0.08310481834507706
77671,0.031839023615508125
77672,0.022213194374145432
77673,0.035272655955706736
77674,0.011725865684014798
77675,0.05187993691388765
77676,0.06539177924122441
77677,0.5078446139516551
77678,0.02852225850258198
77679,0.03690082714566899
77680,0.02820681697896075
77681,0.1341619680292784
77682,0.02405572124058574
77683,0.11331184891198659
77684,0.020516583678694248
77685,0.18729214298777572
77686,0.08150850115920037
77687,0.9304431078272029
77688,0.16261211075559523
77689,0.12637307333016773
77690,0.02580854162085857
77691,0.03358804682913462
77692,0.09387158054112049
77693,0.044538547563709216
77694,0.1278289570664977
77695,0.019117273688063405
77696,0.03310830460913597
77697,0.08365266615001868
77698,0.03173965960938267
77699,0.06722539786818169
77700,0.1584342442885429
77701,0.05545575456109206
77702,0.023262243873328297
77703,0.04006111382210521
77704,0.015361737818173021
77705,0.054388224973656925
77706,0.05659552463739113
77707,0.03444190076030916
77708,0.07159874899901074
77709,0.02612763861597317
77710,0.024169517182327016
77711,0.08980431446957152
77712,0.11294397198912123
77713,0.029177960095059463
77714,0.07353726796008869
77715,0.07514292987169174
77716,0.011781757202424359
77717,0.1006156328589391
77718,0.04897404152953851
77719,0.028083986738177934
77720,0.0692800325133826
77721,0.2614951159991849
77722,0.017910340529576158
77723,0.020267319882876948
77724,0.05171040050490776
77725,0.018747722445492346
77726,0.03392067415758198
77727,0.012128935828413987
77728,0.043136126540858154
77729,0.12449989683218517
77730,0.02298839614125304
77731,0.022108464072293586
77732,0.15828526920071723
77733,0.007684942235404926
77734,0.07751960247408621
77735,0.17319133333019446
77736,0.04449726900189062
77737,0.05460565406500904
77738,0.025575240201255865
77739,0.3368277065334238
77740,0.06065117187131336
77741,0.027758195860598002
77742,0.029579763798004165
77743,0.06717511609282445
77744,0.05309092654878213
77745,0.0725928476523903
77746,0.030969624051042227
77747,0.04047342578159925
77748,0.14331447498642558
77749,0.03799318131601194
77750,0.023036342451487356
77751,0.038107908905949776
77752,0.02321915622520198
77753,0.015421626561193776
77754,0.018790206218428775
77755,0.02537623125562371
77756,0.030831310009929395
77757,0.05003684220438238
77758,0.03777230652335774
77759,0.3057366007489742
77760,0.03937884803768621
77761,0.06294002213080244
77762,0.011464049618267106
77763,0.02236561355023777
77764,0.14383281316475904
77765,0.057078767672003136
77766,0.06550049079922166
77767,0.017509798695909337
77768,0.010552849815672576
77769,0.06455009731559883
77770,0.0100630896666656
77771,0.038974012840563454
77772,0.061768138670807944
77773,0.06284261791873441
77774,0.03092623643584685
77775,0.05080690312017503
77776,0.16045328529403802
77777,0.24877859582454856
77778,0.08754373640601273
77779,0.012130472435099819
77780,0.06944643189690822
77781,0.020172965450970328
77782,0.022033853849155155
77783,0.12550044218536943
77784,0.03133623304084852
77785,0.037014961378221606
77786,0.1343865562016329
77787,0.007006509263843072
77788,0.03800814524055124
77789,0.20176789738615503
77790,0.012957915885623679
77791,0.07061720414621456
77792,0.0735481295211503
77793,0.06821611320643552
77794,0.1054758708651351
77795,0.18476319634913752
77796,0.052784672008237485
77797,0.06285321394594183
77798,0.16431749161424025
77799,0.042543645092454736
77800,0.04127547156607195
77801,0.06639363372404278
77802,0.04674678647119101
77803,0.02671909128674934
77804,0.1300720305935934
77805,0.025796749728070983
77806,0.10281391006416943
77807,0.03351968534867627
77808,0.11426857906738962
77809,0.2216819016758368
77810,0.018957564849362087
77811,0.09512588771111147
77812,0.07907987525946193
77813,0.06354168297023555
77814,0.025513544227994442
77815,0.10027358971647593
77816,0.03822203325328874
77817,0.3070776774442527
77818,0.024604667270801604
77819,0.02309925030030866
77820,0.02705820907616855
77821,0.08540555286513744
77822,0.1358446599294006
77823,0.04534940130009704
77824,0.030200567765710347
77825,0.07223929238544896
77826,0.028036185680575816
77827,0.41390961807905935
77828,0.06912022642548472
77829,0.13970444969369553
77830,0.023548019675948672
77831,0.03226233914454102
77832,0.03478693055949762
77833,0.045071462224012065
77834,0.031305370608327526
77835,0.09538385184097442
77836,0.0179883293275347
77837,0.012106387700510788
77838,0.02876668576629491
77839,0.0798932229978758
77840,0.011546689450232453
77841,0.056647120697172454
77842,0.028625774129389603
77843,0.11682317280252172
77844,0.14751286777835929
77845,0.02708188478735019
77846,0.032721103092250584
77847,0.0355634689773581
77848,0.07786311897097935
77849,0.05024668466794951
77850,0.0542678558684212
77851,0.07320238161837136
77852,0.06802977839624857
77853,0.8922891840117909
77854,0.014317953778862792
77855,0.3644325994490731
77856,0.09839229781599741
77857,0.12084210120320892
77858,0.018308588104342584
77859,0.05520220511784359
77860,0.015937313453776924
77861,0.06623990065597117
77862,0.04203967878605109
77863,0.04482692201757329
77864,0.11271580434065413
77865,0.04358566363533141
77866,0.03560173471016354
77867,0.1135571378056784
77868,0.020756810408708803
77869,0.04468242845179426
77870,0.014932478883665334
77871,0.01859181049388355
77872,0.06333878847358994
77873,0.06249723306773726
77874,0.10167609560333846
77875,0.06421572166403587
77876,0.02212322135678378
77877,0.015343043190278948
77878,0.08051209742405811
77879,0.0601552611377948
77880,0.05193815947763044
77881,0.030914793830007045
77882,0.03142434044034091
77883,0.016413783256613246
77884,0.1836831071164463
77885,0.05758056467982036
77886,0.09104541789901024
77887,0.06215371249559955
77888,0.02130788538528695
77889,0.16238077119535665
77890,0.037314677908775726
77891,0.10329808159521833
77892,0.1301387155554069
77893,0.030522928184356438
77894,0.040412092611024464
77895,0.014158000527746743
77896,0.18697356501006263
77897,0.0351231744141566
77898,0.007715348095944978
77899,0.1298260093258574
77900,0.01263653407182028
77901,0.06331541859100283
77902,0.20935518379094004
77903,0.034679544302362905
77904,0.02473348381418483
77905,0.05054534381454298
77906,0.029668620268090803
77907,0.054515511914691485
77908,0.09756997834186867
77909,0.09388913264222049
77910,0.012974065097164549
77911,0.1392929045659606
77912,0.06467481070207542
77913,0.017818025364700806
77914,0.022223702275878457
77915,0.1522269835457264
77916,0.14516908500450876
77917,0.15680506207957806
77918,0.016390588260366854
77919,0.06006266606339175
77920,0.033189573068036715
77921,0.04152281365087038
77922,0.026102135185626776
77923,0.07394590469433815
77924,0.1216359056615965
77925,0.0661191581285608
77926,0.03416963971271332
77927,0.11469374555768562
77928,0.01717085049418959
77929,0.020014207050337962
77930,0.027531681198680436
77931,0.07207611064984094
77932,0.0424663780202053
77933,0.06323848624510797
77934,0.039655187822938844
77935,0.07606237966387787
77936,0.011852363017467603
77937,0.011723915466137824
77938,0.10597488508085953
77939,0.15129711671696558
77940,0.032579555590397075
77941,0.08653026166232074
77942,0.017986094920203487
77943,0.021139793824996617
77944,0.025001845451622883
77945,0.09531547028694917
77946,0.09174833573013735
77947,0.019175642046868186
77948,0.17582930311876097
77949,0.07857449707927336
77950,0.0601265620402191
77951,0.03988023117656055
77952,0.05518145250775123
77953,0.013604074275544829
77954,0.188942451503824
77955,0.10159363642387832
77956,0.03923421679069008
77957,0.05794081268331619
77958,0.015104581670092598
77959,0.05358060942747164
77960,0.022918961765285528
77961,0.012522493281708149
77962,0.18282064263971104
77963,0.4300607196681397
77964,0.12187983033225769
77965,0.06110597206486271
77966,0.020995066412719733
77967,0.08100039234720427
77968,0.034768617912506114
77969,0.05989487394729961
77970,0.1448982155590846
77971,0.022214002881624298
77972,0.02380194588312066
77973,0.02395190636013203
77974,0.056778699971471266
77975,0.0968885517554664
77976,0.026146807936989362
77977,0.010550654435010805
77978,0.030354306064321428
77979,0.1441993272172718
77980,0.03249832344598012
77981,0.060914256892414864
77982,0.17414256587711321
77983,0.09260653708645282
77984,0.046583087431489846
77985,0.07430077356704214
77986,0.05340404946885506
77987,0.09036601015982956
77988,0.04814260617142454
77989,0.05959735446181546
77990,0.020391342241888294
77991,0.0860587930701104
77992,0.03282799159435638
77993,0.019176086642810355
77994,0.2987946299334143
77995,0.06850027023427796
77996,0.038885356450032604
77997,0.10494627942367422
77998,0.021092427614831506
77999,0.044779069326857546
78000,0.05510995608419841
78001,0.025075292139746342
78002,0.03529211169678936
78003,0.014762081356783249
78004,0.04988718391493558
78005,0.027573628695987118
78006,0.023915270360535586
78007,0.0983431880760574
78008,0.014554363648549682
78009,0.028137141820514123
78010,0.023173646470172345
78011,0.033173331118499585
78012,0.2763349862243166
78013,0.3724983013840616
78014,0.0674791842487327
78015,0.0931838343190805
78016,0.04966765388264886
78017,0.02068783351750597
78018,0.0331996809142963
78019,0.025716505248550365
78020,0.03395849133126415
78021,0.01537402437069172
78022,0.052106329712255595
78023,0.03546298338169619
78024,0.02174035869064395
78025,0.017250669723390052
78026,0.01268635536298126
78027,0.02939843440346613
78028,0.0486692754428146
78029,0.025855298831199615
78030,0.0783611071076138
78031,0.009615580024350055
78032,0.11282087160387322
78033,0.030090692784614202
78034,0.025321262568310358
78035,0.06639014752053904
78036,0.024934794670125698
78037,0.040550124855032704
78038,0.024776951551951774
78039,0.032518418545773475
78040,0.028021994755666517
78041,0.050686805488266325
78042,0.02191681177810946
78043,0.012491191000261512
78044,0.012616845986795723
78045,0.014934257422126472
78046,0.04349795744749166
78047,0.009491768618896664
78048,0.028020598513177494
78049,0.027171221640047805
78050,0.04405285266702926
78051,0.02724651297853007
78052,0.18580067880353088
78053,0.056657051294110236
78054,0.062169136480323864
78055,0.08080993052298079
78056,0.027803296644163377
78057,0.04142500846141172
78058,0.016116930609818475
78059,0.43755640382296934
78060,0.016172169363248775
78061,0.08904270070157178
78062,0.028560913875329018
78063,0.3535002786611855
78064,0.03744762742212269
78065,0.023446692564581137
78066,0.05227544869124305
78067,0.03206956851566528
78068,0.020820095247376807
78069,0.017919722381079632
78070,0.046566952469851375
78071,0.1370387022725257
78072,0.09608124264358911
78073,0.03318528689530691
78074,0.02500114082000659
78075,0.08285069493553356
78076,0.02593156810944976
78077,0.06448539378117732
78078,0.07565252523831383
78079,0.016982590830261015
78080,0.27902959457653015
78081,0.032620781412050937
78082,0.13493434017263006
78083,0.12798661445162088
78084,0.03438134875035565
78085,0.03331506237363074
78086,0.1587488093728368
78087,0.013947741240906713
78088,0.10591644689660595
78089,0.018307982618627684
78090,0.02151238986037729
78091,0.08837622199139379
78092,0.056671817576422666
78093,0.012461699725871852
78094,0.031059736223513983
78095,0.07659752852460887
78096,0.011789137262844284
78097,0.05287467242097142
78098,0.01417241840406426
78099,0.03493511608169128
78100,0.052247511820298284
78101,0.023161033322533407
78102,0.03157629519688385
78103,0.2732946241846455
78104,0.167703548868221
78105,0.06385037250408572
78106,0.04757390875268023
78107,0.057812257619904786
78108,0.04345060139801184
78109,0.02908136586730643
78110,0.08464581661133602
78111,0.018938776048520744
78112,0.039397326426398226
78113,0.05492666278092874
78114,0.02095796080658203
78115,0.08443161078638593
78116,0.057093648680698654
78117,0.031751987912193594
78118,0.12025174896162329
78119,0.03139524523607657
78120,0.1760341163383658
78121,0.021241354867569458
78122,0.16624713835100724
78123,0.05912386179204968
78124,0.19779115031976952
78125,0.009382518860801728
78126,0.042507865533150446
78127,0.03472030759185577
78128,0.07232329552055067
78129,0.01802826295524843
78130,0.04423369546745737
78131,0.05435471097471826
78132,0.042692115194288324
78133,0.018279527201356945
78134,0.05744570504436121
78135,0.027848204755710038
78136,0.04271571922539663
78137,0.055411251179272425
78138,0.027685149035582113
78139,0.04930719443286535
78140,0.027627876557133304
78141,0.060529409982320294
78142,0.11444505622880144
78143,0.03363162706687561
78144,0.21982578273826278
78145,0.2446015580463356
78146,0.11353021021491257
78147,0.050010036363602704
78148,0.03448447445121569
78149,0.028844831496769675
78150,0.04810311647223516
78151,0.022982075684741053
78152,0.10842900712962714
78153,0.049131453709291346
78154,0.12655255796312917
78155,0.05265451671036711
78156,0.24552109339396913
78157,0.015588266287821586
78158,0.13699934611672004
78159,0.053768350204412736
78160,0.02022789070284269
78161,0.016880002660157656
78162,0.011657909438934955
78163,0.03322287781073325
78164,0.05142845902012647
78165,0.018479927107172264
78166,0.021493956494830064
78167,0.05472671417638551
78168,0.012586638160417524
78169,0.05172657929471995
78170,0.1577133390509651
78171,0.028670431054048356
78172,0.07729757233783965
78173,0.022095034895711105
78174,0.062042244220214766
78175,0.03772053537547955
78176,0.02676367704885259
78177,0.15117159349638803
78178,0.3098930466222781
78179,0.061075134469397996
78180,0.035031957000910795
78181,0.09331173947193865
78182,0.011205648759297861
78183,0.05284946716943573
78184,0.05173392078119281
78185,0.043137247005459116
78186,0.03123087584072944
78187,0.04907417671972111
78188,0.032366827642566987
78189,0.35700090275122176
78190,0.022469275875836234
78191,0.09530994646022042
78192,0.07147667037244151
78193,0.06304097173796282
78194,0.0304083844059071
78195,0.23935088941933427
78196,0.024096553134985283
78197,0.03909805097030354
78198,0.1297859189444529
78199,0.026252084142339906
78200,0.04759032426236192
78201,0.7606778587216168
78202,0.22245733219395464
78203,0.028967554737386686
78204,0.04071979636841585
78205,0.02223047606052936
78206,0.03914673053570552
78207,0.30147549789470207
78208,0.0476738365611294
78209,0.17983354050348377
78210,0.04708229463621334
78211,0.4152226261353323
78212,0.034348123818575965
78213,0.07521170159018105
78214,0.12168701759648184
78215,0.008488238014794688
78216,0.0770630407223014
78217,0.04829342969062405
78218,0.02136061449453954
78219,0.043953896485075195
78220,0.0809765226492627
78221,0.036237763247535214
78222,0.029390955264852484
78223,0.021570037062025163
78224,0.025701692057374718
78225,0.06492603928223914
78226,0.0480232699402998
78227,0.051959487374542625
78228,0.06664572316593852
78229,0.04826438867303833
78230,0.03904460082936337
78231,0.22083909664796952
78232,0.033988122137560306
78233,0.007968863659979732
78234,0.022028413261395322
78235,0.017565383473621136
78236,0.10535247129226784
78237,0.016157142929550675
78238,0.03382958534365311
78239,0.04031342608679028
78240,0.13525180091737662
78241,0.032761702941867636
78242,0.019975944568933396
78243,0.049675579197638875
78244,0.14656385898059807
78245,0.04778602593975638
78246,0.088117278095471
78247,0.08006113228301093
78248,0.08686783695630088
78249,0.009958700392684027
78250,0.07301587634159723
78251,0.030889393495574693
78252,0.03292107563214648
78253,0.03423787112774854
78254,0.06628980721206165
78255,0.048873594696655275
78256,0.05232148204598562
78257,0.0767344380557721
78258,0.0385209732530476
78259,0.017673482141518638
78260,0.13460650183956163
78261,0.047938058529883865
78262,0.08474140413966247
78263,0.0475805920853945
78264,0.12525362561538184
78265,0.022749843968133808
78266,0.03292456139684619
78267,0.031316864294938164
78268,0.01048894127127416
78269,0.09295187042919498
78270,0.041395083003620485
78271,0.010331791738784131
78272,0.16756050937653916
78273,0.030345624720066224
78274,0.09915891721236048
78275,0.02527544722186961
78276,0.037460562340858435
78277,0.01711497617734896
78278,0.06954268465397193
78279,0.03122497245236422
78280,0.13240779366854386
78281,0.04601994913787555
78282,0.02947378487383697
78283,0.09087274492167265
78284,0.05093067644333257
78285,0.0826438663787003
78286,0.1362265285485446
78287,0.01667937621404097
78288,0.041549484658303736
78289,0.047296239634466726
78290,0.40611230631348255
78291,0.01145036332277603
78292,0.06268297607975806
78293,0.21584917237160176
78294,0.013328981282889577
78295,0.052732971005165954
78296,0.4499475645758627
78297,0.08933889599487788
78298,0.014122072456266038
78299,0.04732040144285778
78300,0.02791444102804215
78301,0.027474944828341973
78302,0.039191515799277495
78303,0.17770888643457255
78304,0.04731775169796895
78305,0.014840614728871498
78306,0.05445333042563062
78307,0.02849016745605763
78308,0.07004280713446202
78309,0.010412196111328199
78310,0.012676369802009424
78311,0.032433115878068734
78312,0.05567747170072357
78313,0.0425356411645892
78314,0.023140457726740064
78315,0.035142750092102264
78316,0.05151024869544359
78317,0.05291715109910946
78318,0.03744140053933131
78319,0.01571336469719855
78320,0.07188875779384606
78321,0.019973434319793978
78322,0.04204348533840973
78323,0.023136108919094685
78324,0.0897618531141014
78325,0.12578251702947213
78326,0.06683429443977858
78327,0.03063901196212187
78328,0.028120167053469872
78329,0.07320815156158578
78330,0.04354411364674093
78331,0.03177939286651696
78332,0.039680692982112784
78333,0.043202942308283844
78334,0.16396066936562526
78335,0.10733329904464609
78336,0.1645948229616215
78337,0.14717733771737557
78338,0.06028926863208825
78339,0.029828940937969582
78340,0.23399810212632316
78341,0.16593164012996536
78342,0.06591486998639935
78343,0.3598839652578221
78344,0.21476056139476168
78345,0.10331657477805625
78346,0.0956273820968266
78347,0.08960487847444648
78348,0.09928941125172286
78349,0.20332625732163112
78350,0.016948244039832763
78351,0.14346638288468258
78352,0.09319273495552444
78353,0.016801774349003828
78354,0.026815593818415317
78355,0.07034995543657535
78356,0.008531219983594376
78357,0.05013222029825306
78358,0.01812082619310105
78359,0.016691313984305407
78360,0.15592506669383116
78361,0.027030575209444345
78362,0.05043694830274213
78363,0.03897054633238275
78364,0.024716137753301722
78365,0.04275783563744717
78366,0.010854062153079016
78367,0.0657156761960099
78368,0.04237003483483263
78369,0.06106437896235236
78370,0.14506337300909725
78371,0.032376336590493826
78372,0.052861551556231665
78373,0.04112215407516037
78374,0.016450330235395515
78375,0.030634786382082696
78376,0.0254909170029504
78377,0.02763598909065751
78378,0.04667908406118668
78379,0.23937843280884658
78380,0.09053738941778272
78381,0.019872659495696516
78382,0.07706461867303069
78383,0.0690122114632466
78384,0.05783849548776928
78385,0.09348102763071055
78386,0.03107106368534379
78387,0.024449243766435577
78388,0.03832113366225273
78389,0.010462530435379412
78390,0.16276916307371075
78391,0.025462063035579775
78392,0.04971151111919413
78393,0.4042963423607981
78394,0.07022495598211864
78395,0.7326386723997558
78396,0.17304877073141497
78397,0.04835817581095496
78398,0.06579180860060896
78399,0.03301162124865034
78400,0.028601968548569195
78401,0.054365689649329585
78402,0.03254872169778553
78403,0.1233342654354049
78404,0.14839289988966264
78405,0.028133864821309036
78406,0.07096942365467593
78407,0.03400702535170712
78408,0.09992222807605386
78409,0.07873908752248787
78410,0.0250942854015435
78411,0.03830108449904761
78412,0.050693441682011085
78413,0.05817601814743687
78414,0.03368900470011731
78415,0.016333399517859778
78416,0.014584542597275539
78417,0.0420560754273898
78418,0.05097090217518317
78419,0.17529518223112228
78420,0.01715489757583226
78421,0.03285657878710643
78422,0.14194710182926135
78423,0.030002556499876435
78424,0.040241731268536605
78425,0.024522900639354347
78426,0.038915503714030804
78427,0.04639140570571905
78428,0.07837832913185903
78429,0.06705138494823332
78430,0.06938255076255316
78431,0.02303789113684336
78432,0.054526732045785634
78433,0.06811395084421087
78434,0.0647300744388008
78435,0.11841544393175385
78436,0.09888709424570997
78437,0.017972504079429477
78438,0.19876243815734712
78439,0.042247313073485185
78440,0.022908266351560312
78441,0.7821189435190099
78442,0.017250621907298272
78443,0.08994284311138866
78444,0.06854282722426706
78445,0.16139051314601693
78446,0.06485880370057441
78447,0.020545567474874606
78448,0.12055206329649548
78449,0.09620021795937982
78450,0.07293423070137403
78451,0.0414334560329579
78452,0.034733434777810365
78453,0.05363183847201821
78454,0.08799945715917057
78455,0.030621705313588744
78456,0.01475307359718945
78457,0.047218554646143884
78458,0.01340761307072391
78459,0.09374484185656125
78460,0.036716359823237434
78461,0.008585033122273619
78462,0.22098154017598864
78463,0.06357664814275542
78464,0.06949528419626043
78465,0.017640374720198335
78466,0.02102835195013427
78467,0.053930060656296935
78468,0.03702244351271855
78469,0.013727991994068885
78470,0.0772538900619825
78471,0.05589804006740249
78472,0.11368640059431703
78473,0.006582848850881784
78474,0.06891435317261697
78475,0.04791772151581214
78476,0.2625616745893952
78477,0.02520673222672865
78478,0.03911549378398556
78479,0.05885111895911979
78480,0.0485045389114138
78481,0.21207129846231607
78482,0.0434061793413447
78483,0.20301113108084903
78484,0.030005612645997912
78485,0.02696265142157094
78486,0.029364576586291345
78487,0.02069537012817779
78488,0.051015697187460005
78489,0.07881631615104019
78490,0.04347246767521648
78491,0.02751589752155019
78492,0.035051373890822295
78493,0.015163311258508944
78494,0.03527634186071305
78495,0.1292467574132218
78496,0.049425478799689844
78497,0.06762188360747706
78498,0.41334868182089235
78499,0.026902947152167574
78500,0.02827868101905296
78501,0.3873206939249891
78502,0.008154766940494133
78503,0.022637016219847136
78504,0.13167031632467588
78505,0.06085142590016694
78506,0.023057621124686005
78507,0.03477922896114036
78508,0.0838962362445277
78509,0.16368800653202917
78510,0.04479127776822439
78511,0.050675687245630735
78512,0.2221593816865064
78513,0.0699399088539535
78514,0.170652748186368
78515,0.053688227169701175
78516,0.029259428684122332
78517,0.03326793802553914
78518,0.06883342732279482
78519,0.0387552823411066
78520,0.058741645328519124
78521,0.03238071986537812
78522,0.198013501195361
78523,0.060969097197830315
78524,0.051599510610920316
78525,0.025912204712947584
78526,0.030972726327311965
78527,0.10222418509261855
78528,0.06925436955292046
78529,0.03550738218167494
78530,0.04553318113410371
78531,0.022698210264047593
78532,0.04887378222162185
78533,0.07682671907349807
78534,0.011239953588508447
78535,0.09456208056163097
78536,0.07587870583766662
78537,0.03859295779373251
78538,0.017184460241655965
78539,0.04823696662107546
78540,0.34707074040248254
78541,0.018924313654508782
78542,0.04233421675400996
78543,0.03962649517422329
78544,0.029308100479777957
78545,0.06531326238238253
78546,0.04861144209021979
78547,0.022609275131058287
78548,0.04628650419387828
78549,0.017442988994511525
78550,0.020031663715110223
78551,0.02974857686176806
78552,0.11542208168227833
78553,0.029211647828669397
78554,0.04256662068409781
78555,0.03276312807525245
78556,0.034293175860371436
78557,0.03376507778815148
78558,0.010736190494200146
78559,0.13558407932765332
78560,0.025717403848486774
78561,0.0690295356752988
78562,0.7696646689966457
78563,0.015970090472912837
78564,0.01595796514559484
78565,0.010964665075985994
78566,0.09373770978740484
78567,0.03773270150285005
78568,0.06954374161508908
78569,0.297430450593521
78570,0.04791405454230003
78571,0.0440674443611036
78572,0.03450905537250008
78573,0.08650689053481916
78574,0.3198711554045875
78575,0.0621309131626327
78576,0.032746722676633186
78577,0.030354271619454053
78578,0.07877794495433146
78579,0.0942527235235793
78580,0.0243458054021771
78581,0.04890587393554263
78582,0.051838703347069096
78583,0.01944938926024583
78584,0.0172082400874856
78585,0.06880983992865139
78586,0.023585775148824074
78587,0.06408751037027056
78588,0.02248544281127675
78589,0.041023683075874236
78590,0.060613920608562556
78591,0.04142911495125416
78592,0.15245610017856623
78593,0.07859571748089991
78594,0.14871300621324438
78595,0.07311832691171183
78596,0.11685062815554673
78597,0.02742381308929246
78598,0.08386703800252708
78599,0.14280586572320153
78600,0.06479356104644426
78601,0.055329997690186955
78602,0.06314263112902585
78603,0.0155472194573836
78604,0.029611030159161257
78605,0.01667535497682466
78606,0.1204441170617006
78607,0.02925739450721087
78608,0.05133338004693587
78609,0.0783657438121421
78610,0.10330322833647822
78611,0.029001721932976503
78612,0.015334705675820225
78613,0.03256824087789341
78614,0.08758076052563313
78615,0.0423622449513152
78616,0.028052401841227124
78617,0.09353354774686817
78618,0.06361886768587306
78619,0.14984754536066786
78620,0.07158011008002213
78621,0.16527655358081472
78622,0.023035804632079344
78623,0.04411896709570082
78624,0.01786664419615809
78625,0.04998246366191226
78626,0.02150104755498078
78627,0.04145024914153488
78628,0.027455616472246192
78629,0.016428108324750428
78630,0.019915860193550038
78631,0.033791644335341174
78632,0.18256651742007285
78633,0.03184398137562104
78634,0.2824144692462996
78635,0.06348233812564034
78636,0.11438455245648041
78637,0.054489164086525585
78638,0.045273166506893676
78639,0.05665027100283849
78640,0.04548874263803398
78641,0.022864275465667695
78642,0.034239057417171495
78643,0.042467544235903244
78644,0.015558022393404432
78645,0.05519727611152761
78646,0.024331228249526313
78647,0.012816782512389666
78648,0.031056875461095656
78649,0.026430973035866744
78650,0.059124384468346294
78651,0.016608549162764233
78652,0.11867478752648603
78653,0.03991212933913114
78654,0.05463800723522731
78655,0.4140058841009224
78656,0.038237272074083686
78657,0.1300610113816821
78658,0.01914901269306283
78659,0.04452699184488156
78660,0.03074578074352245
78661,0.015178860777771072
78662,0.15027805584750778
78663,0.017165616151878022
78664,0.12056538655548141
78665,0.03617321100455404
78666,0.07676035238600279
78667,0.01928291758846033
78668,0.04297350597899725
78669,0.06671295627206691
78670,0.230490455652626
78671,0.04553765143855545
78672,0.04637109561790373
78673,0.030537108625802167
78674,0.017842343081684246
78675,0.07422327963227228
78676,0.01791081487862421
78677,0.1348621933008488
78678,0.014833614709540015
78679,0.09096976426696997
78680,0.037130399578179575
78681,0.02440610930263
78682,0.05797875980788235
78683,0.019332732414029614
78684,0.05240858062451523
78685,0.04443492696024552
78686,0.01259398331568
78687,0.01662765953433394
78688,0.13681344842810145
78689,0.226010753716821
78690,0.026354632230653163
78691,0.03676998784928253
78692,0.05589334600096454
78693,0.0370026622700194
78694,0.11646872117566684
78695,0.05216456795775816
78696,0.0708457659278105
78697,0.048888204567302196
78698,0.040437503568729286
78699,0.11130756701272027
78700,0.033249564015627155
78701,0.04552396122220867
78702,0.02661716855493691
78703,0.08489326921367178
78704,0.04519384993391046
78705,0.14931041127916875
78706,0.05060972366462312
78707,0.08035002929451038
78708,0.02331419261467709
78709,0.11142153118180742
78710,0.2065599319115305
78711,0.03565958966586092
78712,0.13061102529108817
78713,0.1395008664403986
78714,0.09291271125037211
78715,0.025288104329037362
78716,0.034805936885688
78717,0.04522322352861111
78718,0.010151710005618748
78719,0.0240763469400647
78720,0.014293427267608827
78721,0.14468722231636189
78722,0.10323921951589957
78723,0.0384225046775869
78724,0.010343205799648947
78725,0.32061020311491134
78726,0.025512738907021916
78727,0.12056283275718714
78728,0.018976278792603437
78729,0.06013973970330968
78730,0.04666398343220529
78731,0.18348073303048176
78732,0.04216812421227494
78733,0.07547745533490044
78734,0.031064377567533892
78735,0.10473924420076011
78736,0.0442246161137782
78737,0.028141469715918004
78738,0.01213098018728435
78739,0.04944031776894567
78740,0.10222675308300422
78741,0.0792033815712081
78742,0.041324873169449945
78743,0.11011451875482046
78744,0.03396744267664489
78745,0.020762802550432672
78746,0.02897580619233233
78747,0.023684892081689293
78748,0.029649892747868382
78749,0.01712026547230465
78750,0.017895783936567735
78751,0.07411840701661532
78752,0.037300784031029086
78753,0.039237505793825296
78754,0.01786977321476832
78755,0.033614511576604084
78756,0.05390251892152518
78757,0.06826713145156348
78758,0.028342561137252906
78759,0.04512137436164116
78760,0.046354665729254306
78761,0.11930726959947556
78762,0.05170186762849525
78763,0.07954617156658833
78764,0.11677600865760883
78765,0.04566960757636172
78766,0.16725595837425472
78767,0.19812395349791845
78768,0.017544724924997562
78769,0.21250744603776034
78770,0.04135793449347342
78771,0.09457090915438995
78772,0.0778027152841124
78773,0.010669415416127186
78774,0.08988314994094825
78775,0.028692843117297986
78776,0.05901680005628273
78777,0.2623971203246597
78778,0.03622971931510389
78779,0.20790834950527387
78780,0.5123685396220244
78781,0.05464793696733012
78782,0.03938552046437026
78783,0.07267720468368835
78784,0.011106969251659349
78785,0.010405139173677245
78786,0.08560237749285646
78787,0.04532243428713442
78788,0.10340066365376067
78789,0.05602510178410002
78790,0.03129139992747949
78791,0.03137111512331193
78792,0.051500646248095555
78793,0.10030199569655177
78794,0.03439393191230849
78795,0.02308716963827969
78796,0.015535724923978686
78797,0.06703574627735762
78798,0.03764678092601539
78799,0.08169517539405455
78800,0.19195999258272994
78801,0.018045648910826217
78802,0.09645531171527442
78803,0.05645455407955062
78804,0.0409804233179792
78805,0.030425374588250415
78806,0.01276105307372196
78807,0.11133193097132013
78808,0.04109635762003566
78809,0.013977273063700706
78810,0.07501999983312078
78811,0.046515789715982456
78812,0.05137310982064669
78813,0.023481822322215844
78814,0.04289288927430561
78815,0.024638427959454978
78816,0.03581677730115567
78817,0.05847666566488031
78818,0.38774519199164764
78819,0.029166188085963128
78820,0.34949201359948745
78821,0.027691738131414203
78822,0.10020175503180237
78823,0.02807870607239696
78824,0.11658005919835239
78825,0.03566509400403878
78826,0.0951473799004297
78827,0.035709645078259356
78828,0.028175705586684956
78829,0.047129692922674625
78830,0.04121967271661426
78831,0.038802541362061696
78832,0.24933218800887158
78833,0.02539824161052146
78834,0.08998664792823097
78835,0.03515514255356103
78836,0.052511306282827304
78837,0.028882414625755953
78838,0.02736246236353046
78839,0.014772148709845263
78840,0.07560947625067072
78841,0.010349660660119032
78842,0.026724497813308712
78843,0.03005002893307191
78844,0.09134239372143944
78845,0.03487988056350162
78846,0.04412158328756888
78847,0.08099111135850741
78848,0.036721680815439334
78849,0.010151177470613748
78850,0.0721225284051627
78851,0.007554951506962391
78852,0.012534331490140079
78853,0.018342848950909547
78854,0.14430893188997068
78855,0.009435571359056406
78856,0.053974045250142544
78857,0.033572974548730955
78858,0.039804822515525425
78859,0.02329751265011286
78860,0.05054004684838473
78861,0.013388928706170035
78862,0.047399029067205264
78863,0.06113590283029054
78864,0.017956796972572797
78865,0.08116293303526803
78866,0.008833659660093748
78867,0.15451830117017812
78868,0.054383898240476417
78869,0.052800167881705246
78870,0.02083799110097465
78871,0.027744592352969825
78872,0.06568000547143048
78873,0.23961761778055263
78874,0.039946345624842235
78875,0.07182178721166868
78876,0.0875475977768598
78877,0.015181244647886945
78878,0.024365781757002727
78879,0.020821428541671162
78880,0.06964371710271822
78881,0.09872691071527401
78882,0.05566382613700254
78883,0.044028414464275044
78884,0.04713113466394629
78885,0.080428004215336
78886,0.018367188037237685
78887,0.034553929830388457
78888,0.33091229816125634
78889,0.09855088473799041
78890,0.10341181208003528
78891,0.27770301745538023
78892,0.037192363694013186
78893,0.035747198494099366
78894,0.03452301006394452
78895,0.4080196513128105
78896,0.08579556822391962
78897,0.026632330924098516
78898,0.13113088447809368
78899,0.020485040410218053
78900,0.11051715747004474
78901,0.025321061950713923
78902,0.05735870496112297
78903,0.14172327193140222
78904,0.02609756855638518
78905,0.039811239820120914
78906,0.05830097076093585
78907,0.2250175068778242
78908,0.07510964284750299
78909,0.17017805318227305
78910,0.038638500917236335
78911,0.07047075246011597
78912,0.028529468386661982
78913,0.12454827482849962
78914,0.018007180500297017
78915,0.12777972720740535
78916,0.029504794172080785
78917,0.010081895522208374
78918,0.049431785095239926
78919,0.014123429783079337
78920,0.02114160666246579
78921,0.02816926983708212
78922,0.04319920591778719
78923,0.05988245380187433
78924,0.046449678328312115
78925,0.05744917398368069
78926,0.08465896426666959
78927,0.12449445772183197
78928,0.12889047156312003
78929,0.02092745783004755
78930,0.042116543666996686
78931,0.008600729719898935
78932,0.02201762682693565
78933,0.07960277130661221
78934,0.16789118127952582
78935,0.036359520787124816
78936,0.027187743721300794
78937,0.011388190539257693
78938,0.11844244388977886
78939,0.02616309599371603
78940,0.05575214292460136
78941,0.21819920310467578
78942,0.03528828006237744
78943,0.015678182790077135
78944,0.11445656102631609
78945,0.05835795194095312
78946,0.03363444704567071
78947,0.04065573260470707
78948,0.12085002026275768
78949,0.03142151016887149
78950,0.10156991110893111
78951,0.04025031788503655
78952,0.06560311244891869
78953,0.06795456245575805
78954,0.0271913410294531
78955,0.04443506934862681
78956,0.025852401819994982
78957,0.06375504352746977
78958,0.07267867618777132
78959,0.2652316262991171
78960,0.07993234240142938
78961,0.12973702595204262
78962,0.06023872369693242
78963,0.0763560153073661
78964,0.011503577612763192
78965,0.05791557377758941
78966,0.02322209497117192
78967,0.12204616880640844
78968,0.03270176369606379
78969,0.041654717878360774
78970,0.062290979231492155
78971,0.019782778788577746
78972,0.07353897382519603
78973,0.03490440420568965
78974,0.10388374420259089
78975,0.07561560252471185
78976,0.03422578776646419
78977,0.08129607592931154
78978,0.00899519417722271
78979,0.04886533884849697
78980,0.02708202447335166
78981,0.018920621067749135
78982,0.05545811930986494
78983,0.011478791642526734
78984,0.07071894504438792
78985,0.17107188979758084
78986,0.08941433067198992
78987,0.020818491718214285
78988,0.00961621722028278
78989,0.08957618663732816
78990,0.017379673026850635
78991,0.04231751018920779
78992,0.05594258912473263
78993,0.029703834918835617
78994,0.01292678422578469
78995,0.059077418356693626
78996,0.02501566389418934
78997,0.0669590077406861
78998,0.029169604978426984
78999,0.057031156614516056
79000,0.08496962703931898
79001,0.04080837378378152
79002,0.09880259057015561
79003,0.07949436178597043
79004,0.020852532271386327
79005,0.0210241267046276
79006,0.1221618954269916
79007,0.02417094659956126
79008,0.042810396307575625
79009,0.06100692419916075
79010,0.02775168386457814
79011,0.08030897117284827
79012,0.03368068572202369
79013,0.017797158691562162
79014,0.02574325244277709
79015,0.03395898520386985
79016,0.03807330613656244
79017,0.05133425591586323
79018,0.05523486548254289
79019,0.03803788298963492
79020,0.016213321467086955
79021,0.10235523440641714
79022,0.022678869283585992
79023,0.05149237237981939
79024,0.09162897235209047
79025,0.059678434071045366
79026,0.12047957336861706
79027,0.024609068553598856
79028,0.019164433335169696
79029,0.1723053648884152
79030,0.14226007332774063
79031,0.06151223536352278
79032,0.021966971974449776
79033,0.020543071261774713
79034,0.11517733735352667
79035,0.019928278986810332
79036,0.053204321329326704
79037,0.027237464958816196
79038,0.05260113923548784
79039,0.016377686798253514
79040,0.12462629187048767
79041,0.022546529880034374
79042,0.14309704858879083
79043,0.1252327733798373
79044,0.02550254136641967
79045,0.38574232577655765
79046,0.3331403130233455
79047,0.025467361148900386
79048,0.12596641087752872
79049,0.09583504082499315
79050,0.03339673240253857
79051,0.03311112474075613
79052,0.05600963718746205
79053,0.03040363452746519
79054,0.04436689965217096
79055,0.04128822114872258
79056,0.04030331360470524
79057,0.04086992675982615
79058,0.02207156496289019
79059,0.02460118511425291
79060,0.023566006958916707
79061,0.09226358758389225
79062,0.04886309286927432
79063,0.01574791520515356
79064,0.056854179695780535
79065,0.06478183215327417
79066,0.03667641145741268
79067,0.05015205745890541
79068,0.09055507589284956
79069,0.05787739278223371
79070,0.03669654467238512
79071,0.050460394975754386
79072,0.03404168380635632
79073,0.031147200319782777
79074,0.03394835277455506
79075,0.022121115525667916
79076,0.055745020064145424
79077,0.10422196787003185
79078,0.04692789098980837
79079,0.026430047797414175
79080,0.08828679271892889
79081,0.02011981150633243
79082,0.015127073438784949
79083,0.04083310143589945
79084,0.22440809124020256
79085,0.18721196991175373
79086,0.037578534092475954
79087,0.1326485446434489
79088,0.07705170944148587
79089,0.04198786725097388
79090,0.13122260554272677
79091,0.01484419646101454
79092,0.04646134111480446
79093,0.021784459619180636
79094,0.03979818945529298
79095,0.04404539596889781
79096,0.08123659496343077
79097,0.03980634668632562
79098,0.044871555591093105
79099,0.010619599438064528
79100,0.15797429994842674
79101,0.09085195707159577
79102,0.017173891918994575
79103,0.0397146413816108
79104,0.05971835097254752
79105,0.021874495922411894
79106,0.014041968408523665
79107,0.013713039824551805
79108,0.0358240913674593
79109,0.022728948746480317
79110,0.12149845776628367
79111,0.041681212529403586
79112,0.01655947624525784
79113,0.04042655505520071
79114,0.06578766486098328
79115,0.10052114335932874
79116,0.05120818743099708
79117,0.06747261821938301
79118,0.16687789663532285
79119,0.16104906894213566
79120,0.07992757105070149
79121,0.13538861740690042
79122,0.0971157056818868
79123,0.03297087583466096
79124,0.26994946220327537
79125,0.021695578613050794
79126,0.052502937759772376
79127,0.03156038374496181
79128,0.03677833317723099
79129,0.03901111968516091
79130,0.15740008017887203
79131,0.05400806657125437
79132,0.1304072395361199
79133,0.05683491349983673
79134,0.06870656702745918
79135,0.04858287911991998
79136,0.04448440916426079
79137,0.04283736592937878
79138,0.04786676726385324
79139,0.3018416161508952
79140,0.16755201246123058
79141,0.1463956022286368
79142,0.015388578702438096
79143,0.018867173860275734
79144,0.029285715349956172
79145,0.028508367074535836
79146,0.016986614561356802
79147,0.01646462731553122
79148,0.05488026507577289
79149,0.05991166017077348
79150,0.010187336053936433
79151,0.09852013075636858
79152,0.009164009273720713
79153,0.018924401822441893
79154,0.11755000580494127
79155,0.02254661915779082
79156,0.18891820887291327
79157,0.16871459461442234
79158,0.14576150626613937
79159,0.046063747470784275
79160,0.03633100288672463
79161,0.023540122094054317
79162,0.019960262368186498
79163,0.008492247385587584
79164,0.04844852224440873
79165,0.020445745535576227
79166,0.04376774532222729
79167,0.0323587876182975
79168,0.026365350488424
79169,0.018529140485435486
79170,0.02894296117181751
79171,0.050775070715238645
79172,0.020842078038878033
79173,0.04401532348108394
79174,0.03738654110606658
79175,0.05440586319501994
79176,0.04342062071508443
79177,0.028595096327044406
79178,0.022318169486247267
79179,0.03592771015434708
79180,0.043293145313743085
79181,0.05089624073610627
79182,0.12817985377554658
79183,0.05869919768017222
79184,0.045028819860049495
79185,0.10025984422243117
79186,0.12292001182332274
79187,0.09448394072859836
79188,0.013454089082781315
79189,0.08827067024993555
79190,0.014921256913708904
79191,0.06123266705046186
79192,0.0196629663765744
79193,0.02259134552228828
79194,0.020169094622096304
79195,0.037802260159978715
79196,0.1822514365077586
79197,0.022184472032897147
79198,0.03847697100506446
79199,0.08563088861443376
79200,0.028071136700229204
79201,0.040746895308582685
79202,0.05886493430302953
79203,0.07609103658536498
79204,0.10332029854159769
79205,0.04507384273784009
79206,0.20724207364393915
79207,0.12821841307738568
79208,0.17902775333728388
79209,0.07510408797520625
79210,0.03653191441869543
79211,0.027938919891172982
79212,0.0416002075554267
79213,0.051856206356031304
79214,0.2501478834003701
79215,0.045140677758229684
79216,0.036390684491524286
79217,0.06443172625366023
79218,0.017267842992032666
79219,0.011108604774435088
79220,0.042096948463866954
79221,0.04169489976817837
79222,0.016315198355101326
79223,0.0406245642625146
79224,0.037925722133416793
79225,0.06732374455518085
79226,0.07089371160029216
79227,0.04549141069702862
79228,0.01701585439952371
79229,0.08908927945320019
79230,0.07187398191423568
79231,0.030836870116023124
79232,0.08960892807384485
79233,0.25000426937684794
79234,0.05926317242425272
79235,0.06482890237612553
79236,0.06583327662566074
79237,0.038191807834920224
79238,0.5123572714202856
79239,0.009503323618502688
79240,0.09493506646147024
79241,0.03364716469773918
79242,0.10630861731013132
79243,0.09617954616545166
79244,0.07166514749613377
79245,0.024710367915160736
79246,0.03480879322276864
79247,0.03386170965884207
79248,0.10876300764124289
79249,0.025464324192904595
79250,0.14251064136365793
79251,0.008763826345273801
79252,0.014144079151559043
79253,0.10296015756933774
79254,0.3796223857488416
79255,0.01635236979242493
79256,0.032703282142991986
79257,0.04234041024444092
79258,0.04196572222246822
79259,0.09205743254181442
79260,0.12422978559890913
79261,0.12286924313735431
79262,0.051864997817628856
79263,0.03633043494680928
79264,0.03234286278628859
79265,0.012975296625884567
79266,0.017486561117007034
79267,0.02657518317881793
79268,0.140265320615273
79269,0.06967658702373913
79270,0.08320915030362849
79271,0.016374200852850594
79272,0.012417642050065056
79273,0.0577822007520344
79274,0.09359282375654482
79275,0.23520065011452823
79276,0.06780042965912075
79277,0.05862772840774506
79278,0.01963382197674504
79279,0.02358349316036497
79280,0.042778069229710836
79281,0.084180596545332
79282,0.04502841800470827
79283,0.0352176590541337
79284,0.07598669209792154
79285,0.04974393578723245
79286,0.01390012689523441
79287,0.08508534451910801
79288,0.01045476437762962
79289,0.09733586896786717
79290,0.03588091410394936
79291,0.010545817237133624
79292,0.015917986027313792
79293,0.02614089419495813
79294,0.13807574420123558
79295,0.032428994958496965
79296,0.41715118125414496
79297,0.02277800985955973
79298,0.03185350705719292
79299,0.22140832186955664
79300,0.044345022407407245
79301,0.016929289476240568
79302,0.05929002546146546
79303,0.08887637310148228
79304,0.0254492115897599
79305,0.013786389169141015
79306,0.09266719778029625
79307,0.19452894030431198
79308,0.09156061008950346
79309,0.07634485444403846
79310,0.14197603467213737
79311,0.06042497656599058
79312,0.02955967222831083
79313,0.19867584136484817
79314,0.013678132705428862
79315,0.033467161226633325
79316,0.08274203927072156
79317,0.03860911005610386
79318,0.09795612875304427
79319,0.016138160459451364
79320,0.03240323584960557
79321,0.04135770683491711
79322,0.13166483881157057
79323,0.03759849160859265
79324,0.01943100049098266
79325,0.12255539936281977
79326,0.11347758910991186
79327,0.04157758622696668
79328,0.0536372638764682
79329,0.12308478411980492
79330,0.0363674518249385
79331,0.09448132662188664
79332,0.07822894917803917
79333,0.0562319162543489
79334,0.04056334893605865
79335,0.026440959592753888
79336,0.11119487417158139
79337,0.026251467461837524
79338,0.08686528253709676
79339,0.01103962159413169
79340,0.012816930666871264
79341,0.03845258840994144
79342,0.22153869220506492
79343,0.00884560285902707
79344,0.050088417920341265
79345,0.049396478440934755
79346,0.028364379298449288
79347,0.013495702785624035
79348,0.05693853579324543
79349,0.08714940371005943
79350,0.05469383335312442
79351,0.07855995924930045
79352,0.21032285209319043
79353,0.016085985386871487
79354,0.019808321011765617
79355,0.10071064299529944
79356,0.0217177561198202
79357,0.02197202307485255
79358,0.018511948171759184
79359,0.13909082504854411
79360,0.010647598476649447
79361,0.03659083349201499
79362,0.27805799921571495
79363,0.2386494590966198
79364,0.03655586393457924
79365,0.04477300589615924
79366,0.10280332581578815
79367,0.041626016190401495
79368,0.018565741069760226
79369,0.12504283918715361
79370,0.30558716212166703
79371,0.023677591187845626
79372,0.03743855364072321
79373,0.04172151600862381
79374,0.07681029908025336
79375,0.030541703358772813
79376,0.021486390821197146
79377,0.07452446891438555
79378,0.018454319552369876
79379,0.07365627056132758
79380,0.020006670699618947
79381,0.045311845248419094
79382,0.49307930217444057
79383,0.031407580380069536
79384,0.01820503571395762
79385,0.040121507706760484
79386,0.05941974931754186
79387,0.09032530850283488
79388,0.028398651960540214
79389,0.019954196755325608
79390,0.022575798604757433
79391,0.013464205125744066
79392,0.02797351759550725
79393,0.0350819173847802
79394,0.04704320370000663
79395,0.08751098348345246
79396,0.040250833304639765
79397,0.03544956873601401
79398,0.30713272913616496
79399,0.008542477822788374
79400,0.10616103762727076
79401,0.0662645753352173
79402,0.016117099075263645
79403,0.06074521410451336
79404,0.1112163407194496
79405,0.03296786671536496
79406,0.016123875631233697
79407,0.1153232303371443
79408,0.019940454870759253
79409,0.036176552337349385
79410,0.022847196627413344
79411,0.030325893238106742
79412,0.03510056981360321
79413,0.08044581365529321
79414,0.029076567857994527
79415,0.05357405659269269
79416,0.064638576591111
79417,0.047039366332864624
79418,0.033687654619994886
79419,0.02617773941244906
79420,0.04785584932290833
79421,0.03134539223961528
79422,0.3204012142638973
79423,0.014983976495550578
79424,0.044198670958132305
79425,0.05475436174531877
79426,0.14608722585580347
79427,0.029894096588319853
79428,0.049901124792775226
79429,0.06925000618730354
79430,0.15867532168613133
79431,0.07250091571640549
79432,0.016940346170227702
79433,0.22908099828323603
79434,0.020492686085541886
79435,0.025366441193267402
79436,0.23199083215300295
79437,0.017063418454457555
79438,0.027079187021951612
79439,0.049685470149394985
79440,0.023100989750480947
79441,0.026500126549472133
79442,0.06615760339678642
79443,0.012102188279333802
79444,0.06589912150175482
79445,0.07098171991179458
79446,0.05991644049910571
79447,0.021057219752221225
79448,0.04472400092390399
79449,0.11794019956076758
79450,0.023724200694121872
79451,0.24036410788688378
79452,0.028674415312807466
79453,0.023039186549327358
79454,0.03277035785986924
79455,0.014368726706412807
79456,0.03187975429103724
79457,0.06368134987064936
79458,0.09739975430733944
79459,0.018558316577754343
79460,0.4103583510100053
79461,0.11773189465150266
79462,0.061062992416402215
79463,0.07966053393604329
79464,0.06926497763572378
79465,0.0564258498979481
79466,0.08031047199350132
79467,0.01357145400246731
79468,0.01443108651622927
79469,0.08826418739879718
79470,0.02781923479293697
79471,0.05853538197584432
79472,0.01626562209260132
79473,0.05792977557040534
79474,0.041532837173265384
79475,0.021645059329868616
79476,0.053770829044821646
79477,0.05040057774440638
79478,0.0456017649056273
79479,0.02589597734216644
79480,0.025645267041834043
79481,0.008067413304308244
79482,0.22799383612782909
79483,0.2014712703395992
79484,0.06589286615747345
79485,0.0995440826299555
79486,0.022593584297469698
79487,0.008486861163918674
79488,0.046983530496348964
79489,0.11437083702962855
79490,0.05779440659230964
79491,0.017435140624033372
79492,0.3373499140532276
79493,0.043955264543198536
79494,0.03199990206131934
79495,0.03173290612924477
79496,0.13693949924646628
79497,0.03571054310232887
79498,0.019627475603165027
79499,0.07765171025676547
79500,0.22201103562974714
79501,0.252427319705286
79502,0.04213599609043851
79503,0.03078026957378682
79504,0.07072674775731382
79505,0.06409178767097726
79506,0.051198432457938245
79507,0.036362977453638715
79508,0.018482545839052112
79509,0.052497150131560505
79510,0.09563660700441552
79511,0.026167081275104653
79512,0.029602622345006303
79513,0.05726616483840101
79514,0.02792054208562931
79515,0.30304209065507914
79516,0.031906846241484176
79517,0.023360434690782382
79518,0.04513362816787365
79519,0.030785622843176992
79520,0.01643516303438216
79521,0.09835284590551403
79522,0.011568148948902578
79523,0.03794163593555052
79524,0.05801265855182253
79525,0.06070801771056405
79526,0.15413687500994655
79527,0.03784811222208577
79528,0.022536080106619755
79529,0.13904322259932472
79530,0.048731856503920604
79531,0.1099984462728754
79532,0.01895973706227439
79533,0.030422987498726732
79534,0.2878452584654772
79535,0.10179080256812392
79536,0.030195577059120852
79537,0.04415393816168814
79538,0.036673025817032814
79539,0.1699210512873813
79540,0.08434798139173708
79541,0.03290591405192528
79542,0.022035317826272945
79543,0.09278248532808796
79544,0.025194179258548808
79545,0.018633653285987723
79546,0.11043181818121223
79547,0.20141025888750191
79548,0.028370424116274155
79549,0.03062241665510649
79550,0.0611618733224325
79551,0.020718275213558193
79552,0.025790930480111274
79553,0.02544936984641019
79554,0.059905083732960066
79555,0.10556490968568312
79556,0.27972051540292975
79557,0.015557184034512846
79558,0.04404348577065147
79559,0.2081830164684288
79560,0.013373905939509515
79561,0.13067209751847864
79562,0.08779836204628749
79563,0.052113943380189306
79564,0.42120563889077944
79565,0.01692600557952437
79566,0.07059490025667214
79567,0.010529545368925315
79568,0.21181824477613692
79569,0.09847018363602458
79570,0.011792299074975275
79571,0.06931782124353461
79572,0.015995973007679517
79573,0.10962175516280737
79574,0.016086042354160713
79575,0.12903945752077045
79576,0.01538490269806798
79577,0.07125221824664577
79578,0.08085599571792512
79579,0.05139848876229913
79580,0.02295601118091936
79581,0.13721706550078436
79582,0.010323889809221286
79583,0.07941262714582525
79584,0.17693220380220726
79585,0.08364873681472389
79586,0.044631266167615716
79587,0.020827190795288397
79588,0.047665607037321076
79589,0.023855894895454047
79590,0.01137007888851227
79591,0.02321033316497026
79592,0.022463648861452634
79593,0.0378171583039131
79594,0.043947177869865746
79595,0.030414092903460366
79596,0.012264898735868316
79597,0.03330207891605249
79598,0.03717852579438954
79599,0.12995494161743368
79600,0.15751316890128897
79601,0.05874899831005553
79602,0.040821218178010654
79603,0.032233412626900125
79604,0.07184558369005345
79605,0.22491072900956144
79606,0.07066209827386281
79607,0.10144240424407389
79608,0.02820054229963103
79609,0.0898115836341832
79610,0.13560189914779733
79611,0.059013080676857316
79612,0.017972076025124295
79613,0.23478084894663034
79614,0.05016102977472299
79615,0.023234058752784698
79616,0.02160329388281177
79617,0.03804892842489889
79618,0.04322846874605975
79619,0.0552184927653519
79620,0.03096060563126515
79621,0.02908524205144481
79622,0.06499576094865614
79623,0.053321702742617993
79624,0.04980443001406137
79625,0.13698226341428843
79626,0.04420476213180665
79627,0.19069961289799017
79628,0.03938725497033376
79629,0.03703973480602548
79630,0.025130295594665543
79631,0.04438457618586216
79632,0.16977858445893404
79633,0.02216772492139432
79634,0.013248713584821105
79635,0.04204189504989752
79636,0.03720273949439189
79637,0.06463804547143934
79638,0.14999132802832402
79639,0.07765079888304881
79640,0.0553667842878864
79641,0.1058584726569281
79642,0.023585677649776482
79643,0.10759872531816103
79644,0.17535507326514677
79645,0.0920956135334042
79646,0.05701747579510307
79647,0.023591072626318918
79648,0.07217171571196454
79649,0.0906160739740063
79650,0.1024748864919163
79651,0.010732755674896111
79652,0.8545102141152887
79653,0.15552101268661928
79654,0.02106635679555785
79655,0.011801749263176578
79656,0.15524506796577772
79657,0.07911872917317733
79658,0.018880119689540353
79659,0.07131780714435919
79660,0.03915175367873033
79661,0.09355182792916131
79662,0.01587174748985676
79663,0.07593956715627811
79664,0.0364792247416447
79665,0.029439688560765703
79666,0.026153045276776886
79667,0.14946395016981598
79668,0.019008368193408783
79669,0.14865761145498643
79670,0.015359551165412887
79671,0.03629462522181701
79672,0.05788288842501926
79673,0.058803178957392274
79674,0.15114752985394012
79675,0.08834466230794706
79676,0.2795734274885674
79677,0.02250287000258789
79678,0.10492720275856092
79679,0.010727992060355058
79680,0.035805114498536114
79681,0.09553809202188192
79682,0.05302278742506278
79683,0.02427836621053438
79684,0.035164026634856634
79685,0.10260828034873348
79686,0.02800067689430378
79687,0.045256187583865896
79688,0.035866922391739865
79689,0.01870702261370161
79690,0.05127911633845171
79691,0.010984152683315325
79692,0.03228683121952711
79693,0.08308865673601946
79694,0.008954108130751618
79695,0.020566993507422374
79696,0.13782125638747383
79697,0.2358258883334192
79698,0.13467913605975163
79699,0.027014975641888504
79700,0.1629070481916657
79701,0.016950804128628358
79702,0.08033061188679595
79703,0.032652183256798986
79704,0.030537520761915245
79705,0.03175738758361078
79706,0.05044700711622842
79707,0.04311278145598467
79708,0.015178406136405859
79709,0.024175274119419117
79710,0.1890077048460101
79711,0.02375648096991754
79712,0.037430256688801324
79713,0.09888643882103347
79714,0.0365767302546141
79715,0.049680711915131
79716,0.11351275371454463
79717,0.02122825793584036
79718,0.010720172835008191
79719,0.07860263870040521
79720,0.05410045862562292
79721,0.013858233326895243
79722,0.04193168255056503
79723,0.07523819439819285
79724,0.024866895618042645
79725,0.14500059228011491
79726,0.02250096775754856
79727,0.15207365061746636
79728,0.042198528395908846
79729,0.06656331748229884
79730,0.021778835719797444
79731,0.11326895450827466
79732,0.05614319620860432
79733,0.02233849460636073
79734,0.05952633574428217
79735,0.010207406446219853
79736,0.14001110896270863
79737,0.1893689331421031
79738,0.014413523914650023
79739,0.10944475657084098
79740,0.08503996265798357
79741,0.056205207352311354
79742,0.014219537175369529
79743,0.027577815176585065
79744,0.03616184974083434
79745,0.14141326109784597
79746,0.07086231688205846
79747,0.08161266046297931
79748,0.021940294058143066
79749,0.02164352584362574
79750,0.01920198494596943
79751,0.03909383934939358
79752,0.014308414053849344
79753,0.09332878811486428
79754,0.053362180833936644
79755,0.016806631485014916
79756,0.1149964435257271
79757,0.026182731811504364
79758,0.03524920591121458
79759,0.05467184311081086
79760,0.13578605522229256
79761,0.051264124885109806
79762,0.06171572169091188
79763,0.02917823624925275
79764,0.010647969433278804
79765,0.04027195424124853
79766,0.07932554447606897
79767,0.08324378261374456
79768,0.05525790928802494
79769,0.024114609610060712
79770,0.13591959216658245
79771,0.03291255191210032
79772,0.038423477918005766
79773,0.0363684578505851
79774,0.014326584398705104
79775,0.02601041057748482
79776,0.04201256845264992
79777,0.008149552867337807
79778,0.012329201338618496
79779,0.6418279499026038
79780,0.02588122845385271
79781,0.043163587328429176
79782,0.308617519872561
79783,0.021016510718645597
79784,0.03253969185860754
79785,0.11522196497242365
79786,0.04635796772200622
79787,0.07458970567531982
79788,0.20805337113373948
79789,0.06071800055282933
79790,0.24294209461590754
79791,0.0720237201398122
79792,0.014816025114529886
79793,0.037359150312900984
79794,0.09800707178843228
79795,0.05398565726328
79796,0.018518647883789825
79797,0.019384292759259673
79798,0.01205272101154662
79799,0.02528686652998338
79800,0.11565925898626264
79801,0.1649858925917027
79802,0.03505213668642853
79803,0.030138770016848573
79804,0.020586202646084472
79805,0.04903597797611304
79806,0.02773033114020406
79807,0.08797933705221606
79808,0.029501248499064953
79809,0.03736572598197749
79810,0.04808731314211322
79811,0.11977663411863779
79812,0.07340847653135515
79813,0.08492809039673993
79814,0.07206251473929375
79815,0.08280140424205874
79816,0.017853065616996986
79817,0.021692930080818965
79818,0.02060095058325015
79819,0.034521870803991106
79820,0.2044115720843252
79821,0.024075932340368367
79822,0.02390461115861487
79823,0.07539990605551408
79824,0.15606448990032898
79825,0.043081816731242756
79826,0.04006714428765889
79827,0.03898870645197156
79828,0.022160228830553227
79829,0.14571254077265283
79830,0.02712701926856596
79831,0.04999729019484054
79832,0.05297096226394633
79833,0.05030461869323555
79834,0.011275546518409705
79835,0.030517720773214487
79836,0.02262504453434487
79837,0.06367618681416225
79838,0.09137304831255544
79839,0.026198639434349053
79840,0.05263802903939179
79841,0.025430475103884895
79842,0.03901973888925075
79843,0.04767703060387633
79844,0.045262297196788176
79845,0.030603040524409864
79846,0.026120921160293124
79847,0.019112148643789094
79848,0.02459140638328273
79849,0.02353388680917587
79850,0.029360399501700538
79851,0.2277155001122964
79852,0.04074532877379497
79853,0.04175425827776556
79854,0.016661831182592856
79855,0.15249643443138683
79856,0.02878394926280002
79857,0.10248905355936469
79858,0.013378569077982554
79859,0.03749892617296817
79860,0.026320833617547893
79861,0.016979908076783304
79862,0.18874626998210473
79863,0.01177010366550954
79864,0.031421586435559264
79865,0.2460042706130866
79866,0.06385960415622106
79867,0.2728658438199939
79868,0.05095746189047361
79869,0.13056740261628758
79870,0.036387771844712646
79871,0.033485573001548675
79872,0.19885184784636437
79873,0.6073331076688219
79874,0.03517615438503243
79875,0.0699150823889834
79876,0.33189592856108996
79877,0.07465315314373237
79878,0.03473840638383201
79879,0.6648934304078971
79880,0.020490638616246178
79881,0.020082808172010247
79882,0.04224755035644066
79883,0.009208484039163769
79884,0.0613356395437532
79885,0.050655046106046875
79886,0.013709732910845741
79887,0.03228216055061739
79888,0.023312908780795713
79889,0.047264090493035246
79890,0.03324565836640881
79891,0.02242293181324055
79892,0.02493552444779367
79893,0.02303980582407858
79894,0.008577679205213717
79895,0.041198683363361494
79896,0.1093186785878916
79897,0.01980105900580194
79898,0.20455060890432733
79899,0.06730873021157688
79900,0.03941977742708622
79901,0.04013015991678797
79902,0.026392793627909562
79903,0.02859807576654953
79904,0.16945230094618052
79905,0.023162481924901154
79906,0.013347992725909889
79907,0.052475748545910715
79908,0.024421992639722657
79909,0.11144564325173291
79910,0.017451782006317855
79911,0.05503480939114132
79912,0.059004358468239225
79913,0.08117235010608474
79914,0.046859322228138656
79915,0.040132977738121994
79916,0.05382773474432116
79917,0.04309307029751824
79918,0.15445302715368153
79919,0.05068369898776414
79920,0.05483789677689537
79921,0.017288787746670493
79922,0.056794707080899266
79923,0.1726872889710203
79924,0.049368598196206565
79925,0.023457617359397144
79926,0.020089210954098966
79927,0.01850167749330136
79928,0.3179684461791359
79929,0.06213454589189679
79930,0.061520560245861326
79931,0.03711069257016721
79932,0.08205429175824583
79933,0.03846591273723352
79934,0.07480266068849496
79935,0.011999170435497395
79936,0.061948392178434265
79937,0.016493793108058798
79938,0.17145731375843343
79939,0.028913253180979464
79940,0.046075999689784666
79941,0.0363065324423573
79942,0.020952354679634348
79943,0.10335647192620401
79944,0.01160297698616839
79945,0.03692033756859141
79946,0.018757757768917256
79947,0.04824072396410352
79948,0.10873812628858409
79949,0.015436627671109562
79950,0.3457246187419209
79951,0.038570628760690936
79952,0.11612958491718865
79953,0.016759482677975154
79954,0.028293011420342372
79955,0.04200095129550526
79956,0.014622452674585817
79957,0.0903160074482802
79958,0.0163735428826607
79959,0.11558778085514107
79960,0.009413116191972729
79961,0.0756955703220155
79962,0.07472467644135034
79963,0.10329548955018611
79964,0.03175766564550157
79965,0.07842167208429042
79966,0.055569058323894444
79967,0.020971769651107017
79968,0.030899199161618526
79969,0.4789532970210995
79970,0.032398543529549205
79971,0.1438820997075768
79972,0.18160562423901946
79973,0.08404945173393558
79974,0.08395865610790887
79975,0.015761980403850098
79976,0.020830781874167353
79977,0.02635857188975067
79978,0.04914267802666962
79979,0.018485922727265174
79980,0.07550400712229978
79981,0.18113863926960236
79982,0.024705073750562558
79983,0.06907008493727344
79984,0.04759318486962976
79985,0.03434822071479342
79986,0.09695898932475684
79987,0.014512944534215344
79988,0.13144581841006356
79989,0.03596453459926301
79990,0.06244017293285985
79991,0.19881398032737835
79992,0.03827224492542504
79993,0.09752710211337609
79994,0.19922625744452965
79995,0.04177666891921841
79996,0.02612071217346188
79997,0.16144575005868628
79998,0.14555526245871805
79999,0.022593521740530552
80000,0.5800594709877182
80001,0.07611698845275139
80002,0.05254992510881716
80003,0.011742212310596332
80004,0.08531810592445929
80005,0.07325295032081344
80006,0.03363434596562392
80007,0.05812085663570811
80008,0.04243560191818209
80009,0.24471566643428816
80010,0.1181141017935538
80011,0.06491844995994038
80012,0.027112335036190618
80013,0.045360562887123645
80014,0.12221542945374259
80015,0.13016073399719924
80016,0.06731969510822224
80017,0.04780156288017917
80018,0.11245198365098569
80019,0.029531476090474604
80020,0.29363500762376477
80021,0.02999623027090826
80022,0.10613724135247934
80023,0.04858444615885025
80024,0.05190657648041841
80025,0.03097243323308907
80026,0.07420499058003319
80027,0.026145788934476905
80028,0.09919640513207223
80029,0.0395480064267594
80030,0.22045332516258087
80031,0.8107571693588412
80032,0.08292339374729213
80033,0.09732490668442656
80034,0.033855317002878756
80035,0.09726434538340276
80036,0.014582927299718232
80037,0.09271102598765024
80038,0.03357521415265998
80039,0.030978973972574528
80040,0.048779592512159485
80041,0.01205729188543693
80042,0.0158058977190027
80043,0.044197110991659405
80044,0.06327721228042833
80045,0.041538602292103106
80046,0.04312499541569768
80047,0.014754911518185561
80048,0.021141977343465353
80049,0.045797717304154814
80050,0.02284956614115723
80051,0.028463041613383054
80052,0.16145875590438097
80053,0.12501123626892746
80054,0.030148754713831594
80055,0.012600076237558502
80056,0.014163576260670333
80057,0.06090752524115668
80058,0.024105759131146823
80059,0.3670362195822119
80060,0.06805775176031222
80061,0.10345967203656786
80062,0.08510183455589038
80063,0.02710577749966032
80064,0.060128104102474884
80065,0.09249463059710909
80066,0.028135712667822443
80067,0.13996141653937838
80068,0.009925993935700901
80069,0.05266055562963415
80070,0.015019946303748359
80071,0.08613006735319972
80072,0.01853778575156963
80073,0.05529277738950589
80074,0.029449271056060156
80075,0.1467508598085569
80076,0.018251962214349046
80077,0.018339738135353802
80078,0.03316017284955843
80079,0.03222022007455096
80080,0.07716260230847816
80081,0.09878197896872654
80082,0.07564653014374458
80083,0.07450986535567672
80084,0.059473918554466446
80085,0.02089081007386546
80086,0.017882638691895943
80087,0.024428511790034694
80088,0.05045459960596897
80089,0.023634257963585724
80090,0.04666497197407483
80091,0.01974549303029989
80092,0.12239610125904152
80093,0.046284673072198565
80094,0.045195761607861144
80095,0.027589014525354668
80096,0.04541286997727621
80097,0.00955974375281801
80098,0.025107373053090465
80099,0.026097844966187667
80100,0.02398660223857015
80101,0.02450695465835438
80102,0.03318299846902885
80103,0.010848936707958867
80104,0.08536390499896114
80105,0.03298825424921821
80106,0.009939149331871887
80107,0.07270571207966674
80108,0.05505886633803666
80109,0.0386003988109743
80110,0.015703109959075562
80111,0.06818468087231114
80112,0.044419665373625315
80113,0.050533773235680944
80114,0.027717685829506615
80115,0.03972789828768161
80116,0.08227588891647235
80117,0.03801542854036071
80118,0.031131577830100808
80119,0.34317591652987256
80120,0.03028238224660142
80121,0.21765675505944826
80122,0.03304479896982479
80123,0.053634728432691084
80124,0.1866830118394377
80125,0.10040480530552763
80126,0.03402988778756327
80127,0.07106604598754554
80128,0.033938967792763904
80129,0.017683059952115523
80130,0.009843239886457357
80131,0.2367020006445521
80132,0.1423959006927226
80133,0.15931003842287655
80134,0.043817133320941816
80135,0.06116541973762539
80136,0.01643348335526795
80137,0.013504965725799453
80138,0.028656995718317157
80139,0.09045630665614629
80140,0.05486866616351756
80141,0.18020981287869992
80142,0.055487797612599414
80143,0.07273352099823419
80144,0.032244597392004685
80145,0.024159245258877835
80146,0.28087979772620897
80147,0.01531698305161159
80148,0.022514532498887928
80149,0.31285288525519966
80150,0.051663386749127724
80151,0.02395820723418436
80152,0.20340494984590285
80153,0.04220543226927858
80154,0.04338057995694747
80155,0.052335570319053976
80156,0.06961755605918345
80157,0.08930519425860114
80158,0.021635943965698456
80159,0.05074295967204505
80160,0.08127553127938975
80161,0.028722862107985775
80162,0.03686838774514379
80163,0.06109302231065017
80164,0.03665203963318894
80165,0.019375856218827557
80166,0.03901711269503738
80167,0.017525872515501566
80168,0.02020798275931243
80169,0.012400097400932245
80170,0.21498156344770625
80171,0.04978220698692924
80172,0.014449023876185242
80173,0.0660181656723484
80174,0.040285541033067834
80175,0.029642512772952267
80176,0.03709385483162932
80177,0.01616503618938716
80178,0.10175383767865143
80179,0.03795188233638125
80180,0.10279261702743692
80181,0.07818030788031022
80182,0.020817406153587754
80183,0.0865463238869942
80184,0.012579248983422213
80185,0.03646039789361942
80186,0.01669079653862106
80187,0.05713299783661788
80188,0.04053896776870401
80189,0.09536871545736808
80190,0.07914342822708882
80191,0.03537844062923404
80192,0.07285813001889133
80193,0.01783851835761331
80194,0.009792151085805442
80195,0.018875446464525925
80196,0.10664047610382893
80197,0.022777322129578385
80198,0.09146085088897049
80199,0.026230860932546996
80200,0.03255900405052654
80201,0.43749607562861365
80202,0.021214910370292436
80203,0.028554764917667785
80204,0.03210447688534043
80205,0.026664047667954226
80206,0.02647247634619252
80207,0.020227889285714905
80208,0.30925258814278794
80209,0.062389937664596135
80210,0.040757202049455196
80211,0.03900345676135446
80212,0.16344690392462055
80213,0.12152387536042128
80214,0.0327138899313295
80215,0.016810823220342212
80216,0.01314956852305989
80217,0.19736159437910994
80218,0.1513226244543217
80219,0.05569337702568804
80220,0.015062113957940222
80221,0.02889930064649011
80222,0.0640248796366986
80223,0.020895320437783763
80224,0.06608149443445074
80225,0.10859000893241885
80226,0.07808137808487975
80227,0.04665089396221915
80228,0.06358169436587628
80229,0.12688972008936844
80230,0.033092393621349275
80231,0.13930162273480662
80232,0.10674397710607064
80233,0.027189578822494023
80234,0.015456035845913343
80235,0.05316646186493901
80236,0.053823201173733584
80237,0.0407219752531525
80238,0.06731620179304423
80239,0.025843723775336357
80240,0.07700646681038882
80241,0.017161142806290344
80242,0.021772752603051452
80243,0.01790154379889727
80244,0.041968365082970985
80245,0.047835887729707954
80246,0.01599426926307084
80247,0.10823224358689254
80248,0.023049547573821043
80249,0.014470006281045413
80250,0.02823900130438498
80251,0.1161923541681151
80252,0.00849350878506077
80253,0.05300731544008351
80254,0.020515200175804844
80255,0.19484732643840968
80256,0.20730155606013606
80257,0.060310948598947194
80258,0.06644443982186415
80259,0.012161677564946932
80260,0.01685597013799379
80261,0.015601588117785352
80262,0.17822372870054404
80263,0.03331764507814259
80264,0.04645455524691649
80265,0.03965125820429623
80266,0.0918985961242437
80267,0.16003694621744308
80268,0.07282944698641156
80269,0.1338362833134687
80270,0.03812583689874975
80271,0.03141009455080296
80272,0.022328078731840617
80273,0.5997101090839518
80274,0.022806280652267023
80275,0.33893538096108383
80276,0.04690271950983221
80277,0.17071442201716547
80278,0.06367327213772724
80279,0.14413177363386373
80280,0.0376817238363932
80281,0.08513483426298431
80282,0.11100261915890863
80283,0.021692500733195143
80284,0.08037096396672619
80285,0.1622079629949934
80286,0.0355735885842261
80287,0.02454093082696049
80288,0.07856609343624188
80289,0.06647534961205935
80290,0.14840695029721243
80291,0.04288447792412533
80292,0.039497259330247565
80293,0.034907574474459205
80294,0.30208710525264687
80295,0.014273502865562072
80296,0.0338202060104251
80297,0.08616253604629472
80298,0.02609298123352925
80299,0.013491289376225677
80300,0.06431025176730076
80301,0.09242536678230216
80302,0.05063959663383299
80303,0.03210696988144078
80304,0.1354571518743777
80305,0.09007664826428669
80306,0.08118674283175982
80307,0.05956078421965384
80308,0.13495527224318177
80309,0.06575725678247743
80310,0.08842477195525858
80311,0.2192087440513304
80312,0.12519916969916822
80313,0.02628570631249825
80314,0.08045411950932572
80315,0.042915074360911507
80316,0.03324076965795686
80317,0.09062594541207071
80318,0.017476073272351213
80319,0.06530112848641535
80320,0.010821793172886219
80321,0.10946833150063637
80322,0.013979681138141785
80323,0.1909131479079155
80324,0.02229473034267722
80325,0.23570360171244029
80326,0.19993988875630564
80327,0.13649056219647646
80328,0.06670252342152518
80329,0.08266860854598755
80330,0.038044291598888
80331,0.0454398912292458
80332,0.08140590200910094
80333,0.03337636060482148
80334,0.033512760427270416
80335,0.08501805876646008
80336,0.06295217732687006
80337,0.03713989342038661
80338,0.025986573752934145
80339,0.05707072258049703
80340,0.09872819452725365
80341,0.04350812501866764
80342,0.040123586975092516
80343,0.19223907839282592
80344,0.05632756389486078
80345,0.06311630392411194
80346,0.033157566410858166
80347,0.13644594244707195
80348,0.10699009255843121
80349,0.13489109956233925
80350,0.10676256300719088
80351,0.03494280833723767
80352,0.09829973979940189
80353,0.06628187788825338
80354,0.07312851682480137
80355,0.03176644783442725
80356,0.1434495843037856
80357,0.019771679894348113
80358,0.12042630657143563
80359,0.15144439164639528
80360,0.029962388400474167
80361,0.018802690897426942
80362,0.030154879725367244
80363,0.025227795503399257
80364,0.012451453525979806
80365,0.013625142000435703
80366,0.33186226296903953
80367,0.06591775786015766
80368,0.04494802138635256
80369,0.1443932761922544
80370,0.06227169167413035
80371,0.02828397784982447
80372,0.20472011057905726
80373,0.07036410321092237
80374,0.07279809329560433
80375,0.05936424105700409
80376,0.04971408019743813
80377,0.046010240398024885
80378,0.05184436875453155
80379,0.02552111998210992
80380,0.06822079219743407
80381,0.09532016522037774
80382,0.03640390360668938
80383,0.06127640179903085
80384,0.04977050446146938
80385,0.011537168781671638
80386,0.041557199327061325
80387,0.07191052976666884
80388,0.17002027983131027
80389,0.04293553022878098
80390,0.9707853001570713
80391,0.063537757617984
80392,0.011049341001903665
80393,0.02871401835781473
80394,0.06261099957106206
80395,0.009531317147658324
80396,0.013071467872662461
80397,0.019758403523409223
80398,0.02307041552838037
80399,0.03668242097079047
80400,0.025001825287335695
80401,0.0337716016339979
80402,0.01779107432264573
80403,0.1759004414168503
80404,0.04399574773301561
80405,0.020663459412428357
80406,0.02815226877266543
80407,0.05056124475475338
80408,0.136092743552155
80409,0.03810508123567055
80410,0.02778773950369403
80411,0.039550912376842315
80412,0.42718038733847497
80413,0.04835473648616554
80414,0.025803015151093872
80415,0.10246520071660652
80416,0.03534653633759617
80417,0.029865710162557662
80418,0.0460252769706751
80419,0.10867892714016682
80420,0.042067965183247416
80421,0.031228137940823582
80422,0.0501552878761117
80423,0.052214446375751844
80424,0.022003104586285818
80425,0.044955535772793875
80426,0.02242659327707171
80427,0.0795775123037369
80428,0.02725579122442298
80429,0.015229808153623531
80430,0.059689551027169815
80431,0.1986630671238985
80432,0.042931998874901144
80433,0.12575714608360844
80434,0.030272502762841012
80435,0.0555545264082562
80436,0.06492085854100943
80437,0.036145384776875455
80438,0.09458871500301007
80439,0.043721328604987446
80440,0.041310599106620924
80441,0.06904034762066513
80442,0.0228081615317674
80443,0.07882276652838519
80444,0.039491270097225396
80445,0.20076748527187824
80446,0.028539009454004706
80447,0.036802301818158654
80448,0.029859360676930045
80449,0.03141752079823429
80450,0.015154172328347204
80451,0.08379655609612449
80452,0.020103794678120675
80453,0.0650568425530058
80454,0.022582058481843793
80455,0.010136660913774947
80456,0.13136494620415365
80457,0.12615808925173458
80458,0.012982297202748603
80459,0.01753913869327604
80460,0.09494842373705512
80461,0.037792914345984405
80462,0.03692717643126073
80463,0.21207131063285148
80464,0.03727411600747876
80465,0.1356620078465774
80466,0.010585661218418065
80467,0.19156376095006034
80468,0.020433740084044395
80469,0.12971232362065147
80470,0.02530009549755227
80471,0.0238667483905086
80472,0.013397245957936883
80473,0.05278045777505255
80474,0.3752175252910867
80475,0.29097727543739493
80476,0.011410861729828178
80477,0.06747754481854562
80478,0.17372179077817673
80479,0.10617635966788694
80480,0.14576302280554665
80481,0.049588440601649256
80482,0.02930182746373674
80483,0.023201703955133993
80484,0.01820607768679806
80485,0.05349245334299575
80486,0.042946052630289985
80487,0.033733099299230726
80488,0.2093095747893747
80489,0.06547793344593941
80490,0.1894429359939171
80491,0.032641795185757126
80492,0.028178391706205973
80493,0.5495554515958644
80494,0.1523740407277914
80495,0.3918433948129813
80496,0.08301115143657528
80497,0.039659287686808965
80498,0.10722847136077396
80499,0.06766958781720676
80500,0.11769609704527718
80501,0.016038995286655342
80502,0.036851387056253355
80503,0.06646258490804843
80504,0.029283510405599268
80505,0.01711734291189796
80506,0.015088661381267915
80507,0.025347299182948223
80508,0.025757693201052114
80509,0.018902346011637018
80510,0.13023338318637617
80511,0.07713840434010895
80512,0.02974397277164693
80513,0.026876029603227106
80514,0.02164940838945031
80515,0.04781337082347502
80516,0.010836713357704194
80517,0.2097401207788928
80518,0.03480448187974254
80519,0.20940965249777563
80520,0.011541584918500354
80521,0.02182371976524961
80522,0.029280604792949295
80523,0.030267149913658524
80524,0.020878829224963678
80525,0.02060788354889528
80526,0.07882637506014134
80527,0.2632803727858558
80528,0.007898828143485949
80529,0.14837705794546946
80530,0.02809946513552404
80531,0.03032086523018137
80532,0.23319159369628636
80533,0.10961691698334007
80534,0.08283073164773956
80535,0.03022903180469635
80536,0.013239291572169286
80537,0.03712971837978749
80538,0.05042392432330601
80539,0.045008164995308166
80540,0.04107248244697932
80541,0.17638782439690912
80542,0.09271176916906544
80543,0.055177244611869875
80544,0.11244512497620458
80545,0.06060457419775721
80546,0.11433637058856078
80547,0.03192423831957438
80548,0.11363556458656894
80549,0.028841295276211057
80550,0.029175148470172052
80551,0.01546796473256263
80552,0.021082533108519742
80553,0.16128040134273708
80554,0.19984104991921475
80555,0.09157181197967168
80556,0.034506353148174324
80557,0.008804941336677839
80558,0.014780794173503635
80559,0.03473745073805632
80560,0.0799867383258401
80561,0.03822265059997891
80562,0.030943922918414003
80563,0.023970361657425155
80564,0.03679480996637631
80565,0.0973647201958054
80566,0.03505262979338228
80567,0.022263235329017552
80568,0.009093915668308986
80569,0.015489697063713146
80570,0.3610152959796084
80571,0.03131895350754562
80572,0.024741567524661202
80573,0.019861557812257246
80574,0.0459086365477674
80575,0.017257215034703434
80576,0.14599198599042623
80577,0.014098598310995209
80578,0.03862898749071604
80579,0.05069254555898935
80580,0.055707886257194236
80581,0.05587702910204427
80582,0.053367006731790775
80583,0.036454968804724874
80584,0.013102846381912172
80585,0.10524294546355623
80586,0.049475932116481304
80587,0.08710821403132407
80588,0.11683731540620249
80589,0.06207899389616499
80590,0.13041298117331818
80591,0.02184437387182791
80592,0.40282897431820314
80593,0.023244988317571446
80594,0.02791382213606084
80595,0.05527146762026018
80596,0.061799122605584
80597,0.1929347480271754
80598,0.044641051679495336
80599,0.039855030613482875
80600,0.045783627146108744
80601,0.019217332939332067
80602,0.056320498524726356
80603,0.033394687704438694
80604,0.029142191812771827
80605,0.09026596130531431
80606,0.02433153627944159
80607,0.02753193286596143
80608,0.18145599813694843
80609,0.13699448746473702
80610,0.03997557339018569
80611,0.8736111325808269
80612,0.0550166960785069
80613,0.04559789237953749
80614,0.015056669880742765
80615,0.028448241456035347
80616,0.07229542607419492
80617,0.024534143470700875
80618,0.05132237165963104
80619,0.036817626004422316
80620,0.039009780014502504
80621,0.0416817962035042
80622,0.0719572978823962
80623,0.0799110584029831
80624,0.039351186371886136
80625,0.01734205086028181
80626,0.02193315235085068
80627,0.05867745553398303
80628,0.07592344716749551
80629,0.048302137898810174
80630,0.06926482636462265
80631,0.19842319461920094
80632,0.016110383689247974
80633,0.04329860436283622
80634,0.05980223747391067
80635,0.3534220865863711
80636,0.04629781635314638
80637,0.05631443567857121
80638,0.07421297636299637
80639,0.15736094346294738
80640,0.007670278737872039
80641,0.017438202519552044
80642,0.021425729783706608
80643,0.02550601909252832
80644,0.02611254719745231
80645,0.05209698989749291
80646,0.09230118666324638
80647,0.021373495936724937
80648,0.00904501997772546
80649,0.01781058424338171
80650,0.05760859864932695
80651,0.15774053400126806
80652,0.03158191171432376
80653,0.132622272094591
80654,0.01939657667177425
80655,0.032585803822749726
80656,0.12183918396695823
80657,0.02120859318068065
80658,0.1492022914028434
80659,0.0355472249192452
80660,0.01961550544814878
80661,0.07054368609609675
80662,0.13571600464199318
80663,0.09214599426144493
80664,0.010294694950354039
80665,0.04427423550763564
80666,0.02996383044658939
80667,0.03445050886069952
80668,0.08380673944556222
80669,0.08220790497480894
80670,0.03540251379125367
80671,0.023562371534833176
80672,0.07597075128375289
80673,0.11351031422311308
80674,0.08192409812597437
80675,0.14331148428294818
80676,0.05060557438173431
80677,0.06878344334111623
80678,0.16579923041433364
80679,0.021393531592342554
80680,0.027894015654866804
80681,0.025962795230094572
80682,0.04379641575486669
80683,0.1501388819368441
80684,0.09794124585726417
80685,0.028945193115086955
80686,0.046651729355880224
80687,0.07436134334797403
80688,0.03522951405977851
80689,0.021396446027850784
80690,0.2078119279256604
80691,0.03209247550816862
80692,0.023753235311439625
80693,0.12864809255739512
80694,0.025711722628886085
80695,0.021879692643696096
80696,0.04853324520902231
80697,0.08047292665940779
80698,0.9657633995018413
80699,0.034061605476344535
80700,0.017374880667408277
80701,0.02429413292294585
80702,0.012214025299355273
80703,0.04335047972713585
80704,0.06344765594951252
80705,0.030429329881118752
80706,0.028222796707026397
80707,0.08721420693389881
80708,0.030064735219170212
80709,0.04595354764644434
80710,0.017100534869572
80711,0.057993451689370146
80712,0.047444567379727125
80713,0.019836986273682133
80714,0.051888544607962696
80715,0.046307083915680475
80716,0.07850958756541287
80717,0.014682261963515172
80718,0.03104933592116145
80719,0.03303440881216414
80720,0.08440900169386012
80721,0.028297145598628913
80722,0.32735946799426585
80723,0.07055715735434119
80724,0.03291621166527474
80725,0.07065878777843591
80726,0.023030639268974324
80727,0.05207446300096896
80728,0.013062452204826184
80729,0.06090852689319136
80730,0.027810014305597028
80731,0.04702370344318475
80732,0.1425807452222042
80733,0.0645013504712129
80734,0.11380959251577753
80735,0.061524349779356
80736,0.5277708307410083
80737,0.07154379551793932
80738,0.01074559450849477
80739,0.21229486536440037
80740,0.027228425305395723
80741,0.07811829885572823
80742,0.02040518524875106
80743,0.17133455047603194
80744,0.6729597832581955
80745,0.07979339527374141
80746,0.024845386055215194
80747,0.0805758084463491
80748,0.14157184588940408
80749,0.036119510103952424
80750,0.04210199534136186
80751,0.06644715352364865
80752,0.022252775099457008
80753,0.04662061327185294
80754,0.14170668092106053
80755,0.03975352650150067
80756,0.02051655252062996
80757,0.048089510366155934
80758,0.06931534250339251
80759,0.6481886613454496
80760,0.07259959828478957
80761,0.041855103691588805
80762,0.02292569034060311
80763,0.049664076480323546
80764,0.030903420345055162
80765,0.017106583283228793
80766,0.017620579202738663
80767,0.04692928604035094
80768,0.053885930948036107
80769,0.2565534274253755
80770,0.033470770590314766
80771,0.02836950789269314
80772,0.026608929321830795
80773,0.042585196637890094
80774,0.028176202185922157
80775,0.03374753409969095
80776,0.10983001066606046
80777,0.3416730591750243
80778,0.012171254421245007
80779,0.04048915458117827
80780,0.07968081669867523
80781,0.09817535550127977
80782,0.01661635688916024
80783,0.04713220817102884
80784,0.04490301078395083
80785,0.0343549333504789
80786,0.06059844436047426
80787,0.04111294441364988
80788,0.03211678958444391
80789,0.13442872100345873
80790,0.11923410819811342
80791,0.014426749808294415
80792,0.053822349114857726
80793,0.043659923107494426
80794,0.04480262765584251
80795,0.030244551147828477
80796,0.06676546596926637
80797,0.11040120307737225
80798,0.032331449234938955
80799,0.03529205283976516
80800,0.0948127963313064
80801,0.02226939493315703
80802,0.007803602730081062
80803,0.03227560802705171
80804,0.035902171650706076
80805,0.016549649037678034
80806,0.11420259042490595
80807,0.031877155833917654
80808,0.06938083431778722
80809,0.04984419631875894
80810,0.017471148531541334
80811,0.0718411810097487
80812,0.015745668702336128
80813,0.02303821500585389
80814,0.07645148859225771
80815,0.05540356833153851
80816,0.040175524479288016
80817,0.038071873765764944
80818,0.06241506440136211
80819,0.06031177267004953
80820,0.06092971251047635
80821,0.028461026869760403
80822,0.30962447431446505
80823,0.018543879465166134
80824,0.14173044810732968
80825,0.023362698937791644
80826,0.01530544161384908
80827,0.1300364761141147
80828,0.03905853570757225
80829,0.01824200208694902
80830,0.012426199925948784
80831,0.15970328075329154
80832,0.031810694032617305
80833,0.025843327017192372
80834,0.06455122189601757
80835,0.07965517568870746
80836,0.018620699423849862
80837,0.014911037595425808
80838,0.02615070952564089
80839,0.07951513505547529
80840,0.08230653143604111
80841,0.06613693190527792
80842,0.026730610355902802
80843,0.03613835291951735
80844,0.021499446428425783
80845,0.011866207855277441
80846,0.01946775951050165
80847,0.07564784983798181
80848,0.03388031236940041
80849,0.036810837984884985
80850,0.15101007702965077
80851,0.04030813059550354
80852,0.023552276625200954
80853,0.1825286075336215
80854,0.03369442517701032
80855,0.053391213662837986
80856,0.028097287538158308
80857,0.013199842230935654
80858,0.04114375556825148
80859,0.015071543615394995
80860,0.14054174210541762
80861,0.030400010841773316
80862,0.022044987422231446
80863,0.059085990223338936
80864,0.0639890214187212
80865,0.02838568667694618
80866,0.019219347499330068
80867,0.2700026958035594
80868,0.022242020824930823
80869,0.03592313952103932
80870,0.12635004464783747
80871,0.03770298554633024
80872,0.3924944070009946
80873,0.0805414180239322
80874,0.08707308844751233
80875,0.07674037501167241
80876,0.06311355410540306
80877,0.03131148397132762
80878,0.009082175045114764
80879,0.09537408248403266
80880,0.022044181010211564
80881,0.023539617742093073
80882,0.04205860149695345
80883,0.026236216137880405
80884,0.03147701167273422
80885,0.021187170295193028
80886,0.02412413990411849
80887,0.11106482519425179
80888,0.045705434326282296
80889,0.019551416917456564
80890,0.045041434083038207
80891,0.016178339514152564
80892,0.03954023686323436
80893,0.07645307689632973
80894,0.029766185395624825
80895,0.1115541538469659
80896,0.19518031457131338
80897,0.08455171447419269
80898,0.25955942269156856
80899,0.05265629417397698
80900,0.06580744968851106
80901,0.036689876928355736
80902,0.05961378201387102
80903,0.03175198504719676
80904,0.031671298669837034
80905,0.019192472013461834
80906,0.04253539604382573
80907,0.055999686542057725
80908,0.01449596014140542
80909,0.02231541837594054
80910,0.08345753409500212
80911,0.21469904021277
80912,0.022380943717701926
80913,0.150853361715265
80914,0.04214463734544504
80915,0.06598550948190283
80916,0.03345758060070752
80917,0.03324034184999995
80918,0.05064995036590847
80919,0.020222962004657355
80920,0.1189653308854532
80921,0.027667447003371332
80922,0.04728333725388296
80923,0.04641318029999636
80924,0.04446764185890103
80925,0.02713785555923902
80926,0.11339250435892374
80927,0.02040826423019989
80928,0.09353000523390176
80929,0.04233853236663
80930,0.05976430507085713
80931,0.0119766839156549
80932,0.12864327936485653
80933,0.04196641084172997
80934,0.1074562940950558
80935,0.07041563542115885
80936,0.01993286242782582
80937,0.10786618131685927
80938,0.033159378099546985
80939,0.011164781586148696
80940,0.01921035878637538
80941,0.04714842704853963
80942,0.2208065491309419
80943,0.05705760270967837
80944,0.017204227814507936
80945,0.13127767354342917
80946,0.023168677269060172
80947,0.14160922861371222
80948,0.041384274140574925
80949,0.03141258602382717
80950,0.056833844084589545
80951,0.022232977581210442
80952,0.042142899548254835
80953,0.03635980889057617
80954,0.1696414744565316
80955,0.0842196737999461
80956,0.016902516713287786
80957,0.029039929233130292
80958,0.03425545056723093
80959,0.0455726489056713
80960,0.015517381209982231
80961,0.177903185273452
80962,0.033281721005542594
80963,0.013228990921139515
80964,0.05980147965512332
80965,0.03286574913559852
80966,0.008478046850830423
80967,0.022148991745224632
80968,0.058487364327310505
80969,0.01454306954966839
80970,0.071831237005894
80971,0.1600436298547497
80972,0.08175060783809504
80973,0.012362474116156045
80974,0.011778974764955985
80975,0.042156337266342034
80976,0.03561345945730758
80977,0.07617619184336888
80978,0.022446463327405134
80979,0.043775768723702466
80980,0.01766211247350438
80981,0.1637519262411366
80982,0.07490118017983974
80983,0.020934464714109317
80984,0.1057231287835601
80985,0.05256461116498795
80986,0.03496432692630547
80987,0.0544676184650714
80988,0.06519733845799935
80989,0.03324158648483558
80990,0.04658873859654444
80991,0.08102296227106548
80992,0.02312978958929486
80993,0.08213639227213884
80994,0.13224923923731324
80995,0.04706584925972074
80996,0.09897394011861518
80997,0.0330195056549894
80998,0.01416295883032959
80999,0.02028102093150865
81000,0.026337375996313667
81001,0.035864864123374626
81002,0.24682561937041458
81003,0.023104113533705815
81004,0.014853699800564304
81005,0.1260351336768577
81006,0.019179818748820084
81007,0.034239216721916016
81008,0.11793792110887998
81009,0.06801357010127106
81010,0.033057380469633794
81011,0.07107192245166391
81012,0.14227651208342357
81013,0.06309226472756592
81014,0.01761587182005578
81015,0.08030185458002535
81016,0.1849826084964351
81017,0.014058250292214441
81018,0.02355467092611551
81019,0.04345919065925263
81020,0.08736566998808203
81021,0.04402558500915583
81022,0.04110732384563748
81023,0.06942014228393277
81024,0.17098294683335308
81025,0.02462322384452475
81026,0.4223553007409431
81027,0.026870939262769504
81028,0.022870920107855238
81029,0.044292766116835455
81030,0.07107345692734685
81031,0.08396933393533648
81032,0.04623781889255574
81033,0.05579627937842276
81034,0.18423200880041735
81035,0.07225712402277601
81036,0.0981869204043079
81037,0.07419937689838364
81038,0.33341049174406895
81039,0.019254854541080786
81040,0.12279774423226633
81041,0.032531365394417325
81042,0.035923551401112606
81043,0.10511191639724472
81044,0.08428746334394577
81045,0.07622202713587314
81046,0.05531773555209543
81047,0.02140027620385629
81048,0.09932651418421093
81049,0.06356219244165837
81050,0.014663078345501098
81051,0.11301669414783891
81052,0.03400733349984401
81053,0.18977267399778025
81054,0.16824361268886998
81055,0.014862801347722658
81056,0.013132821592447386
81057,0.03115177905411498
81058,0.07332175460278893
81059,0.02852061539001008
81060,0.014823380007307603
81061,0.032784052177375934
81062,0.019360313212211024
81063,0.04336767318525761
81064,0.013953530261404116
81065,0.045184702406252
81066,0.03579309031711259
81067,0.04639671742082023
81068,0.06282307854045809
81069,0.08343729635925941
81070,0.04561675857255003
81071,0.17733853611200728
81072,0.047051895256928274
81073,0.032534108224502874
81074,0.083955476617108
81075,0.11722345216731475
81076,0.014009846683827763
81077,0.1534471114064667
81078,0.06966110576479663
81079,0.024849201854745755
81080,0.14925072127048425
81081,0.014210531224380882
81082,0.053689112147150546
81083,0.03988739121085394
81084,0.06864453577658355
81085,0.021532368393523862
81086,0.05369015561647953
81087,0.013566400865260614
81088,0.06020137593981264
81089,0.10334218686199333
81090,0.13098123890916405
81091,0.0190909721868223
81092,0.020095377423501953
81093,0.032697579730948285
81094,0.044334411483058195
81095,0.1855762608435974
81096,0.0312064126184717
81097,0.02273021916358843
81098,0.014661816320131981
81099,0.09582865826378223
81100,0.03683999972097857
81101,0.04056465916629846
81102,0.0377274169005688
81103,0.017885464639687855
81104,0.1744974921420308
81105,0.17067191444353155
81106,0.029313810233907153
81107,0.44532972489994793
81108,0.10261007756362014
81109,0.43581810188331266
81110,0.026186124523167993
81111,0.05861090560314818
81112,0.04103630234160598
81113,0.04431295029456009
81114,0.030459238910835892
81115,0.014261524227987989
81116,0.0396403211164144
81117,0.08112071077594134
81118,0.031762337554202734
81119,0.03375671875610138
81120,0.01980369202405594
81121,0.07514742821930977
81122,0.055357217068172135
81123,0.05523882459321176
81124,0.34650625822646663
81125,0.05463899483019444
81126,0.01774894513237637
81127,0.03638416868496835
81128,0.010532902610806005
81129,0.0313642970416767
81130,0.12401684522166115
81131,0.05164598947294091
81132,0.056348247513723054
81133,0.07080996707935457
81134,0.04353543860732535
81135,0.03874526371954087
81136,0.03816450911899792
81137,0.052491142183733526
81138,0.04943617900009357
81139,0.04990149848909931
81140,0.053507592198308154
81141,0.07640878604899674
81142,0.01613406108021081
81143,0.031857139462622926
81144,0.0874120121877748
81145,0.01859135227111398
81146,0.15166461223384808
81147,0.04032884300738826
81148,0.052330926530538155
81149,0.038210399504145384
81150,0.08753948739167244
81151,0.06911867102798847
81152,0.008634727168801046
81153,0.10260283829409732
81154,0.025302452834932765
81155,0.07424697471516842
81156,0.06814651428508807
81157,0.014484054563034901
81158,0.06991547064335636
81159,0.08704567291124905
81160,0.06073593154251421
81161,0.1336244769134792
81162,0.09506421559459662
81163,0.04917600214406332
81164,0.07262662881638124
81165,0.143565731462223
81166,0.09074783332455488
81167,0.046522752886394
81168,0.05519905002809948
81169,0.012750953288882656
81170,0.02246072423481035
81171,0.03365226482158587
81172,0.018660699221387606
81173,0.014959067502971393
81174,0.018801462591428057
81175,0.09272091597524322
81176,0.01665441901816307
81177,0.033579688238256473
81178,0.08113541623988751
81179,0.02249976167022791
81180,0.07786540251180857
81181,0.15046585206114524
81182,0.11240413048838654
81183,0.0966371634285708
81184,0.32039760061742667
81185,0.018725501585156575
81186,0.020050845243717468
81187,0.07914513174654053
81188,0.11779851416252306
81189,0.05834038766169053
81190,0.02983488059345262
81191,0.03179983944820321
81192,0.03952145027548352
81193,0.04596802022471552
81194,0.08349818392894992
81195,0.028681349673293506
81196,0.058332769558134503
81197,0.018280299087920997
81198,0.07044644401290902
81199,0.03537282581027244
81200,0.15591208436661202
81201,0.05315481340348167
81202,0.008762374261833628
81203,0.025290754246490407
81204,0.09853846369631637
81205,0.035108933228958535
81206,0.02843779078730133
81207,0.026198339299128584
81208,0.02829785113068655
81209,0.10228840359292779
81210,0.022887433186159673
81211,0.03495153058571102
81212,0.5955304203277023
81213,0.048402606818850925
81214,0.03588730262860312
81215,0.11458223330177958
81216,0.010639027060456567
81217,0.0704787999905197
81218,0.07644407198015209
81219,0.03920016900069861
81220,0.05637267840233304
81221,0.021629480550127894
81222,0.10318605920072467
81223,0.23232557755441324
81224,0.05477873779699739
81225,0.10472241424163091
81226,0.024530329198346263
81227,0.07894923891183986
81228,0.02243577181404579
81229,0.07164593902085026
81230,0.10449629546567685
81231,0.404042703524269
81232,0.02082915027727518
81233,0.4833775589813398
81234,0.053682143332280864
81235,0.018060811277221193
81236,0.04851131535028758
81237,0.015367959268741103
81238,0.042656660346974226
81239,0.07466933178008342
81240,0.07697787075782339
81241,0.021759876142566886
81242,0.011339156061430405
81243,0.014945755455440359
81244,0.08143045976927296
81245,0.011536102560718084
81246,0.011006330708479624
81247,0.0206692364142853
81248,0.016367729206679407
81249,0.05055871987809907
81250,0.058664855350854216
81251,0.07762571332846639
81252,0.040499298250199024
81253,0.019615303288862837
81254,0.437012175199861
81255,0.017472006659478186
81256,0.023490837304927747
81257,0.026434100947131462
81258,0.15320265469320882
81259,0.043006887653850384
81260,0.09331377707779794
81261,0.08554980827965997
81262,0.015098902419459452
81263,0.035845217260430835
81264,0.049300131459464075
81265,0.03659090099179409
81266,0.012153332746867026
81267,0.14096214408154492
81268,0.03261848236153307
81269,0.021919076259759397
81270,0.1666012160412732
81271,0.031244965602359037
81272,0.03205330217087864
81273,0.1065527369289515
81274,0.1464575556518132
81275,0.04571713891365565
81276,0.015777212352176075
81277,0.05094426884329205
81278,0.029725916374773554
81279,0.02554931836317296
81280,0.03361551999223995
81281,0.03469487867795595
81282,0.15928408958769602
81283,0.025117552792624523
81284,0.017810408953069883
81285,0.052919331303558914
81286,0.028872572692648913
81287,0.04836626034394534
81288,0.05077996683224826
81289,0.035503708199852387
81290,0.022085999721090523
81291,0.048780292613976275
81292,0.03373211884108581
81293,0.07657372343822894
81294,0.07788105810768386
81295,0.1615190086433546
81296,0.06273395964101275
81297,0.023280195271776438
81298,0.0693168371556181
81299,0.08505881453837293
81300,0.05388666054004068
81301,0.013374754130803947
81302,0.0369976287640278
81303,0.08179823269843467
81304,0.06453510593440091
81305,0.020403928128793904
81306,0.09192339393049861
81307,0.12850418668401165
81308,0.03126016991765372
81309,0.016863196874140576
81310,0.05830024965803829
81311,0.0093382525266578
81312,0.03253248075553822
81313,0.026695385910959716
81314,0.013446597488408752
81315,0.04197038336050938
81316,0.08347663153803417
81317,0.03852089905339702
81318,0.09159940287870735
81319,0.18567143766333338
81320,0.024471062257944994
81321,0.027120199386537487
81322,0.021812831020846753
81323,0.22781243654765815
81324,0.03391652861377924
81325,0.054932501108161724
81326,0.02789794985243305
81327,0.02544478444285416
81328,0.03922749673442126
81329,0.07184065267460525
81330,0.0546037510645001
81331,0.01094281054256933
81332,0.022216454003408343
81333,0.3660309788478
81334,0.0837104207754073
81335,0.01007131603087754
81336,0.12276482429471113
81337,0.07812025646765534
81338,0.27520527251173676
81339,0.19488048649708772
81340,0.020125959277938466
81341,0.02009015389377079
81342,0.21749590778229694
81343,0.055762116540585126
81344,0.02408562937865912
81345,0.19260239893231224
81346,0.06666010676583037
81347,0.036271380542119945
81348,0.17860082706218852
81349,0.028703044338486666
81350,0.24719403785825542
81351,0.08097542866001915
81352,0.06607228387943659
81353,0.05272632593475608
81354,0.1186078088293788
81355,0.02564293560132307
81356,0.007748689995197336
81357,0.15266799562918643
81358,0.014251083606069567
81359,0.19512169437814952
81360,0.05596908162557973
81361,0.05300077795277097
81362,0.024319402291507593
81363,0.08658296762089335
81364,0.018746433555730163
81365,0.04062892354938807
81366,0.04983292398898804
81367,0.07570932203439736
81368,0.03321086480266201
81369,0.027681246901407157
81370,0.020695263755639407
81371,0.1523795433888668
81372,0.012224453716969976
81373,0.07598386596458176
81374,0.38467181425415586
81375,0.028773732995759298
81376,0.034130649240394675
81377,0.03824856342963505
81378,0.03633293861214752
81379,0.02032863869442547
81380,0.054680956467165226
81381,0.08439835732658525
81382,0.016574813123866654
81383,0.025263941155400427
81384,0.8692218827135698
81385,0.0934897248791326
81386,0.05805302940833916
81387,0.21646806710576744
81388,0.013425061924105648
81389,0.22795969109354852
81390,0.030623823095686557
81391,0.12483522476062867
81392,0.030676603251402604
81393,0.029788081016767325
81394,0.056270509387147435
81395,0.019679645727807296
81396,0.09549923217370028
81397,0.08183815289053815
81398,0.15485432879584154
81399,0.009932427074313572
81400,0.2629738981864714
81401,0.05791115848080608
81402,0.032257239173674186
81403,0.7218948128856801
81404,0.017427280314471157
81405,0.026032506751253178
81406,0.06336289519477657
81407,0.07863310726873547
81408,0.7287252659216564
81409,0.01059802985227609
81410,0.07373711578590982
81411,0.025303302944901986
81412,0.0727986812793316
81413,0.06715405733313012
81414,0.0779599055151427
81415,0.07091265123514709
81416,0.06197890036039169
81417,0.06487713832119588
81418,0.18013075398656567
81419,0.09003819155332793
81420,0.04784282198015258
81421,0.03772700814857704
81422,0.02509402964016596
81423,0.018665062355425414
81424,0.10102620959431712
81425,0.010227158257967694
81426,0.03514124764460898
81427,0.04777668808100077
81428,0.037596769613739214
81429,0.01917668499010361
81430,0.046278883612965914
81431,0.04768235264707345
81432,0.16277616559413122
81433,0.08227574999033561
81434,0.04276950765233091
81435,0.07135413511933494
81436,0.04393936569886342
81437,0.02495821977121376
81438,0.07361651608042297
81439,0.04630591385930729
81440,0.05157513598941933
81441,0.11301950445203247
81442,0.025776486988026287
81443,0.07435145852343439
81444,0.07474387630287706
81445,0.020342863235322643
81446,0.025445071364371873
81447,0.048074862167714894
81448,0.015552695706706402
81449,0.04628411126871827
81450,0.04172571692547848
81451,0.0687765700449011
81452,0.8755896085114981
81453,0.02672870891220731
81454,0.05648942486131807
81455,0.028229309919199475
81456,0.0636682536538639
81457,0.02381178112845188
81458,0.039457419718758754
81459,0.1771797874434964
81460,0.10467007697755785
81461,0.26436310470139723
81462,0.11514485843655498
81463,0.022539544057043864
81464,0.14594176303737558
81465,0.02219026950651331
81466,0.03612067284847218
81467,0.4669460348784343
81468,0.04690571094778912
81469,0.058334454659468946
81470,0.05984659247983122
81471,0.071421310124815
81472,0.26062684621107834
81473,0.04348438783263581
81474,0.04102495518528626
81475,0.019049041670571955
81476,0.15006730088735779
81477,0.0652529647307864
81478,0.18842198017958442
81479,0.324451945493305
81480,0.0435619745346837
81481,0.02738554899428292
81482,0.02560581718347962
81483,0.2104218920714338
81484,0.06768854505369941
81485,0.11873727445860527
81486,0.05722965737103691
81487,0.06231653992533251
81488,0.11894075421498283
81489,0.020710955450062307
81490,0.14977169340967222
81491,0.10092930412160703
81492,0.021314825011851106
81493,0.16540271755061053
81494,0.015563198923535651
81495,0.0361477569022896
81496,0.036562968067057715
81497,0.08960495312287384
81498,0.05644504016507815
81499,0.05280491128548624
81500,0.06098618554564488
81501,0.0999430207609276
81502,0.03478532049129041
81503,0.02180135175906232
81504,0.13467241968465354
81505,0.01749359070071659
81506,0.04366030479732253
81507,0.07347439252978677
81508,0.022566881136067096
81509,0.04466836770743236
81510,0.04480675308153216
81511,0.0162574389136858
81512,0.026922911537130167
81513,0.013343434830172717
81514,0.03951735092091105
81515,0.014914695457502458
81516,0.043696204571120625
81517,0.10619266514757088
81518,0.05386011117908464
81519,0.1284581028616345
81520,0.08524033522563336
81521,0.03141787295813545
81522,0.03624976314612405
81523,0.15690265160261493
81524,0.2121607421701422
81525,0.059505844607431635
81526,0.02204107879913773
81527,0.022983200875337395
81528,0.21849888380545135
81529,0.013986147997440971
81530,0.07210939179439817
81531,0.059426829860474775
81532,0.024859295208453737
81533,0.03099996089595044
81534,0.10500166519236331
81535,0.04243887506855327
81536,0.027374228888299743
81537,0.020002130444348586
81538,0.019058606027976363
81539,0.03574776106675456
81540,0.036527180701239045
81541,0.32591894689376777
81542,0.025655533195287832
81543,0.028937914052417517
81544,0.03191954303258507
81545,0.045024019175933044
81546,0.011188193866603337
81547,0.09717672515108272
81548,0.019757141090086396
81549,0.024109279123778877
81550,0.015785393043755206
81551,0.06267166469000471
81552,0.10831181234322185
81553,0.02202203502798393
81554,0.2004229141428225
81555,0.0754434211273793
81556,0.23084942726730595
81557,0.11296910743629321
81558,0.10767197518261706
81559,0.032115998519285226
81560,0.05743818943974942
81561,0.03656874801094101
81562,0.030867476004400762
81563,0.033674672272523236
81564,0.1783953984513388
81565,0.04317603661600437
81566,0.02148630136682597
81567,0.011874900171462291
81568,0.024770262762983254
81569,0.06172319086214602
81570,0.00800107254881326
81571,0.031778775740956056
81572,0.22915213035575077
81573,0.24252110788543157
81574,0.01096947021690029
81575,0.042321480199683785
81576,0.23958368571971567
81577,0.07412937523337212
81578,0.04621062539509495
81579,0.0774094196128723
81580,0.032163141145139094
81581,0.046110555749325224
81582,0.08660868018254292
81583,0.05359878975772189
81584,0.029314387008761024
81585,0.0381266056730282
81586,0.027685324003504153
81587,0.03171003991851313
81588,0.040342325805867496
81589,0.04766742274534494
81590,0.15195047021710412
81591,0.029582750887189202
81592,0.03854010355644644
81593,0.056117796822269944
81594,0.04502706847317333
81595,0.07067696367058071
81596,0.1181251528177969
81597,0.025621351500510606
81598,0.013113408788379643
81599,0.02405266838761869
81600,0.08852646845640255
81601,0.033918040678038885
81602,0.12957333883480412
81603,0.04622317445126242
81604,0.3257751881006864
81605,0.010365215308405035
81606,0.021561564469313833
81607,0.27071292465297736
81608,0.139599651816533
81609,0.14873627237057357
81610,0.07475362056607703
81611,0.03904604338696205
81612,0.09004620617386462
81613,0.027113699851633605
81614,0.028358141374547136
81615,0.08015486428008675
81616,0.033844031948371364
81617,0.17582712921093122
81618,0.025605685666324467
81619,0.22674294822888735
81620,0.024915136544870504
81621,0.043668028697538705
81622,0.022964490211173208
81623,0.12725763218320926
81624,0.13952736734437438
81625,0.038899829139347884
81626,0.05908512696445359
81627,0.03074747820752148
81628,0.1416545517108232
81629,0.03950289415731418
81630,0.09518221686941032
81631,0.06501534010863337
81632,0.01687863066814719
81633,0.060661869136095045
81634,0.052068349345336204
81635,0.05626752841697162
81636,0.011377405460407719
81637,0.04501541558654833
81638,0.03825346316789317
81639,0.031081963725368443
81640,0.0722534368933231
81641,0.046565775975486126
81642,0.021976097202667938
81643,0.07486393290225993
81644,0.11231964677371438
81645,0.11774774073211584
81646,0.0949872030589509
81647,0.024131447896335985
81648,0.07442757634889685
81649,0.06884148517484169
81650,0.048806414118320374
81651,0.033990395660029
81652,0.04217970233460583
81653,0.03169187784613649
81654,0.06032503261702256
81655,0.03095165156723556
81656,0.11613273052932922
81657,0.0465598367801995
81658,0.04439112832344657
81659,0.06609109358938946
81660,0.015256481335077506
81661,0.04854715413464619
81662,0.1448337586118521
81663,0.03289226465538184
81664,0.10564764589557374
81665,0.07662150231806192
81666,0.03950955164666814
81667,0.12430337054840306
81668,0.0814264800319506
81669,0.052470464075108005
81670,0.08766436146430914
81671,0.4422419479992195
81672,0.03547479535165746
81673,0.04945530686698851
81674,0.03647569326418823
81675,0.026591583423582293
81676,0.03901733207901246
81677,0.024866737592515297
81678,0.019895361089733356
81679,0.03240399566730744
81680,0.02383132261747249
81681,0.009441436541076867
81682,0.03233070026117216
81683,0.14351602187507265
81684,0.029041491148709214
81685,0.0990039011214621
81686,0.03214810035555889
81687,0.016813437196596514
81688,0.14459989481193172
81689,0.03421876646218932
81690,0.074506844083262
81691,0.09601262653613254
81692,0.06777268071970617
81693,0.0691757019509035
81694,0.19537828533367715
81695,0.011355942058498138
81696,0.024914591717066798
81697,0.03756869112716688
81698,0.009929703984565264
81699,0.12543010486248535
81700,0.09958246332861453
81701,0.09746465511762734
81702,0.02175174018017909
81703,0.026139584729953355
81704,0.09121735609013083
81705,0.01956715851517772
81706,0.03686041343157678
81707,0.08294821991110991
81708,0.02762233618291221
81709,0.037202239448790086
81710,0.16018517748209357
81711,0.025088183659017646
81712,0.008823106288893101
81713,0.04157948804926676
81714,0.09212087282211262
81715,0.06438449343437226
81716,0.037154612206228725
81717,0.04946971649604485
81718,0.019468430068145533
81719,0.1848738624890096
81720,0.011836324806202258
81721,0.03442281419161157
81722,0.025646675292643865
81723,0.0514368019633837
81724,0.037591583614455026
81725,0.016339226897141
81726,0.023594052645896698
81727,0.018689928216248125
81728,0.08560976755038234
81729,0.038822551322211546
81730,0.03477805788592431
81731,0.01527785656729003
81732,0.16939131838280144
81733,0.04396252673021336
81734,0.1269601099331759
81735,0.09195555603882019
81736,0.021256590973380254
81737,0.04603952133044126
81738,0.058685694380179426
81739,0.04423590949532373
81740,0.07679846466480397
81741,0.09946922296264155
81742,0.10941326989394984
81743,0.0255852389429978
81744,0.02231251764221703
81745,0.04856415521015647
81746,0.039598429824622826
81747,0.08283046403017415
81748,0.03752913349724329
81749,0.03650558354322144
81750,0.03517101373574729
81751,0.09656785788003747
81752,0.2052117545429638
81753,0.021663977445596713
81754,0.016484448715262147
81755,0.0319658107473037
81756,0.03405697235694592
81757,0.03212670377334267
81758,0.13187386082644878
81759,0.028343585283677423
81760,0.04842936070061893
81761,0.033340049195078186
81762,0.013085307171972756
81763,0.12089940437879881
81764,0.018126083761478638
81765,0.13524148699472757
81766,0.04477919728726977
81767,0.013314268754639326
81768,0.13395342379636746
81769,0.26508027499120296
81770,0.018776870060858764
81771,0.06962139155138974
81772,0.06224099223812607
81773,0.1946346443349383
81774,0.023470030661934142
81775,0.022141455596219443
81776,0.021832538225211168
81777,0.040412552437729184
81778,0.037784291953453966
81779,0.03525607857447059
81780,0.02801613174820969
81781,0.0409415137899363
81782,0.043162932138263235
81783,0.025140140508078227
81784,0.023436586780233082
81785,0.03822222988120374
81786,0.10191016263607361
81787,0.1563248700027397
81788,0.03551656850333132
81789,0.05344645290556109
81790,0.14939294663267272
81791,0.02839732249643047
81792,0.23088755173848524
81793,0.044165086704259955
81794,0.10064232153205283
81795,0.03497070005003209
81796,0.025615850522162666
81797,0.15991514883899624
81798,0.07738743821121781
81799,0.07749736803772735
81800,0.017623224129660164
81801,0.26444863879753416
81802,0.061512200982188875
81803,0.030768437394350867
81804,0.018569702968122017
81805,0.07713762744940678
81806,0.17124492045152684
81807,0.04883533823393244
81808,0.25338954311907175
81809,0.03552087925608043
81810,0.03270131136213201
81811,0.056003355727884147
81812,0.06298975601329537
81813,0.013111283354409016
81814,0.016357233371772268
81815,0.02466024712147767
81816,0.04666198620656281
81817,0.22556146068650063
81818,0.01609542756951976
81819,0.06785373738014662
81820,0.017522893095052033
81821,0.024921994502765825
81822,0.020197508938943648
81823,0.2081610458781565
81824,0.12149713664907065
81825,0.01458343509979927
81826,0.08574660569215185
81827,0.09551014641188843
81828,0.011933803445288969
81829,0.07672705592630977
81830,0.021940108947537895
81831,0.028473146616370057
81832,0.11280084913078661
81833,0.014153344012708983
81834,0.019210898544951796
81835,0.09688268902413621
81836,0.021095682631238795
81837,0.020769854585034036
81838,0.047312335811194595
81839,0.03439463741201069
81840,0.0837693761901358
81841,0.014137903519312371
81842,0.05097070413888589
81843,0.05229913826370623
81844,0.05781436389459784
81845,0.012759771683248957
81846,0.057626541957017635
81847,0.011612592541206784
81848,0.042106342068787994
81849,0.013440460450876941
81850,0.07600067027325373
81851,0.021728470937858638
81852,0.033897987701579806
81853,0.024673905381631382
81854,0.04510153266832248
81855,0.14190232763981492
81856,0.03129165741779361
81857,0.017267622968372417
81858,0.016491138875693128
81859,0.2215348423480266
81860,0.033817947864251484
81861,0.021501321970470288
81862,0.0834466395836871
81863,0.0499882979589717
81864,0.026382183874201437
81865,0.01672327279119155
81866,0.022226504923210454
81867,0.18097750238653249
81868,0.05612054630123138
81869,0.03111144021348811
81870,0.07985440397762075
81871,0.1340883731947774
81872,0.028560608229182136
81873,0.10141669122074087
81874,0.010574590344261815
81875,0.013949881812533187
81876,0.12347821467060302
81877,0.014173400227973153
81878,0.17203988833208161
81879,0.19381023611763254
81880,0.11275754460213482
81881,0.12335980161263332
81882,0.018220706014818983
81883,0.04788578935222425
81884,0.11070672772447805
81885,0.035805388071000234
81886,0.010884028556452005
81887,0.17489001704872417
81888,0.01765066649948506
81889,0.017752209336327086
81890,0.02888612873210937
81891,0.10478142667402943
81892,0.11268875832859741
81893,0.05481465788246087
81894,0.06114553925698389
81895,0.03145078579027746
81896,0.009585965102325669
81897,0.018160568473688417
81898,0.024342070461072764
81899,0.03477267897241216
81900,0.15514152414244473
81901,0.019560511343846967
81902,0.09087759885688337
81903,0.09700449934473396
81904,0.04287423496515161
81905,0.01965446357057548
81906,0.07781345982894447
81907,0.0799145020903358
81908,0.016503698288697785
81909,0.025763489207727374
81910,0.022444155722631996
81911,0.0450632119654047
81912,0.08203481857333633
81913,0.031641634328925534
81914,0.0676994980112792
81915,0.16804754216846002
81916,0.032403169910734
81917,0.07190553986247275
81918,0.14126372566610373
81919,0.04880217112077348
81920,0.2095008333126018
81921,0.018584164316467106
81922,0.0759385369888742
81923,0.22038912624883078
81924,0.01988021475414904
81925,0.012737235711798807
81926,0.05897996574463919
81927,0.05461656081583068
81928,0.013794997161864875
81929,0.03662922445800162
81930,0.0935134677302703
81931,0.02601771880191164
81932,0.07315050347827198
81933,0.05629380793025289
81934,0.051453705397685456
81935,0.08245655791277104
81936,0.0525926871137679
81937,0.07737605286174962
81938,0.07748918845523901
81939,0.03929083457908668
81940,0.048817796526848596
81941,0.08231098347257823
81942,0.01522395034833021
81943,0.025497795468966772
81944,0.05279902303617372
81945,0.01784910722017673
81946,0.08823390132175052
81947,0.09023952727510703
81948,0.04805863530497335
81949,0.01430095480693465
81950,0.05209777099031431
81951,0.057009135144344414
81952,0.027368358538483184
81953,0.05015195873103225
81954,0.025814085120149828
81955,0.08150751057856329
81956,0.05045733693218742
81957,0.05958308082951022
81958,0.019247254816008447
81959,0.030791035618473767
81960,0.02040020969431341
81961,0.023507808680181798
81962,0.013852965177458846
81963,0.022189710924881086
81964,0.030166440407687567
81965,0.055044939911086346
81966,0.019414918703719655
81967,0.4037620907134438
81968,0.016707159026379387
81969,0.028862999177663225
81970,0.10209953942743552
81971,0.06688399336994198
81972,0.07940519847226996
81973,0.02166844254368394
81974,0.0837257885849376
81975,0.015683600893006678
81976,0.16708020499437876
81977,0.10692373761976137
81978,0.01124726904755453
81979,0.17054840754533446
81980,0.024946183169286512
81981,0.0837954778101151
81982,0.04114174581251882
81983,0.016365102057469254
81984,0.035488607012674075
81985,0.04000491516858713
81986,0.04839107232884421
81987,0.15669909144432045
81988,0.04824618690893726
81989,0.06393949112408846
81990,0.026385142235292917
81991,0.1381969112506532
81992,0.026753096579075278
81993,0.1412907646804244
81994,0.04437283747123432
81995,0.13148335897805974
81996,0.06583039727607132
81997,0.057206333579766476
81998,0.025482302873290702
81999,0.020566089098426908
82000,0.04252203681856888
82001,0.10513744551649333
82002,0.04891764084452498
82003,0.016453149515656247
82004,0.04568635113564896
82005,0.04736959861197158
82006,0.05598901091406787
82007,0.12280804973080035
82008,0.3397764936353359
82009,0.04132461955544386
82010,0.028909825117681556
82011,0.03536368675185229
82012,0.03251696991859057
82013,0.038681514071066216
82014,0.02835277720453365
82015,0.021783762995433047
82016,0.024548304156064144
82017,0.08485289320672613
82018,0.0724245444182123
82019,0.2639102178878272
82020,0.04294539504950666
82021,0.06126814510564255
82022,0.19683067575572205
82023,0.11790188836389887
82024,0.07226893692292718
82025,0.02842329070957441
82026,0.0632421965948512
82027,0.22420947456126405
82028,0.15249739351718883
82029,0.06559616861998988
82030,0.17485940531184377
82031,0.05006879159506407
82032,0.07048301839910169
82033,0.02540491271689694
82034,0.06268692984855498
82035,0.01321350578807992
82036,0.016705078559818693
82037,0.048323380716400376
82038,0.17693896905577478
82039,0.06262061271950994
82040,0.06026458000066158
82041,0.028117543310108555
82042,0.021632259500584658
82043,0.06734694895072214
82044,0.032290530507479376
82045,0.0247100935737764
82046,0.050004582490069505
82047,0.19685053075313907
82048,0.03913180546175351
82049,0.022447969919781915
82050,0.0187646947961003
82051,0.03575390584948488
82052,0.08102544338976538
82053,0.08335229135752953
82054,0.02133547885170365
82055,0.009810389988035283
82056,0.0623836420149676
82057,0.01383947491495067
82058,0.1643782738030845
82059,0.03464218095359726
82060,0.00969801752944355
82061,0.02436110886133353
82062,0.09099737211951467
82063,0.36543740106936495
82064,0.03843377472005963
82065,0.02334133246014445
82066,0.029292342176494592
82067,0.02172424846190024
82068,0.09491273492080915
82069,0.13931297387167602
82070,0.07412890392950833
82071,0.06367862706892968
82072,0.025306983510412377
82073,0.09578428410252987
82074,0.019574959378348362
82075,0.04511273258863388
82076,0.049975164672774755
82077,0.08383312481999829
82078,0.03381122165908401
82079,0.05108956844413555
82080,0.02469823851422563
82081,0.0915315766768034
82082,0.021570924536158588
82083,0.01978780088135011
82084,0.0358890042659495
82085,0.04009624198965
82086,0.048660701728578594
82087,0.024936685501525058
82088,0.08552498256695583
82089,0.053479846503644686
82090,0.035483994865166915
82091,0.1290052788091969
82092,0.0447357226434369
82093,0.2078417946505961
82094,0.29253603930877736
82095,0.03658881719471373
82096,0.06488218276198959
82097,0.07761475322090844
82098,0.10745702535974716
82099,0.13196511214629822
82100,0.03561686809312456
82101,0.03201907145133724
82102,0.048811700575578
82103,0.04701356432241581
82104,0.05920975758191818
82105,0.1922453524595413
82106,0.012337940869640875
82107,0.08696254363759208
82108,0.09544709297511554
82109,0.037839390813524866
82110,0.01971528567660955
82111,0.017298613212881238
82112,0.038450175768291434
82113,0.045496794601829385
82114,0.09387718721980208
82115,0.05548467090720325
82116,0.02051699239667193
82117,0.19513973484297908
82118,0.14984540171986116
82119,0.3586329637411369
82120,0.016201481846211067
82121,0.046305873600990394
82122,0.014875056625463914
82123,0.06552207634340512
82124,0.10897405758653636
82125,0.06295298835156211
82126,0.21671017311510068
82127,0.06976019885342259
82128,0.043174517451446785
82129,0.04493474057205778
82130,0.018826117452363338
82131,0.018978821356168525
82132,0.03371438280074869
82133,0.07357052866384833
82134,0.1275619140001152
82135,0.01696336700205509
82136,0.06324561310358347
82137,0.36202664945774043
82138,0.015017062615014102
82139,0.023892642495500133
82140,0.03300298038902023
82141,0.06398935536470267
82142,0.04965715413151941
82143,0.08472163375315238
82144,0.02819865153037673
82145,0.1012338079539687
82146,0.02688899449389727
82147,0.07329458018418267
82148,0.1679917902103872
82149,0.06344987499537683
82150,0.04672118624213875
82151,0.05251470234344127
82152,0.11757753980647263
82153,0.017299618946679987
82154,0.044184321598645854
82155,0.04711505125477959
82156,0.01512629919733775
82157,0.02489287570585248
82158,0.04905910070417513
82159,0.047960410367906284
82160,0.07818572820952144
82161,0.4171796856619746
82162,0.06092705898883934
82163,0.19318824848165927
82164,0.03580897599182114
82165,0.08938938725377989
82166,0.08582520953167345
82167,0.0487248104770575
82168,0.04974487344784607
82169,0.01775878712591915
82170,0.030346894318283715
82171,0.010042489947694952
82172,0.02250464245247597
82173,0.0335089631741019
82174,0.04702538569630285
82175,0.021343892938374947
82176,0.06057689840101802
82177,0.043645063076147225
82178,0.04444190102572774
82179,0.15089583027261197
82180,0.0569634660927948
82181,0.10388101534842292
82182,0.26565008735612466
82183,0.03923524069480911
82184,0.042117659676756306
82185,0.06057897408123861
82186,0.09644077600484023
82187,0.048481100665569
82188,0.07349698266402084
82189,0.0744542120340867
82190,0.016910126839833853
82191,0.024606829637562243
82192,0.026369000295726128
82193,0.19749452029914055
82194,0.04785709572087827
82195,0.03209450145038525
82196,0.01996848679026694
82197,0.04831157862173022
82198,0.021480820732048524
82199,0.039532276805609785
82200,0.05332455913649797
82201,0.010807577757857999
82202,0.008668300916199476
82203,0.02767372886942402
82204,0.04987657154703544
82205,0.024312477227361518
82206,0.08721675626913641
82207,0.0795703544836511
82208,0.04492088407519979
82209,0.07452428469113308
82210,0.09318438721848041
82211,0.024529916433702708
82212,0.07964861331720322
82213,0.048134478272072234
82214,0.013246843094403197
82215,0.03904175451771559
82216,0.01738484105386431
82217,0.061929716607800195
82218,0.07695316281078517
82219,0.08172190852238485
82220,0.04777363986818625
82221,0.10492641463090187
82222,0.010644158868093041
82223,0.15194369684207026
82224,0.07167590857181658
82225,0.03026468132171626
82226,0.06812691560465119
82227,0.1041281103780294
82228,0.012110780231040683
82229,0.05014308159157006
82230,0.021151317389740347
82231,0.08561195653780151
82232,0.02320585841773952
82233,0.045883926428185236
82234,0.14690132597168706
82235,0.03246990066993519
82236,0.08609153301667986
82237,0.04665442870200767
82238,0.03528967492219186
82239,0.017348290035327035
82240,0.11248426224989472
82241,0.13808087592044224
82242,0.04332508838628347
82243,0.028897705513504533
82244,0.031289437990549465
82245,0.04499905362164144
82246,0.03208835985262981
82247,0.07448304530529656
82248,0.017738718406763533
82249,0.04583063343123746
82250,0.0394466241558698
82251,0.03770535526384427
82252,0.06825296237412101
82253,0.13859821205457162
82254,0.04454600993397795
82255,0.4298607678270155
82256,0.01747435483204783
82257,0.08739781434760334
82258,0.02747988102561661
82259,0.01986012718066887
82260,0.018398899592212296
82261,0.032927842614782044
82262,0.0214557634460835
82263,0.04877065970606617
82264,0.06364047308702436
82265,0.0640898520652835
82266,0.08049244970595985
82267,0.09382702700913587
82268,0.17407076886755876
82269,0.21522234674746643
82270,0.04623111117048844
82271,0.034888161721499264
82272,0.06955054452337785
82273,0.02462436113038775
82274,0.03152291491083167
82275,0.056766082216823464
82276,0.024757860801365782
82277,0.07568425794217377
82278,0.23833253647434768
82279,0.023974232766569712
82280,0.057810439046795406
82281,0.024890353949529286
82282,0.09741002641681895
82283,0.041571836676227936
82284,0.02805524047939966
82285,0.044500490670518277
82286,0.03837008643452813
82287,0.1483022817992442
82288,0.05109094126778555
82289,0.27122925477153975
82290,0.02611089976181536
82291,0.08517203714447273
82292,0.16147850743500186
82293,0.05309605552310837
82294,0.17012787071755672
82295,0.10329310889839907
82296,0.034138906792355476
82297,0.07121974680811717
82298,0.07084800640194842
82299,0.04875414548329046
82300,0.03688798939049762
82301,0.025945889842745068
82302,0.31008259345407907
82303,0.07147899517798333
82304,0.1159538191895606
82305,0.1321733858858887
82306,0.049222339207654744
82307,0.03485682705371688
82308,0.023976361929117545
82309,0.021704256329883927
82310,0.00856539735438136
82311,0.01632112716296966
82312,0.024064874676603662
82313,0.04881518783678111
82314,0.027410087700441572
82315,0.01227841428685098
82316,0.03908675678656485
82317,0.05197927819475283
82318,0.24404902525236333
82319,0.019227362052086725
82320,0.06200510058831639
82321,0.029989877950922807
82322,0.05316752563506283
82323,0.030263433811985523
82324,0.08096142088005223
82325,0.14113624669336297
82326,0.23870212147746223
82327,0.01735224473119818
82328,0.05446197621225783
82329,0.05455812503655166
82330,0.05044117097521093
82331,0.016009609120813232
82332,0.05129127105844808
82333,0.14430011919460392
82334,0.0333322003253958
82335,0.02729387906057742
82336,0.0492525574246273
82337,0.02577282226694098
82338,0.026296375105879177
82339,0.15696316752609857
82340,0.04299772353169358
82341,0.020678964004705917
82342,0.04402276569634153
82343,0.034149251120943296
82344,0.039653306810616656
82345,0.03939053173461085
82346,0.06286856617603742
82347,0.019236436600068203
82348,0.4092745750521577
82349,0.03246441410292865
82350,0.049898747010492184
82351,0.019445606522505078
82352,0.09511280848784459
82353,0.03555501409670787
82354,0.02531630580645915
82355,0.016962168599621935
82356,0.0740019677664953
82357,0.03912895103755802
82358,0.11110886971432193
82359,0.023156380158373686
82360,0.11491708373213069
82361,0.0719484091257702
82362,0.01890808381047626
82363,0.13499649523256652
82364,0.0800269742152877
82365,0.0782168262237788
82366,0.028838143622697314
82367,0.022194580980908495
82368,0.12330760269382918
82369,0.061435555992100904
82370,0.032058027568600586
82371,0.17719159504320933
82372,0.0577765037391338
82373,0.04623215785239532
82374,0.06794332547627051
82375,0.017324204298303076
82376,0.09724583132369931
82377,0.037321134015800325
82378,0.09624876328133246
82379,0.11365823248239354
82380,0.016613201683251512
82381,0.019113138515741326
82382,0.04349013928936839
82383,0.030155652773576118
82384,0.030578419425044013
82385,0.02998213221259618
82386,0.016698627103084923
82387,0.03768113301758548
82388,0.032424306510710287
82389,0.1383169133340783
82390,0.027619453815313104
82391,0.016235692839086643
82392,0.06841484415335623
82393,0.010607779907400836
82394,0.20391486325062358
82395,0.020795492629319127
82396,0.18669845004140437
82397,0.03282894630151393
82398,0.010641422680354421
82399,0.012957860525525314
82400,0.026832123141214595
82401,0.03646022129041125
82402,0.04154884846977506
82403,0.02951602166767798
82404,0.02564709598864644
82405,0.09602579248923528
82406,0.033341187090140535
82407,0.06313497006533647
82408,0.014159981424101773
82409,0.08957619403988712
82410,0.0306152508543987
82411,0.03935991189510682
82412,0.038988347237160714
82413,0.01327852765043262
82414,0.08279051760940831
82415,0.0507197129998212
82416,0.16888877432316618
82417,0.019036270730570536
82418,0.029846390175672106
82419,0.0233847720471138
82420,0.03451172630266959
82421,0.1818290871889961
82422,0.05290255088771643
82423,0.015693568195199854
82424,0.0855771428305614
82425,0.03058771334538129
82426,0.061623924837817375
82427,0.016933642839732463
82428,0.08301159473838655
82429,0.050087769042802294
82430,0.04086783093222047
82431,0.09501563715819718
82432,0.050036105703746905
82433,0.13082982978810506
82434,0.04180291939492195
82435,0.027268825158461345
82436,0.07360132963084973
82437,0.09400694925759945
82438,0.08585933090692072
82439,0.014323908051870105
82440,0.028228975887719804
82441,0.1068855607787259
82442,0.045905986884951816
82443,0.03916081905659994
82444,0.0608680335929156
82445,0.14712602619888898
82446,0.16506649612322005
82447,0.027023073857186962
82448,0.013495100081672493
82449,0.17126010197607222
82450,0.024492354024360945
82451,0.03304405831630377
82452,0.0234498310086039
82453,0.02465111671993369
82454,0.024661598220648197
82455,0.025243180043322974
82456,0.030870666703969384
82457,0.22698681628621042
82458,0.03055385898730309
82459,0.015072684711482527
82460,0.038884970830830326
82461,0.06491616960387006
82462,0.03655600746608525
82463,0.013517573344462524
82464,0.02767691641586619
82465,0.06085710922936801
82466,0.25352576388503484
82467,0.1009280779925476
82468,0.0843922271212846
82469,0.03490999187978211
82470,0.18173468798486184
82471,0.02458623243811897
82472,0.038517818388831455
82473,0.11244247733325854
82474,0.06225785535038274
82475,0.10365606520000392
82476,0.06419308253150455
82477,0.11445966905442416
82478,0.048072239591133444
82479,0.023869610457178815
82480,0.06246542404752564
82481,0.222750520547205
82482,0.024200577741424114
82483,0.3337503455626532
82484,0.07025848916452908
82485,0.01790982248352617
82486,0.12329161336715012
82487,0.21692108521308878
82488,0.029766158792354704
82489,0.06306005530319318
82490,0.057353286200252526
82491,0.03861722793603797
82492,0.02680531018885741
82493,0.07266060528374722
82494,0.06601784160384508
82495,0.032869028446123105
82496,0.09750256869384362
82497,0.08694074026137767
82498,0.06628029726966712
82499,0.02646737182447565
82500,0.08588402306174761
82501,0.01651707047764487
82502,0.015557130507550622
82503,0.015055832231671569
82504,0.042761453553820744
82505,0.01794951111327865
82506,0.041152599767153
82507,0.03855248951002549
82508,0.09766449910547549
82509,0.2859733526581686
82510,0.09003874367364717
82511,0.08220525392252771
82512,0.07927620834921432
82513,0.23564659983139763
82514,0.08290234665049981
82515,0.14229550178851225
82516,0.0638700305383175
82517,0.04690331693737815
82518,0.0641745565424193
82519,0.09052087958297961
82520,0.09378330814004739
82521,0.03188163831578719
82522,0.02120848639410329
82523,0.07003651414807568
82524,0.07734229892498366
82525,0.045408797036684254
82526,0.04302498409150669
82527,0.03972364297546678
82528,0.01574480024798317
82529,0.017822986944008776
82530,0.04721262800950411
82531,0.04722281865532893
82532,0.019154798527680806
82533,0.011283131948494311
82534,0.03811663877727591
82535,0.07300681496157879
82536,0.016564371240315012
82537,0.05595890022978204
82538,0.024879305944236475
82539,0.016326823112831852
82540,0.07232602384379469
82541,0.040210229008089335
82542,0.015657113416095735
82543,0.2923469836365496
82544,0.1466363058321947
82545,0.22647699699262694
82546,0.07469211921811544
82547,0.12562933395092604
82548,0.04122193864700932
82549,0.015015572164498982
82550,0.022554404590453346
82551,0.07155669807832951
82552,0.09709734448735181
82553,0.015289963421327267
82554,0.016322345328252986
82555,0.026937076778605476
82556,0.009878549506728828
82557,0.011575923922166153
82558,0.06609424339307947
82559,0.1284031059964969
82560,0.010885121716846993
82561,0.06951120633786018
82562,0.03334927333693633
82563,0.08012306283184749
82564,0.07167851766616352
82565,0.013581060177826077
82566,0.02146000806656046
82567,0.021034222264722572
82568,0.026409194292422708
82569,0.05330629292203787
82570,0.06557030383836973
82571,0.045704058015507656
82572,0.07422059452870744
82573,0.02023710507649105
82574,0.050436189802010103
82575,0.126646323863654
82576,0.034413752130314605
82577,0.02497533678865463
82578,0.012788738197901505
82579,0.1099020844651796
82580,0.022154102091094453
82581,0.0783666857923578
82582,0.05077864549964099
82583,0.26846897001331727
82584,0.24245323267706348
82585,0.13976053060032842
82586,0.012570632716850452
82587,0.08959989088078482
82588,0.08138788503082592
82589,0.07103104217265842
82590,0.02821612861280124
82591,0.01995449708675591
82592,0.01535846038845503
82593,0.03573138477306752
82594,0.08345306215138176
82595,0.13143159551854136
82596,0.034800941824251974
82597,0.03401689587288007
82598,0.09406571985122075
82599,0.062245783905678156
82600,0.01960797672092498
82601,0.0172772965668658
82602,0.016170639924378945
82603,0.11828551571904215
82604,0.029082607336241007
82605,0.029567779387810824
82606,0.015474158567149617
82607,0.08143763012594353
82608,0.030392673045417613
82609,0.08780870652747837
82610,0.022703140242700294
82611,0.04679076840242887
82612,0.04194017010169265
82613,0.07846406134028194
82614,0.7616197117161484
82615,0.04514876043775401
82616,0.055203175933784286
82617,0.033771228418717214
82618,0.040267928993275054
82619,0.031075930713010676
82620,0.02472422514277674
82621,0.05370876498117462
82622,0.14167210300022456
82623,0.10368943418258854
82624,0.201314886329233
82625,0.043418576441752225
82626,0.02547220041929219
82627,0.04986541698653624
82628,0.07065578705177966
82629,0.040597762208308664
82630,0.035436926041695356
82631,0.17821411030554393
82632,0.0314662060427866
82633,0.025886905540422667
82634,0.03364281569101783
82635,0.02492564964984949
82636,0.05319203972642875
82637,0.09035987930309318
82638,0.09490478971571384
82639,0.044430137930633884
82640,0.039434770038914435
82641,0.04362539089430621
82642,0.013242124641734137
82643,0.03289930303923168
82644,0.02017756713394125
82645,0.009959577484644818
82646,0.09052092143330119
82647,0.01743207097251097
82648,0.03303282589189993
82649,0.06302751612417358
82650,0.053053437995645256
82651,0.07663054102345339
82652,0.05183740965810224
82653,0.05501643528592799
82654,0.15422058207162503
82655,0.011642931342720817
82656,0.11523730915774513
82657,0.016320941338243314
82658,0.06971957101123101
82659,0.017671270610181845
82660,0.0347546875153858
82661,0.061986297605704926
82662,0.2380346906841571
82663,0.05310074819552196
82664,0.029704313721370383
82665,0.6562299945058573
82666,0.02515827834108506
82667,0.12816053750656453
82668,0.052893039767036465
82669,0.15639578241027374
82670,0.03778539630199566
82671,0.07809188364494017
82672,0.03237647111922461
82673,0.03174398893967536
82674,0.019352660718341103
82675,0.036207206658396204
82676,0.0301108321329588
82677,0.01017639530116004
82678,0.026698496643342846
82679,0.07818892813616943
82680,0.13936798563631403
82681,0.02772298383138149
82682,0.02279232405258362
82683,0.024701191884184646
82684,0.017367559630882823
82685,0.05930086497185941
82686,0.02141029895959702
82687,0.02847835094659383
82688,0.025023946597747763
82689,0.21840277323016757
82690,0.1333499201115675
82691,0.04684776736712053
82692,0.1049197309624648
82693,0.08693863414999836
82694,0.02376911720981464
82695,0.082042457383873
82696,0.03987371329572035
82697,0.04855922178512064
82698,0.025504311145476913
82699,0.07052594491261485
82700,0.013789415071648279
82701,0.038035981304476774
82702,0.014518355631948325
82703,0.08162670954186821
82704,0.2892695837710825
82705,0.04949172949370119
82706,0.05239401709122103
82707,0.033206990350363536
82708,0.054197425434893184
82709,0.06959813249029713
82710,0.0425862630808421
82711,0.02014238928934957
82712,0.035986127552014614
82713,0.06946724766992898
82714,0.03933612490579773
82715,0.029411313179344645
82716,0.042983238448496955
82717,0.22666776342654998
82718,0.25817437605602256
82719,0.022522546251723785
82720,0.08169122377408737
82721,0.01677392270108442
82722,0.23412369053773754
82723,0.0682143183419958
82724,0.03972629355422499
82725,0.04014684490360707
82726,0.04551792247614748
82727,0.12016478736127388
82728,0.07472135699773004
82729,0.01788403344911584
82730,0.05798504639276538
82731,0.035175708012682085
82732,0.1330859452571594
82733,0.18485917318630077
82734,0.05134990503428167
82735,0.04810731377304102
82736,0.15163008686573057
82737,0.0772954600906958
82738,0.09999026389750339
82739,0.04800842153450662
82740,0.009610497977681546
82741,0.06724024219649871
82742,0.3644665329986497
82743,0.016905545974131485
82744,0.10054883208786045
82745,0.04699561725107766
82746,0.0289121891707933
82747,0.09117947882568107
82748,0.07095692194405165
82749,0.06584150810957257
82750,0.04240728218558757
82751,0.15446243664136272
82752,0.02790311154605165
82753,0.18621109153895776
82754,0.017631972299035126
82755,0.04723982676667628
82756,0.07900658204054115
82757,0.04351096018738704
82758,0.007974179393320804
82759,0.11281019812266431
82760,0.02761567659196743
82761,0.31176629477579004
82762,0.1068148334991095
82763,0.02151690746298055
82764,0.020114612764455364
82765,0.1096910266519073
82766,0.07387132183953231
82767,0.02121882273158297
82768,0.07475471714192637
82769,0.024628171419286683
82770,0.013061466130416456
82771,0.024460189940704296
82772,0.029748050641974708
82773,0.04626304730166171
82774,0.05946394205347708
82775,0.05114324235490877
82776,0.03518556870843938
82777,0.024691886503573783
82778,0.1041094125377927
82779,0.0898667371230214
82780,0.01727819311356727
82781,0.023227976519591343
82782,0.011952370635709916
82783,0.09337171282107423
82784,0.07954548614910006
82785,0.6213737448449337
82786,0.07190112124342056
82787,0.09430173250680372
82788,0.06239084425690189
82789,0.0425232024119688
82790,0.1202740802739708
82791,0.18148159779116288
82792,0.09589160703833964
82793,0.032557029137745816
82794,0.08627404052233012
82795,0.06640415523282178
82796,0.03997264836822494
82797,0.027571526415743418
82798,0.0293792312577733
82799,0.04405066499245666
82800,0.020896212033518404
82801,0.02981403214818295
82802,0.2327416507466169
82803,0.013302068139353177
82804,0.02658763685124318
82805,0.024706899401588406
82806,0.04789508389951763
82807,0.14484415201636222
82808,0.07342747331669901
82809,0.07838129969506968
82810,0.058731368384480384
82811,0.12429022325101746
82812,0.059823962451503086
82813,0.16010139332394438
82814,0.03402380898590906
82815,0.08030784560460817
82816,0.02719284613629608
82817,0.027810378122305246
82818,0.06858119270075548
82819,0.16203023225664331
82820,0.024831116635912816
82821,0.024035363827850355
82822,0.017841950024251728
82823,0.09403328480627235
82824,0.07406674022737603
82825,0.040293782441086855
82826,0.030997584392305357
82827,0.07034363195989447
82828,0.11651842864886795
82829,0.5767174513706118
82830,0.0349479821719034
82831,0.07158447301218616
82832,0.031425622456525935
82833,0.05336871526999848
82834,0.24954737624510384
82835,0.04409891712538483
82836,0.02258169215069577
82837,0.09282075459521238
82838,0.0363119291639367
82839,0.15665611391973835
82840,0.009500111061906975
82841,0.030158037199382263
82842,0.0903234999218327
82843,0.028276475338581068
82844,0.03332110473465545
82845,0.06227118845866732
82846,0.06901352566473068
82847,0.02313978030301548
82848,0.05257735022388749
82849,0.023365702784464922
82850,0.022969443033897204
82851,0.1476380079566093
82852,0.02037796138281797
82853,0.07647296808110166
82854,0.11332409660924998
82855,0.01604416317989021
82856,0.1967070186283868
82857,0.029369888203945618
82858,0.10881657048294985
82859,0.02304938211760806
82860,0.19498768977960396
82861,0.017075625682212436
82862,0.05632316381696621
82863,0.06038647168628333
82864,0.038400904906398164
82865,0.028953717304639016
82866,0.06677118644664831
82867,0.05578396902366977
82868,0.10474295733805136
82869,0.028247268459284876
82870,0.054628192794248596
82871,0.01840473198418393
82872,0.10486447917432692
82873,0.02815999791842952
82874,0.05258021654745326
82875,0.08949063372190888
82876,0.09965759010031289
82877,0.037197456423833146
82878,0.0387866147765937
82879,0.26605435074747824
82880,0.05348462769657827
82881,0.11849945147569188
82882,0.09564997584306154
82883,0.05949886053442008
82884,0.19684039675307352
82885,0.367297453884983
82886,0.05103094879082234
82887,0.042327596393152526
82888,0.12752288968190997
82889,0.02278441367275793
82890,0.014747260973299226
82891,0.11838595630191315
82892,0.13837145624014668
82893,0.02421900812901591
82894,0.04442460513683899
82895,0.01061982204564521
82896,0.015449083739042217
82897,0.04001822559620587
82898,0.06047880257675917
82899,0.05610758115399904
82900,0.05628815073337281
82901,0.06318820416726861
82902,0.01992823460595363
82903,0.017732759295569524
82904,0.053242564763435106
82905,0.12388565911543539
82906,0.08020710427246494
82907,0.012638904727830278
82908,0.04176569361524238
82909,0.052540589111249814
82910,0.012804079720179332
82911,0.016831624415763614
82912,0.037578428662790216
82913,0.07004140319126317
82914,0.039377127549778235
82915,0.026426442877265234
82916,0.023937313459645174
82917,0.055104815599737504
82918,0.06675435054603072
82919,0.07527724145176137
82920,0.025251071596059795
82921,0.08524760122727595
82922,0.10149674651689974
82923,0.017542440771612582
82924,0.012256143080223178
82925,0.1936646266653121
82926,0.03444084482070828
82927,0.07935423108516948
82928,0.015311402060606043
82929,0.10586349822005385
82930,0.031155016982152693
82931,0.03498312989859934
82932,0.016148652535789853
82933,0.0156076273407296
82934,0.07194570113932605
82935,0.09043343017206033
82936,0.07388591404679246
82937,0.0888244760209437
82938,0.5690961297919501
82939,0.1377437131259257
82940,0.03192850698300131
82941,0.017534998363671325
82942,0.0437508505412994
82943,0.2577512693162998
82944,0.018844260796359705
82945,0.03736568361879324
82946,0.10906256412390321
82947,0.013260175454336633
82948,0.016617025803278104
82949,0.049909374980799115
82950,0.07721424611861236
82951,0.018680531937901597
82952,0.03706437709007622
82953,0.036614422715325994
82954,0.05938403162137497
82955,0.029642315657669872
82956,0.03641431243228801
82957,0.1927195951299312
82958,0.09036897492964352
82959,0.02704151147974683
82960,0.03831487087391548
82961,0.038875828985643276
82962,0.027063614052699803
82963,0.06787769338603016
82964,0.02045260011392346
82965,0.016140180802856056
82966,0.044680494447751865
82967,0.014559465915073656
82968,0.03625042104094814
82969,0.03770345789724148
82970,0.01971726243571372
82971,0.21911267303068802
82972,0.04897838189470163
82973,0.027410243666784687
82974,0.104586052290741
82975,0.05005945418976631
82976,0.02861468322364522
82977,0.05425123467097953
82978,0.03032992968101867
82979,0.03952573905592852
82980,0.03446825759889431
82981,0.030213414095764203
82982,0.012601617077516305
82983,0.05871462393387483
82984,0.04617722516967444
82985,0.06746595584561817
82986,0.2382535914390821
82987,0.03570504390448677
82988,0.02634548116993666
82989,0.025027411337309766
82990,0.03623802313172181
82991,0.11626673439276532
82992,0.08731932812268473
82993,0.09634047450661459
82994,0.09827944402105278
82995,0.010184462816455101
82996,0.08131348567889224
82997,0.03016272135715141
82998,0.0385739742994139
82999,0.040663770287822074
83000,0.11175455832157637
83001,0.11909358538535228
83002,0.008915032337389002
83003,0.031136877146710477
83004,0.00906790247594012
83005,0.0399079339647428
83006,0.05091100199204006
83007,0.25123452760262277
83008,0.035821142440116506
83009,0.02391519515001876
83010,0.05026952238001139
83011,0.024902402143212057
83012,0.02488155532976279
83013,0.03792944898280057
83014,0.02247318076417428
83015,0.0998042424870193
83016,0.017182474886310795
83017,0.07473799591509442
83018,0.03571072552426464
83019,0.03599012180991596
83020,0.026574606349238566
83021,0.01383499857504256
83022,0.0678141055562432
83023,0.041175275250461954
83024,0.0377363604917996
83025,0.039616213700398056
83026,0.015144866400802941
83027,0.085393395926946
83028,0.1819747921250134
83029,0.1069704066150931
83030,0.029388395955058037
83031,0.025785609391109757
83032,0.010058046562533295
83033,0.29329922283097615
83034,0.02571226844435114
83035,0.020720352365979595
83036,0.0604375504456679
83037,0.03282138934276786
83038,0.02102005256804704
83039,0.031331511018001384
83040,0.03828558934611639
83041,0.06132874045161618
83042,0.030582236934705166
83043,0.019731835310761375
83044,0.03184926956733465
83045,0.022622928500371786
83046,0.33721372126533683
83047,0.03581837803236397
83048,0.03234160938550204
83049,0.03489602898483246
83050,0.0617709403046254
83051,0.16133921172044402
83052,0.04501453943714237
83053,0.03625886800515162
83054,0.050819634028184055
83055,0.04597193281451806
83056,0.06862988013483569
83057,0.05315004705482586
83058,0.01414653139958071
83059,0.06249382663840852
83060,0.03599615892737353
83061,0.044425589284855654
83062,0.024529810064896136
83063,0.06270065873261105
83064,0.04636280501741973
83065,0.035007018208789556
83066,0.37621688564721184
83067,0.009569145522980951
83068,0.05864286213034531
83069,0.1331129953758487
83070,0.042041280550753984
83071,0.055557961499093776
83072,0.020117516559657215
83073,0.05734112624592636
83074,0.03219773668258316
83075,0.021320377963629875
83076,0.020482021267955917
83077,0.0342384522519662
83078,0.12425935085882693
83079,0.05935476321191937
83080,0.022705475769966933
83081,0.02177334471188136
83082,0.06793903725381753
83083,0.01870704973798276
83084,0.05393635262440618
83085,0.05026423734328876
83086,0.06081121208949085
83087,0.13813137552039284
83088,0.02982740104751143
83089,0.027280503318756973
83090,0.05479689822771522
83091,0.03300636282323264
83092,0.02729746670356415
83093,0.03390033570778134
83094,0.1599854153307309
83095,0.05471048950353832
83096,0.13341935516483636
83097,0.042833972102979984
83098,0.25478023391265026
83099,0.027282204313533967
83100,0.09659758707940419
83101,0.05689223838923944
83102,0.08006836337122047
83103,0.03954801187067824
83104,0.26098730236778517
83105,0.01509334506001802
83106,0.03644050932446169
83107,0.07535863973928522
83108,0.17723875493669897
83109,0.029925290499001854
83110,0.12409904301132041
83111,0.007457917298687782
83112,0.12781496278723758
83113,0.025807525258116942
83114,0.01917692013758286
83115,0.03885842949456095
83116,0.029679104167405466
83117,0.08485473870110541
83118,0.09786258366136504
83119,0.053824764897874536
83120,0.13843886394717672
83121,0.020353125615537322
83122,0.02763546902894185
83123,0.12610115298778204
83124,0.0861892410472989
83125,0.019256620233197318
83126,0.04030324013750848
83127,0.02966129617221578
83128,0.15980352836459752
83129,0.03142554797545208
83130,0.026685122471389863
83131,0.05733989617653522
83132,0.05888203017438004
83133,0.03201081777382294
83134,0.04807248698419062
83135,0.03226808920178315
83136,0.03812986022188505
83137,0.0284439295557274
83138,0.017383488454324983
83139,0.03861362803123971
83140,0.12742986644876123
83141,0.03824025823127816
83142,0.02268345950700311
83143,0.0717124060765552
83144,0.08600087963302713
83145,0.06753024751150936
83146,0.04790412756610881
83147,0.024762704852077464
83148,0.027137721660534558
83149,0.03748203199726742
83150,0.02695525002508404
83151,0.029931420770985158
83152,0.053297636590215136
83153,0.2805913484078542
83154,0.025180824824008647
83155,0.025171360903641016
83156,0.04405897842101599
83157,0.01615211408397626
83158,0.026311300574561373
83159,0.06751246427282347
83160,0.018645762846832566
83161,0.017985400573743277
83162,0.018815796800979456
83163,0.4061221288606338
83164,0.03803465228073699
83165,0.021323436058077183
83166,0.11810986642441554
83167,0.021983056654731277
83168,0.18029169845830703
83169,0.03962048607234157
83170,0.040655484085295776
83171,0.010115054869051524
83172,0.019040906305951264
83173,0.044149559491659066
83174,0.019486211289393505
83175,0.011903828148366363
83176,0.29833914524052235
83177,0.10087873590947373
83178,0.03377307535327417
83179,0.16518881489019915
83180,0.020583149216082258
83181,0.046632020220567914
83182,0.030613302865488266
83183,0.030539919978842384
83184,0.04217023501129692
83185,0.03269852653220781
83186,0.05248826640219233
83187,0.04014530389693503
83188,0.05616754383634354
83189,0.04420173997507264
83190,0.11767241885974289
83191,0.014483365624450437
83192,0.058428033356869025
83193,0.02621517432723314
83194,0.03144026340976358
83195,0.038653883466477246
83196,0.033166424814729936
83197,0.07173996396019734
83198,0.026980113911528842
83199,0.025898084472974148
83200,0.048585310929452216
83201,0.10016399683551065
83202,0.028008653185729156
83203,0.07876238199412317
83204,0.013159343150511493
83205,0.06578882931643364
83206,0.026113867837306407
83207,0.07974832605023222
83208,0.058845527567257576
83209,0.11080330795400849
83210,0.12742466960439805
83211,0.021402363016800183
83212,0.02513911638138499
83213,0.05261505017182181
83214,0.05568057179171
83215,0.02860015104392739
83216,0.019401154263145357
83217,0.027274027812706197
83218,0.012672246636874726
83219,0.01733107350590106
83220,0.21589858522148225
83221,0.33602231887534667
83222,0.07054566576308563
83223,0.10647661610022577
83224,0.012011438679399352
83225,0.07441003445017677
83226,0.14805858212552042
83227,0.014328454264966569
83228,0.03084427250739086
83229,0.014557219062340487
83230,0.07911971426304162
83231,0.011248440522526288
83232,0.057743714295918826
83233,0.018362793850091253
83234,0.017470354016165937
83235,0.035153408962243164
83236,0.012282298652673638
83237,0.13593319412380095
83238,0.03465323650917046
83239,0.13949194857385316
83240,0.0220983607294633
83241,0.057290417562617255
83242,0.0122282460486492
83243,0.0677517499145582
83244,0.014570896962048838
83245,0.1856451589113227
83246,0.03167211347674601
83247,0.024775159216207338
83248,0.16079065501189105
83249,0.07753502175274733
83250,0.0409719573604672
83251,0.04558042615640897
83252,0.020123936154760193
83253,0.03806630576631454
83254,0.0770632629294021
83255,0.04928520326631075
83256,0.022126258802218975
83257,0.08343178177726868
83258,0.018662856173017592
83259,0.24025592852305716
83260,0.01484419439556581
83261,0.03253745247614789
83262,0.10619670908064449
83263,0.04437238679594927
83264,0.024619310226521654
83265,0.05514456784408465
83266,0.023148525197306723
83267,0.01653848906128801
83268,0.044353403592327936
83269,0.07166434725396292
83270,0.02845763085180787
83271,0.012109110057308397
83272,0.09406338279706493
83273,0.072101000350835
83274,0.04010589972369902
83275,0.3198080396930354
83276,0.009913792723902849
83277,0.020313836851908136
83278,0.08464925131953493
83279,0.059585122360173416
83280,0.03282397194505088
83281,0.017551998956229223
83282,0.06033832829615439
83283,0.04877447047627829
83284,0.03346711849343382
83285,0.036292517353743586
83286,0.07679541330910425
83287,0.023894849544059626
83288,0.03459158595642063
83289,0.018241104616028708
83290,0.0720988333007471
83291,0.023047968478401216
83292,0.03958590458662988
83293,0.019456995714166005
83294,0.12111688197314127
83295,0.12181964635438464
83296,0.09743983846616107
83297,0.04429737330052258
83298,0.1200723061130467
83299,0.05518423369085981
83300,0.06046790541704982
83301,0.02623079263666743
83302,0.09588693601209572
83303,0.033760136198408744
83304,0.017303243064137296
83305,0.20330053591057218
83306,0.028630331520034275
83307,0.028206627266066847
83308,0.05356650704710362
83309,0.08435151542126335
83310,0.03689151971103335
83311,0.04692747543693648
83312,0.024340093567348606
83313,0.033950133427566906
83314,0.05675221927595886
83315,0.08956264013433271
83316,0.09372819402919376
83317,0.026056744865140168
83318,0.011019687940658239
83319,0.18746232491011955
83320,0.04915642919260784
83321,0.021556416285637987
83322,0.028807355205025358
83323,0.011531223964896378
83324,0.08724516023494241
83325,0.08673651662688224
83326,0.02565470505353755
83327,0.04927134920981962
83328,0.024051428628226398
83329,0.12293752134864804
83330,0.10125443119093135
83331,0.023972486077550034
83332,0.08649380212387596
83333,0.02178995099344163
83334,0.05310271958613097
83335,0.03638127098092465
83336,0.011924730835342276
83337,0.1398051175778879
83338,0.04663878185373097
83339,0.013935981621099476
83340,0.04333786271308051
83341,0.011218960056205915
83342,0.0467427667447151
83343,0.09133736439421129
83344,0.02265973252921824
83345,0.03305382948467364
83346,0.10516082706910357
83347,0.0803198975614465
83348,0.025215336373524105
83349,0.0795447775613492
83350,0.013275216593285217
83351,0.03296944794579053
83352,0.08840889478693383
83353,0.03494087830244363
83354,0.015931827905396143
83355,0.08992930282818151
83356,0.026608647599216634
83357,0.011252061934236536
83358,0.036714471463472446
83359,0.3930109926215942
83360,0.09303523976738706
83361,0.033463659980327354
83362,0.02865486439389896
83363,0.02298997540118704
83364,0.02102190641311775
83365,0.04901192905285103
83366,0.0560631263267079
83367,0.03969034105785235
83368,0.028864470852622844
83369,0.21187472659307605
83370,0.04608767864497663
83371,0.355961828215413
83372,0.06098588606502531
83373,0.1124982782346602
83374,0.020920957238547408
83375,0.048612855457526395
83376,0.009506302123001447
83377,0.030380338696099116
83378,0.06492807783199808
83379,0.14494085445974092
83380,0.04327837542611012
83381,0.031134051946979352
83382,0.03406880461344701
83383,0.04279981887637613
83384,0.008112874418686498
83385,0.011704200930944646
83386,0.06554579648657606
83387,0.017154570209638925
83388,0.11291907627024973
83389,0.014211691425842266
83390,0.04266287728591891
83391,0.04872307288939217
83392,0.052873486601865305
83393,0.023635615713557625
83394,0.01424897930907177
83395,0.018845592037533842
83396,0.04224770816549126
83397,0.036972017680837174
83398,0.01578473336146551
83399,0.017556208007476537
83400,0.04828211118908084
83401,0.04686764130190179
83402,0.10253021490916836
83403,0.03144210055556433
83404,0.009893179229214018
83405,0.08326697720867489
83406,0.04381422132540229
83407,0.03272922941123031
83408,0.0785146859364444
83409,0.03390530688561311
83410,0.07034820129838057
83411,0.030099078604648423
83412,0.021154063637271743
83413,0.03019315932797739
83414,0.010554611882590121
83415,0.019316533556203414
83416,0.9862314920576083
83417,0.017734747747783393
83418,0.29295872545531476
83419,0.020937046748667476
83420,0.11022399400311356
83421,0.019109911278046097
83422,0.07485737445836134
83423,0.029971181791519502
83424,0.06123981430673464
83425,0.08100270683571534
83426,0.0351147605895858
83427,0.02940340269106823
83428,0.13703771243989288
83429,0.04311461921620593
83430,0.01448897047681285
83431,0.06753671579020512
83432,0.03623003423247296
83433,0.04678523955727495
83434,0.026888241370644897
83435,0.023445619822252628
83436,0.21586431874069462
83437,0.06517307755860485
83438,0.05380095068896526
83439,0.052056383780421475
83440,0.03314930349242318
83441,0.02699706430015382
83442,0.02011215956010153
83443,0.020344392083422272
83444,0.09186435837035428
83445,0.021079416954426427
83446,0.022370041539408053
83447,0.0178836693197302
83448,0.011233413909483044
83449,0.14721217632314465
83450,0.1972305242507441
83451,0.07639802780921096
83452,0.07287594270579861
83453,0.018595580179779282
83454,0.07690703102270746
83455,0.05586273431976618
83456,0.10585458127641839
83457,0.13665014283209234
83458,0.08183079903819851
83459,0.2527032657484698
83460,0.12844463233118394
83461,0.09141680118568064
83462,0.016303241661723776
83463,0.24555256808239379
83464,0.02547282377588373
83465,0.013666647502331732
83466,0.02576483269659584
83467,0.07127921229887944
83468,0.02307942274533975
83469,0.2386348670900791
83470,0.09831005663600487
83471,0.030362416077473024
83472,0.028565921264226624
83473,0.24246316831465242
83474,0.1054691083337401
83475,0.024710025324246786
83476,0.1422819575719289
83477,0.011243559749249307
83478,0.015921054865387974
83479,0.044182126270383565
83480,0.06265178919576467
83481,0.3972266609304197
83482,0.05683851699349204
83483,0.020029663977854745
83484,0.01815459291723515
83485,0.08898637429587487
83486,0.21203870951842557
83487,0.05313978872433679
83488,0.03893513325604286
83489,0.06319596768726907
83490,0.08023116400183061
83491,0.02889568927350918
83492,0.04870304791829519
83493,0.03874574520531613
83494,0.03827875177638519
83495,0.03218179176312072
83496,0.16425031190675807
83497,0.028327172222976232
83498,0.07011147739151355
83499,0.23155779357161327
83500,0.10272326419594965
83501,0.05322489326235305
83502,0.10241548784877241
83503,0.02343942718798869
83504,0.014521719493431284
83505,0.10270432623038053
83506,0.06344002508358575
83507,0.04213428110368544
83508,0.039792673836108336
83509,0.018469814000345402
83510,0.035371374019652055
83511,0.14742978428006848
83512,0.08707327047117631
83513,0.01715770326395349
83514,0.0613023961602257
83515,0.05518117078105316
83516,0.0322759393805473
83517,0.3034850345427994
83518,0.0344120446390249
83519,0.19554675672135013
83520,0.03388349230281294
83521,0.16720545789366628
83522,0.08591039357888941
83523,0.06276245637794613
83524,0.04044558974072469
83525,0.04247609355435043
83526,0.02050163137675691
83527,0.02671006510921538
83528,0.009311406458236977
83529,0.06488099337108813
83530,0.0976708451511765
83531,0.04342242981929182
83532,0.15214001881976166
83533,0.13049560680132244
83534,0.032152554482055284
83535,0.01779219287827369
83536,0.048470711241299765
83537,0.013315006660305486
83538,0.12098891291376941
83539,0.045737989842796006
83540,0.03956418152087872
83541,0.021106231208876808
83542,0.013154858449561595
83543,0.01974275944084316
83544,0.01731812839179261
83545,0.20678525546776225
83546,0.017608422574767614
83547,0.08119930966744388
83548,0.008898837080330459
83549,0.041810454285820434
83550,0.05709172943336326
83551,0.02799023148718134
83552,0.05808412615836744
83553,0.07070145265018557
83554,0.03348097234698145
83555,0.08729477968654233
83556,0.028389675354717696
83557,0.05250935452700875
83558,0.2719333809997357
83559,0.04092999795191483
83560,0.025956809625009042
83561,0.0614321963422434
83562,0.09443229688019532
83563,0.0715163173496437
83564,0.09614924779566411
83565,0.02569807143859723
83566,0.5162798002036825
83567,0.05588368578779246
83568,0.05170307234241499
83569,0.011864474441786727
83570,0.04612134611777895
83571,0.026224063625082214
83572,0.16090665725499323
83573,0.02797401896235706
83574,0.029632828124528197
83575,0.035071436383686296
83576,0.011358895634277395
83577,0.03393740078978342
83578,0.0767375997340169
83579,0.036312614246424936
83580,0.06095663840013418
83581,0.016428207874345103
83582,0.021581408809760935
83583,0.028235580432480187
83584,0.010809098365203948
83585,0.09426101737014991
83586,0.061452025846257405
83587,0.06316910938196668
83588,0.0963729324726859
83589,0.008711434692471294
83590,0.019008050287782928
83591,0.061896965337110775
83592,0.3736986923003572
83593,0.1563316913697831
83594,0.035584799758747246
83595,0.020208655223845014
83596,0.013956890929592975
83597,0.03603474529987059
83598,0.016952780169171757
83599,0.1320152722040602
83600,0.04149840171640616
83601,0.03627602717624871
83602,0.07331383410343337
83603,0.05766100008638343
83604,0.0628708706784401
83605,0.047159176057521915
83606,0.04496216187316075
83607,0.029541689122060153
83608,0.053533826858696454
83609,0.028710097675414166
83610,0.10373317440712292
83611,0.01771916911170069
83612,0.08115484959996229
83613,0.16227152270041922
83614,0.02055222212799643
83615,0.07821269718540212
83616,0.04303969055757022
83617,0.03439876732375416
83618,0.09883664881769057
83619,0.09828735732291277
83620,0.08074555067121979
83621,0.100908832688597
83622,0.02499163053070087
83623,0.014271056957733654
83624,0.03730631884568955
83625,0.0216894470801793
83626,0.04054544272190528
83627,0.041553226235937324
83628,0.030180176971868623
83629,0.09176366529430124
83630,0.06081401829671372
83631,0.1276211233319185
83632,0.19046197572937565
83633,0.013488767441239911
83634,0.06910899721802374
83635,0.3374201575038567
83636,0.0241123579725116
83637,0.025680716445859498
83638,0.09412014205991073
83639,0.1538060468777593
83640,0.02981373150931929
83641,0.02328349805188428
83642,0.03294685681967253
83643,0.06854430734117797
83644,0.019942466531377684
83645,0.035257811424710794
83646,0.0922468678480759
83647,0.014451446222781057
83648,0.055516912824866725
83649,0.05919528224743187
83650,0.021963638506148686
83651,0.19060473542626005
83652,0.011850294234572133
83653,0.06090968435857018
83654,0.09011905641562534
83655,0.06306866530171841
83656,0.050106538650915515
83657,0.36997413221210096
83658,0.17944938859243353
83659,0.1373037268925556
83660,0.08800637052938338
83661,0.07652759912994825
83662,0.03595694807883929
83663,0.10288417181340216
83664,0.15193700468218502
83665,0.023711311822359686
83666,0.12344324610814517
83667,0.07823249865158291
83668,0.020464765858134455
83669,0.06970008084749779
83670,0.03842232642326822
83671,0.03496569617487377
83672,0.03528670250816872
83673,0.023773325626124685
83674,0.0704910006132845
83675,0.02850356209635224
83676,0.033985684494134284
83677,0.03344346651278384
83678,0.07223182570704514
83679,0.02850554686884796
83680,0.03158532250804776
83681,0.09881325259124604
83682,0.017307037531141406
83683,0.15549934761022816
83684,0.07649469077920434
83685,0.04313868981238921
83686,0.066835916904642
83687,0.06272933376462415
83688,0.029977625527632088
83689,0.04141391156718305
83690,0.01581038799556952
83691,0.05448857218828867
83692,0.061200736970208294
83693,0.047820572944079244
83694,0.034134416139244485
83695,0.060041241403948835
83696,0.09700219486568143
83697,0.03948758538510598
83698,0.0391190293731159
83699,0.145966366217383
83700,0.05598677920431684
83701,0.01943487521992085
83702,0.0664828724232226
83703,0.02621820416770832
83704,0.08217266032391814
83705,0.13639757141856101
83706,0.0658871278124171
83707,0.029217138396046595
83708,0.06614941066106372
83709,0.10373359640432832
83710,0.10931051457508578
83711,0.014661185869616518
83712,0.016041423275993883
83713,0.07833713247941052
83714,0.06593536724476151
83715,0.08812494902347234
83716,0.07418274842732678
83717,0.10753643683860155
83718,0.025670645614899297
83719,0.015237027730759727
83720,0.023890893524411518
83721,0.02003310546900843
83722,0.01403221215811178
83723,0.035009988958292146
83724,0.05160379808195049
83725,0.02698195776623294
83726,0.2419391994348636
83727,0.06528224798394246
83728,0.16768894046622032
83729,0.07228657521533853
83730,0.04610082098210137
83731,0.09934548426612998
83732,0.09144475639845359
83733,0.16295520367502742
83734,0.08711281226736048
83735,0.024109160281572364
83736,0.05377881219612409
83737,0.09484305562043341
83738,0.04041775555937021
83739,0.03462484578210235
83740,0.04489220920448849
83741,0.011713705147033543
83742,0.08767441513355072
83743,0.022937535978055167
83744,0.046976609825866496
83745,0.02114259202699397
83746,0.04251437954785693
83747,0.058421269947384016
83748,0.06654256375668618
83749,0.0582374548380195
83750,0.043657264882956424
83751,0.18673610864261336
83752,0.13333470317044874
83753,0.08994180331507334
83754,0.03503043491232403
83755,0.03210925822812794
83756,0.018421579515306805
83757,0.021042503250008296
83758,0.027630592103071016
83759,0.03027446289282297
83760,0.054902123871027955
83761,0.03271868614774524
83762,0.03333914733377147
83763,0.026465775105672128
83764,0.07462061866908307
83765,0.16572489125678247
83766,0.12275163926162723
83767,0.011422905041910984
83768,0.07215060778015092
83769,0.04223916087965955
83770,0.039944958586657635
83771,0.1729575518386803
83772,0.06981801776847947
83773,0.025079037439459353
83774,0.053655464892312904
83775,0.03631691544454093
83776,0.17242894204237288
83777,0.04037112046683146
83778,0.019711290500107122
83779,0.08977915596905443
83780,0.07535272631767609
83781,0.021105137753739785
83782,0.2908870044450462
83783,0.17005434389089993
83784,0.11231487470793394
83785,0.10645142581363537
83786,0.06405263273017331
83787,0.04715360241020211
83788,0.04374064919516499
83789,0.01699979650902925
83790,0.08234051714673464
83791,0.0410960080190246
83792,0.016016936564623333
83793,0.03977419195923405
83794,0.030541099445088232
83795,0.028778378338013336
83796,0.22221975806929173
83797,0.10624626088715886
83798,0.09295396643917565
83799,0.0300628833820736
83800,0.028928526851704744
83801,0.024482072057301626
83802,0.08573112882738194
83803,0.019713101854465547
83804,0.2511134811708136
83805,0.1369906880211538
83806,0.06032837856424102
83807,0.05599823577963533
83808,0.0318470044018687
83809,0.08431227986831812
83810,0.061103236746472944
83811,0.05118493573890026
83812,0.041082093011946055
83813,0.01687984570623165
83814,0.07074293005546683
83815,0.018908848152956362
83816,0.055387062935232226
83817,0.04866156484836004
83818,0.07935029783082367
83819,0.09374924585353045
83820,0.033319368459316906
83821,0.06633808309751034
83822,0.1669645261750515
83823,0.039796816701465905
83824,0.05444748950191578
83825,0.07426803658170718
83826,0.03306765898912925
83827,0.06666710371961819
83828,0.04459133983912375
83829,0.06752746235956048
83830,0.07194658636008755
83831,0.03813659433516625
83832,0.028147556573540206
83833,0.08321303465837208
83834,0.06833737070296622
83835,0.01869321315912777
83836,0.1181775815960845
83837,0.06661489995743247
83838,0.16009619653482404
83839,0.03376585006982838
83840,0.04291900823011398
83841,0.036154992183854075
83842,0.06949833306146315
83843,0.1087257956897928
83844,0.034655548387557605
83845,0.05937943147692001
83846,0.05194959358250166
83847,0.015243743316264456
83848,0.012401304277025084
83849,0.11527511367235826
83850,0.052839382451511485
83851,0.19724147706269413
83852,0.08067643651443254
83853,0.0674848940767147
83854,0.15236044568281856
83855,0.03824589396130049
83856,0.020662429914522763
83857,0.01568899139260938
83858,0.061535938180879615
83859,0.07718610314377075
83860,0.1159071380085168
83861,0.014995465929953544
83862,0.03283513840927783
83863,0.026539302534853867
83864,0.23279051354390345
83865,0.008353782056500093
83866,0.07727383536161175
83867,0.022865134447274275
83868,0.06224754757321156
83869,0.029165739279270957
83870,0.050316533975355834
83871,0.007817974025654893
83872,0.13283597111294276
83873,0.021588088927980673
83874,0.06776990742649946
83875,0.020296163028051494
83876,0.029365421736459556
83877,0.08737425355914272
83878,0.3311637144986254
83879,0.03890886054600516
83880,0.09267105005777726
83881,0.04823375511295906
83882,0.2916674891816801
83883,0.16035926295727146
83884,0.04978571342626563
83885,0.030186355585762444
83886,0.04106613847760658
83887,0.13691003796227294
83888,0.04781746320922141
83889,0.0864617481510717
83890,0.07416711161716344
83891,0.16802960389432128
83892,0.01840118621766897
83893,0.01688965871998739
83894,0.22052625614499619
83895,0.04936446740032595
83896,0.04023381480517932
83897,0.08775009727783416
83898,0.1895020671499002
83899,0.04752175904660517
83900,0.15219763626317714
83901,0.05770381515981213
83902,0.031507285078355166
83903,0.25838603329635196
83904,0.10296622610752629
83905,0.13565716774119405
83906,0.024486862089179218
83907,0.026149956741039322
83908,0.04778510658507943
83909,0.3662195684220526
83910,0.02379458176884032
83911,0.23275268045004766
83912,0.08182844414397542
83913,0.12406588240057803
83914,0.02066282262424171
83915,0.048242697145959315
83916,0.05295505166021751
83917,0.09314601798387791
83918,0.030127335048318986
83919,0.03632086320113401
83920,0.03654566109750259
83921,0.019547578768021445
83922,0.02543012659612811
83923,0.11978736754517927
83924,0.0964118689937478
83925,0.020468544507799592
83926,0.06119679947088952
83927,0.028909557495725526
83928,0.0454621588945471
83929,0.03960704174122194
83930,0.04816572642840753
83931,0.08032474403141038
83932,0.049178756874061355
83933,0.06690120691290773
83934,0.025918328855605185
83935,0.014594391295300466
83936,0.011037598771324871
83937,0.02626891671084173
83938,0.020250753039326958
83939,0.10844712224448777
83940,0.02973388905524336
83941,0.03345435658159894
83942,0.019602512951587638
83943,0.09884673557068825
83944,0.02710309728543848
83945,0.0318592637004871
83946,0.058121527162691825
83947,0.042789445663977924
83948,0.09104377983369401
83949,0.033899831815566966
83950,0.04708531378291757
83951,0.02325638228122059
83952,0.04466305334457061
83953,0.029213794445116955
83954,0.02679854174273934
83955,0.113901686112806
83956,0.06985251117175902
83957,0.04324363299993188
83958,0.03220831563919133
83959,0.014592777960637446
83960,0.015793590536500958
83961,0.0239998071519184
83962,0.030534510853928803
83963,0.01961344265907155
83964,0.04542446890664325
83965,0.03005654257128354
83966,0.014222661534250215
83967,0.038876256746131474
83968,0.040058635392457034
83969,0.10813279849055828
83970,0.05473836212947803
83971,0.030092492242833835
83972,0.08057501317751051
83973,0.012944106228992933
83974,0.030262278706036583
83975,0.027794130971059188
83976,0.11743151134665661
83977,0.03515856478284586
83978,0.015214907434189372
83979,0.0380225639748545
83980,0.011928847581564133
83981,0.009466002194927433
83982,0.03389655646745807
83983,0.07824099429852652
83984,0.18056112259074614
83985,0.014057809119433915
83986,0.02568765628975507
83987,0.04291838750567035
83988,0.07292652711211275
83989,0.022444123258217413
83990,0.015955896429522505
83991,0.3197936324067893
83992,0.025806140461545904
83993,0.016406773240320787
83994,0.16190563509838973
83995,0.160085393002759
83996,0.01119860175089591
83997,0.06348905400333538
83998,0.13342601395758036
83999,0.06561518782777696
84000,0.025503550130248482
84001,0.023179884907566582
84002,0.008565546513257563
84003,0.057577230114331454
84004,0.03140321131918102
84005,0.07373078457796146
84006,0.040650388429138984
84007,0.01592273566195287
84008,0.06710981458509845
84009,0.057206705926911385
84010,0.03993071496433163
84011,0.0771137947219197
84012,0.07606467973747214
84013,0.28306446587409884
84014,0.09332057673591289
84015,0.020000012292650315
84016,0.07085285853452478
84017,0.0691468344977502
84018,0.012948128538676607
84019,0.21800992122141732
84020,0.07312533211889413
84021,0.0318380015519225
84022,0.09481883271198283
84023,0.028831755467998203
84024,0.035255834819892196
84025,0.03952190392542951
84026,0.04233069173753998
84027,0.06354768915328897
84028,0.021394180638150483
84029,0.0224107261854253
84030,0.009413846798690255
84031,0.04082762947166747
84032,0.0762371275839156
84033,0.09323905619882043
84034,0.04874055791303908
84035,0.1895310010555536
84036,0.012923889942769598
84037,0.09802816384406446
84038,0.08511392876241013
84039,0.06080850184385276
84040,0.015556838849540301
84041,0.027207569055021627
84042,0.06413302715214868
84043,0.7914923295777805
84044,0.0318656801197125
84045,0.07734582853655553
84046,0.06194804621017822
84047,0.18629606766533996
84048,0.08997642308812473
84049,0.05250498396820162
84050,0.06657150727585198
84051,0.07241824240499065
84052,0.03369244856403065
84053,0.02600984162429395
84054,0.07232197313898082
84055,0.02215758247759567
84056,0.07445644653693395
84057,0.0746391668933529
84058,0.10046257914430262
84059,0.03542164129591615
84060,0.02624190832453029
84061,0.020477896101163892
84062,0.06350144160924501
84063,0.043316124178058274
84064,0.034992330108703215
84065,0.20668741757610956
84066,0.06652090941354424
84067,0.009290803651664875
84068,0.09817287983135439
84069,0.05176726978212991
84070,0.013881210855067069
84071,0.20881138272011257
84072,0.23071757797400416
84073,0.030912623036035595
84074,0.0268807893178671
84075,0.07148403367569169
84076,0.04127282755242052
84077,0.024557610737897834
84078,0.08006754675914222
84079,0.03928690352947042
84080,0.025266223325145117
84081,0.09140119281071193
84082,0.18848560911764456
84083,0.026938303032463046
84084,0.3726194746108054
84085,0.18946099370087746
84086,0.017716747740054634
84087,0.012063560176849598
84088,0.043361305650238414
84089,0.07960065075433803
84090,0.021648245276969576
84091,0.12889053789136493
84092,0.022742713929654344
84093,0.0454243949139323
84094,0.23998646355091313
84095,0.028843946626816434
84096,0.03072489404534789
84097,0.0361065916788573
84098,0.04318577477536426
84099,0.07030754644207918
84100,0.11013696130590836
84101,0.022508087585856804
84102,0.043631141899617996
84103,0.10120354941803567
84104,0.015379290025768749
84105,0.12565588717346843
84106,0.013468956036492064
84107,0.07249633001730027
84108,0.09842920478458793
84109,0.06269318395109694
84110,0.06085569532734937
84111,0.020897060985656506
84112,0.23590414770968765
84113,0.01745473235741457
84114,0.04021343278949978
84115,0.062272960949965046
84116,0.16706826412339293
84117,0.04862725958626452
84118,0.02775145172788275
84119,0.059121319293191574
84120,0.044436130732554466
84121,0.009112294087223522
84122,0.025815241067806943
84123,0.08390361500369635
84124,0.029302678484257293
84125,0.016272578801656626
84126,0.05747476365383678
84127,0.10002554356788664
84128,0.06906411160003191
84129,0.026452031473452438
84130,0.02667620975340058
84131,0.014135512262171275
84132,0.09163642041910536
84133,0.041053879839288265
84134,0.0779774279244416
84135,0.024175286049822473
84136,0.02517000827362699
84137,0.017404771212269847
84138,0.03176546034622505
84139,0.03721937466910721
84140,0.047164380534020944
84141,0.03420097822461599
84142,0.03329331205180424
84143,0.11092612733985532
84144,0.01998423985524118
84145,0.028437446722503465
84146,0.043414775400567485
84147,0.07917596322676093
84148,0.461800526231101
84149,0.05162534849142006
84150,0.05769328392753741
84151,0.08115006486278738
84152,0.03368565857711157
84153,0.036676606866824224
84154,0.049284358492816954
84155,0.07222278332486358
84156,0.0410124358165405
84157,0.026238630873323246
84158,0.02704214594689893
84159,0.045283155567754405
84160,0.032938531552384805
84161,0.23384627665752536
84162,0.04392446355028727
84163,0.21831006847723625
84164,0.023628877394750607
84165,0.020774193186710865
84166,0.03372481399962147
84167,0.02646694606181644
84168,0.026287729294412473
84169,0.5624161360387931
84170,0.07483536233614003
84171,0.060624190277714346
84172,0.02731295319191946
84173,0.01417307571677172
84174,0.05991006924314088
84175,0.05695078771008662
84176,0.02043181499532444
84177,0.044154171646254375
84178,0.07181189119271514
84179,0.05250622911113835
84180,0.016590947682251497
84181,0.023836303803060885
84182,0.05599572065543232
84183,0.0811212815836922
84184,0.024671941455289243
84185,0.14413365954665297
84186,0.07944972484044112
84187,0.15273327079173124
84188,0.055597347199784056
84189,0.06278241115241205
84190,0.028772339663096544
84191,0.04727765000438569
84192,0.08925895488762438
84193,0.04396914097916916
84194,0.029269003564578712
84195,0.12922603420585407
84196,0.030676790712233587
84197,0.02459890568705594
84198,0.03086675249140269
84199,0.025363209181987867
84200,0.022450411968765467
84201,0.057428653088446996
84202,0.035901001708168595
84203,0.03932195307947008
84204,0.025351931315040693
84205,0.032644593021001894
84206,0.03165380821815883
84207,0.12979940041837468
84208,0.03980679522397544
84209,0.27923818358503055
84210,0.013606327866823895
84211,0.07350978619762112
84212,0.08273412628708776
84213,0.03434125739138484
84214,0.23856793181508454
84215,0.0786513864278894
84216,0.07390799067287522
84217,0.09055544088619641
84218,0.04303508563452768
84219,0.05533191084866804
84220,0.15390644511221685
84221,0.05271320926638352
84222,0.08856973418407851
84223,0.0358839003823418
84224,0.071229672180407
84225,0.03821523922049359
84226,0.029428787558466184
84227,0.0533125996240901
84228,0.04600998573337398
84229,0.02754235872259711
84230,0.03493148189737872
84231,0.09218710986054267
84232,0.022481589823752406
84233,0.15789189219974764
84234,0.013027502702327574
84235,0.048796872560373315
84236,0.04538720597964406
84237,0.03374119843022206
84238,0.044497417514534975
84239,0.09811442435659382
84240,0.1389477961442987
84241,0.0655226241609131
84242,0.18970726634987467
84243,0.01769688271768698
84244,0.1084130773347938
84245,0.02482218360481215
84246,0.04069843288243245
84247,0.06005817712439378
84248,0.027463978297988228
84249,0.1561873780286979
84250,0.060021295173886935
84251,0.058931453996836775
84252,0.061963921118607906
84253,0.3511737557925315
84254,0.023555047682184048
84255,0.033862790125101225
84256,0.03233200011303797
84257,0.0936253251489246
84258,0.15349695201340807
84259,0.21635506938980573
84260,0.04586408911042961
84261,0.022608854813351148
84262,0.047709189317093115
84263,0.10446306396282974
84264,0.07249255859667393
84265,0.05499386551454518
84266,0.03204146996439173
84267,0.02891749344343393
84268,0.036773653986451306
84269,0.07821425537990555
84270,0.037181398786727
84271,0.04230961192099371
84272,0.06027503106225176
84273,0.10168313698907878
84274,0.11899644217508372
84275,0.014705801096350446
84276,0.024260359846533998
84277,0.01889464967760192
84278,0.019571345977808793
84279,0.019907084678318934
84280,0.027853232529095807
84281,0.014752736369390233
84282,0.06695126105622287
84283,0.0723033317785087
84284,0.09680880644388926
84285,0.02120598975015786
84286,0.03225946386534537
84287,0.0647879825504754
84288,0.03688333722247926
84289,0.049999670537667414
84290,0.12549013843092843
84291,0.02652588033789816
84292,0.056838779744644956
84293,0.015572082055614198
84294,0.08629895866866898
84295,0.02682190555154015
84296,0.06922475954697621
84297,0.19884993001501738
84298,0.029161217494421104
84299,0.1480394384617189
84300,0.060500348718359354
84301,0.019395761543397918
84302,0.04368346604412455
84303,0.06206529849881357
84304,0.03756435845289131
84305,0.037025193254805785
84306,0.06386131392136457
84307,0.01122701788430968
84308,0.08114688835103939
84309,0.21391365675760177
84310,0.013920453130321449
84311,0.10867122876867076
84312,0.04267696719511906
84313,0.023384110629918072
84314,0.012391534535019228
84315,0.09136221287665378
84316,0.01580846502799658
84317,0.15443841552545112
84318,0.09385546307739141
84319,0.033198619697723454
84320,0.037027182245013064
84321,0.010111349829480993
84322,0.2619139504199648
84323,0.01670758354996816
84324,0.06308076506814331
84325,0.012077427452035746
84326,0.09064490189232642
84327,0.017139147894582284
84328,0.06268788365494915
84329,0.030392349275545745
84330,0.017225795675115535
84331,0.12657245725800711
84332,0.015387533872775278
84333,0.050260614318541036
84334,0.02583528765883688
84335,0.19558595903136194
84336,0.017246979525040965
84337,0.06475576598678498
84338,0.039375295550966395
84339,0.06325081713647457
84340,0.021178033007556257
84341,0.03419989472542825
84342,0.03266191379828668
84343,0.03457218286799099
84344,0.02656250665156549
84345,0.03218429854665434
84346,0.05473408142868329
84347,0.03115648101893434
84348,0.023760034609369117
84349,0.2621867008028907
84350,0.018938653238261514
84351,0.03146336759530359
84352,0.1406437009603552
84353,0.08669583404684296
84354,0.04896917086124151
84355,0.017088974637670624
84356,0.07084630496613151
84357,0.026727825560407818
84358,0.10728467549813904
84359,0.029205699995383257
84360,0.03188561650759357
84361,0.07469445621380705
84362,0.12141540941469357
84363,0.06016743780973055
84364,0.1494422233940606
84365,0.029105661239524183
84366,0.22639600687995656
84367,0.29370397472189935
84368,0.10457105107023448
84369,0.10606205999423116
84370,0.02139162494622852
84371,0.04526689647614982
84372,0.07647005008878674
84373,0.01689491879793115
84374,0.026228063023649772
84375,0.036305950409318596
84376,0.04404031951153611
84377,0.018895335167898795
84378,0.21975232264189282
84379,0.03232053032961343
84380,0.16901387138750157
84381,0.020237292590282348
84382,0.02321195288768437
84383,0.012029270426086942
84384,0.14760021564361214
84385,0.07011556938629901
84386,0.22136253238094877
84387,0.030979890131243484
84388,0.10791798666761211
84389,0.02548071690549749
84390,0.36567148284005396
84391,0.023230442045388464
84392,0.08128359861772377
84393,0.050118464739252126
84394,0.0382318422554785
84395,0.10650353657558584
84396,0.13476284092150742
84397,0.050139574127982645
84398,0.02292652122878259
84399,0.03715317953568059
84400,0.06688292978120296
84401,0.04129996074065153
84402,0.1397029160977349
84403,0.017541125680290367
84404,0.017749814617939473
84405,0.019468884277079716
84406,0.032020854747639334
84407,0.06621389858852791
84408,0.016461872256056442
84409,0.02206171713531067
84410,0.09620115773575828
84411,0.263364489566482
84412,0.04042539462414519
84413,0.02748746610430361
84414,0.07792131020811256
84415,0.010940133494953696
84416,0.030861497265099295
84417,0.020042963421218564
84418,0.049543557646091974
84419,0.033919708169334976
84420,0.04820915395657506
84421,0.110694247121814
84422,0.012348528038270506
84423,0.04448030432179938
84424,0.038524612471477475
84425,0.026049598334452133
84426,0.10561148886047168
84427,0.0413659923930601
84428,0.028975922517914497
84429,0.04421638207614639
84430,0.02585247920954173
84431,0.05753817585224599
84432,0.08198391017962671
84433,0.03424267353469687
84434,0.03182114727816125
84435,0.022937588282949502
84436,0.03774815121450023
84437,0.06595111222296118
84438,0.026739399282713346
84439,0.0689069583097775
84440,0.02090232422142198
84441,0.020446588556804635
84442,0.09474272832000515
84443,0.038680298600573815
84444,0.045292506829043455
84445,0.11068243471898087
84446,0.11452099949263164
84447,0.017384180789146858
84448,0.07733724687437334
84449,0.09937986793044587
84450,0.6062029229485578
84451,0.04641200126053113
84452,0.03907901964009801
84453,0.06840693085882442
84454,0.03852984316958291
84455,0.03673946312443611
84456,0.010066269628519574
84457,0.025585817984904485
84458,0.05511146179603853
84459,0.027232065978268896
84460,0.20604902314643042
84461,0.021422434614514117
84462,0.03737050419734601
84463,0.11033378802399194
84464,0.021050383898843485
84465,0.0727148597257708
84466,0.05185212574934784
84467,0.34906320905927946
84468,0.0335377557777158
84469,0.038905151333272874
84470,0.019417794847696714
84471,0.019423641510941638
84472,0.05712318752747816
84473,0.3301614138860233
84474,0.032414068136411976
84475,0.047063736899636485
84476,0.1940476898859919
84477,0.02133128824846231
84478,0.020977796494344756
84479,0.13396827090660404
84480,0.046824318028049455
84481,0.020035003200461036
84482,0.04648736005622459
84483,0.027305004446109473
84484,0.045354989244167414
84485,0.028538839351584425
84486,0.04941877015582014
84487,0.032950493212861566
84488,0.03875449037744127
84489,0.05002974170985444
84490,0.07856242097397054
84491,0.07039360184739964
84492,0.034209944186761855
84493,0.03822175017337963
84494,0.04683862063731124
84495,0.09781365125258125
84496,0.036821818774982855
84497,0.022013907886956483
84498,0.040951391827919785
84499,0.07657811034432943
84500,0.015052394879521723
84501,0.030338799060608067
84502,0.43715177424804874
84503,0.054177509785517705
84504,0.027124081824246735
84505,0.03646073543967626
84506,0.023952506844272227
84507,0.060175049544788875
84508,0.21611722350885054
84509,0.034286615462931797
84510,0.07665594733258478
84511,0.027476697197870784
84512,0.04687393754815872
84513,0.009797485405655653
84514,0.04432284729825457
84515,0.042163065704629694
84516,0.11392073057441539
84517,0.05227006106408934
84518,0.06470745928289195
84519,0.03471638339839205
84520,0.0756577385624822
84521,0.009591123493726744
84522,0.10559149425048342
84523,0.06011060824795782
84524,0.22563967022708709
84525,0.08713336551417375
84526,0.12691971914584008
84527,0.15801458962455492
84528,0.026295436733378086
84529,0.01485983585496869
84530,0.037222649876032105
84531,0.03128684802596218
84532,0.015680717607946468
84533,0.02492811206308901
84534,0.13267015570059149
84535,0.20775395607726366
84536,0.2550642810233469
84537,0.08334264571594745
84538,0.057681873600451544
84539,0.16760014069340418
84540,0.09998607929263045
84541,0.2173019166454697
84542,0.01338303822055763
84543,0.04278868878533247
84544,0.026023259370344286
84545,0.05310499161024138
84546,0.01265400560990678
84547,0.11984867630118826
84548,0.013654309512700852
84549,0.09430785201681197
84550,0.049167609180262
84551,0.046084319372499696
84552,0.023112318187778112
84553,0.023573736602691513
84554,0.1464321854585669
84555,0.07818632419615171
84556,0.05397417446598117
84557,0.018436141632365642
84558,0.03266277626869571
84559,0.08881750926860345
84560,0.008065932023663389
84561,0.3868718128953607
84562,0.028374661607018035
84563,0.016162560962180474
84564,0.02899753036089958
84565,0.060312023263482076
84566,0.023739401852535265
84567,0.028718063013396657
84568,0.13244921942999083
84569,0.007392687355678494
84570,0.010127296424235946
84571,0.02145840275900281
84572,0.01703419719436626
84573,0.025537931894973984
84574,0.31384169706425596
84575,0.06207177900136901
84576,0.0588570438695915
84577,0.010981440824476597
84578,0.5841905243089491
84579,0.08241632879950947
84580,0.03937806962789942
84581,0.12307689931250824
84582,0.05124160570344242
84583,0.12579960984063482
84584,0.059885010874297984
84585,0.00784755546037828
84586,0.17446170720961485
84587,0.060108810280003214
84588,0.03754879224550327
84589,0.0340940539804539
84590,0.012865865537200052
84591,0.026402801492072733
84592,0.0615434013257478
84593,0.08365047805025383
84594,0.011018218149853046
84595,0.1616029704722708
84596,0.06095203871909809
84597,0.07443272986349862
84598,0.09579433812145899
84599,0.025388825770210073
84600,0.018401224315435442
84601,0.0789180199120811
84602,0.021470714974363637
84603,0.030241071128134248
84604,0.038526105153632056
84605,0.029199161304252066
84606,0.06552714765185105
84607,0.02611740161055506
84608,0.02787861032703102
84609,0.036581293883712805
84610,0.06384288115255282
84611,0.033997342834661354
84612,0.023307412369687818
84613,0.06611356753066502
84614,0.01771171374037895
84615,0.011404058720958902
84616,0.027088716947518545
84617,0.02126092426757727
84618,0.05345641691735693
84619,0.12072742536746997
84620,0.023548397991392238
84621,0.040269061932136835
84622,0.012909132625061617
84623,0.06761427302256565
84624,0.01164886386859848
84625,0.06033595338887942
84626,0.037658909754415534
84627,0.14172115181711947
84628,0.007095736664191427
84629,0.07202682741585924
84630,0.018520656504468345
84631,0.06466829550987066
84632,0.012630913006522066
84633,0.04561463011908249
84634,0.12189167827430565
84635,0.038259421772068425
84636,0.051540888758130024
84637,0.09224696625961966
84638,0.029616050901831333
84639,0.0348062929043356
84640,0.06333725770307577
84641,0.018821580607396568
84642,0.05861223053591462
84643,0.021231981128344304
84644,0.03685514944926696
84645,0.18398506980019913
84646,0.06297346488126918
84647,0.03397588982533199
84648,0.17358695584267964
84649,0.42808681505525553
84650,0.019953139117649246
84651,0.0292379915403848
84652,0.08559643373622026
84653,0.01861152028940613
84654,0.10912882989677158
84655,0.07153121830323386
84656,0.031108104489774954
84657,0.05431095904710937
84658,0.1591186460888841
84659,0.048888539540353514
84660,0.06941334903116601
84661,0.022689252426549043
84662,0.1788193082627363
84663,0.03974442833154065
84664,0.020601835194804664
84665,0.027254443219370518
84666,0.02465633085082951
84667,0.0459780007804119
84668,0.09674867992631146
84669,0.029448521415037753
84670,0.05716820673895508
84671,0.05432518183019739
84672,0.03154830369397428
84673,0.155650650917302
84674,0.014629330682974097
84675,0.2300371959748666
84676,0.02159746716920503
84677,0.10602181262264745
84678,0.07022415840681574
84679,0.06582354986871748
84680,0.046378694257498645
84681,0.11335297426744037
84682,0.04092322867827482
84683,0.10069061894772094
84684,0.08578183159690282
84685,0.0935577077215358
84686,0.01682369674282371
84687,0.030743357457810882
84688,0.062081282289445164
84689,0.058866534828245574
84690,0.02614817398391483
84691,0.07439604660181345
84692,0.015932289876826003
84693,0.034068462166209984
84694,0.05202782590939994
84695,0.014278706414495513
84696,0.05797222873989266
84697,0.0334198968895976
84698,0.024116892799019733
84699,0.10710706389270704
84700,0.05110967376565817
84701,0.0428966204357899
84702,0.01389849728946873
84703,0.04768328939918527
84704,0.019017200832632395
84705,0.02610866820409287
84706,0.03728915503345705
84707,0.07190003173424786
84708,0.035909746296751484
84709,0.03386714167971302
84710,0.011178690314991394
84711,0.07604651687995098
84712,0.048181751848088185
84713,0.029593905068679042
84714,0.10884432986113456
84715,0.19379501645945052
84716,0.037270118106192594
84717,0.10746862966154108
84718,0.12554278477770364
84719,0.041744912635896955
84720,0.1866921850594166
84721,0.052407434345783696
84722,0.0824340022928778
84723,0.02390420736868648
84724,0.03792401810562561
84725,0.04733321594415746
84726,0.02317813361155737
84727,0.0562784160696014
84728,0.033186680957800155
84729,0.00782625348326487
84730,0.1106128201966936
84731,0.03940672529537686
84732,0.02687904036196441
84733,0.012734023031606588
84734,0.028998767642352905
84735,0.06950302762628466
84736,0.020291558163406328
84737,0.0842993827869236
84738,0.010972780602297696
84739,0.3418286038666003
84740,0.06033493918364599
84741,0.018857413658067257
84742,0.026700165753861867
84743,0.11067373504274675
84744,0.016817061910003955
84745,0.05788513919652249
84746,0.05056651497531922
84747,0.06663726355000293
84748,0.010612005401493063
84749,0.05884033558346133
84750,0.023648414743888097
84751,0.0660711885769118
84752,0.021189981922282865
84753,0.027200530980353757
84754,0.04263658895997945
84755,0.029866588428846062
84756,0.016720429207957355
84757,0.04385597483182268
84758,0.03260466967833624
84759,0.028847739045634126
84760,0.01994545271360381
84761,0.050970429000321844
84762,0.09091823087284766
84763,0.029543892144427063
84764,0.019479581214580374
84765,0.06667736150459512
84766,0.03573642419668241
84767,0.07119771277353884
84768,0.08454489020536606
84769,0.05836144633270504
84770,0.04476079239952088
84771,0.12172920462989129
84772,0.07513690085784944
84773,0.04651951450823871
84774,0.08091309275748391
84775,0.16525862388035112
84776,0.034340254121612235
84777,0.04510544665555253
84778,0.01995328327516322
84779,0.07810719888646994
84780,0.03293017266696103
84781,0.02847805508396386
84782,0.1340648546727743
84783,0.05259693587230511
84784,0.04330509765841736
84785,0.15972861520911416
84786,0.08559807960560402
84787,0.09652201983305284
84788,0.013835164730580092
84789,0.012866989720574602
84790,0.04194633815053746
84791,0.05611828233520507
84792,0.018235418717169324
84793,0.025768167345108
84794,0.05945678997776138
84795,0.027506233569419957
84796,0.08015328699589824
84797,0.023901292345172857
84798,0.05642043956318592
84799,0.014946749601927448
84800,0.032212599385576794
84801,0.3846158386581847
84802,0.014428353828150758
84803,0.09596057540962719
84804,0.019763727835713132
84805,0.07519782251353904
84806,0.021599578109094242
84807,0.05356955993167911
84808,0.11326156003511481
84809,0.028462378094548744
84810,0.014703074957642509
84811,0.2092560201122335
84812,0.09607722280635596
84813,0.03198415823002886
84814,0.438449397124394
84815,0.020710292219282864
84816,0.030954599211989023
84817,0.18339555882540298
84818,0.10533309981084682
84819,0.08356603795263204
84820,0.18535017977652127
84821,0.051360729424818986
84822,0.037300969559028924
84823,0.1593356806516244
84824,0.15020962296879212
84825,0.017160685706893917
84826,0.03764857289885163
84827,0.08026648070128004
84828,0.012959862038798035
84829,0.01817371114735936
84830,0.18008276079983052
84831,0.02459355049964487
84832,0.012332457672622275
84833,0.024191290416615805
84834,0.023278323468499007
84835,0.06265633710664839
84836,0.06855796024975613
84837,0.02981884942945973
84838,0.016443279182517395
84839,0.3324351148141234
84840,0.08128078365509185
84841,0.09909712260462389
84842,0.07387137289705159
84843,0.009135190980348665
84844,0.3252159111985723
84845,0.01664225563007589
84846,0.1676312572510022
84847,0.046727905221130045
84848,0.05183955729375832
84849,0.156061959132222
84850,0.10010699454912776
84851,0.08247848659518575
84852,0.03594766720839297
84853,0.0698201724735093
84854,0.04738149002689475
84855,0.03139208980086095
84856,0.062437695143954655
84857,0.0993924082326012
84858,0.02967373541999386
84859,0.054532099821164255
84860,0.0713448547590612
84861,0.02264810537169176
84862,0.11815580098078213
84863,0.04820716223214006
84864,0.014205838850971604
84865,0.0243968208493376
84866,0.08444183270025428
84867,0.08910479899558671
84868,0.018867815655924828
84869,0.13010777410142468
84870,0.11688360689350252
84871,0.10909819575844913
84872,0.035247247203661076
84873,0.11418963893319393
84874,0.022810814696440605
84875,0.01442126640007282
84876,0.1279569497373262
84877,0.08907044290878931
84878,0.08232753758791311
84879,0.1144476911336593
84880,0.03745093686293708
84881,0.17834571457999748
84882,0.0749944575822206
84883,0.18493306605917942
84884,0.17474360503990202
84885,0.023669760852184044
84886,0.04684352732720195
84887,0.05804040200507036
84888,0.026607598067714622
84889,0.01896026895121983
84890,0.06254073613250687
84891,0.02635567369318671
84892,0.0259747471447681
84893,0.033716412398051086
84894,0.07489995604235912
84895,0.05956161855497263
84896,0.012357494251265482
84897,0.067052689434692
84898,0.08915254206577515
84899,0.07034837398041646
84900,0.06611566925504851
84901,0.042677770315074436
84902,0.10143508728911796
84903,0.2107748493227491
84904,0.03039246753775955
84905,0.05464243263644805
84906,0.0646506375565752
84907,0.06779130677099876
84908,0.011000411991023208
84909,0.011868814812106441
84910,0.1039604398201304
84911,0.01731156443413004
84912,0.023633731409714292
84913,0.016297723487411108
84914,0.05787370755085243
84915,0.045205090776325535
84916,0.03677673024364551
84917,0.029915053008488183
84918,0.1159257307330906
84919,0.06226488776735221
84920,0.05122810036678148
84921,0.01378003470336792
84922,0.19510139967837975
84923,0.08764326173091225
84924,0.047370954255574305
84925,0.35575422130592466
84926,0.040001599061100526
84927,0.04079548711842677
84928,0.01737114026170821
84929,0.03236348497108465
84930,0.047449509034983864
84931,0.011793056021543727
84932,0.07154862115680537
84933,0.058265468734370385
84934,0.05640996661208558
84935,0.12623375596670752
84936,0.08515840428580287
84937,0.11396264694958676
84938,0.0173812315061621
84939,0.024862074384476924
84940,0.1471974781929594
84941,0.011824648976373956
84942,0.03932127393758628
84943,0.03913232391052509
84944,0.04363831045053681
84945,0.06015708334434388
84946,0.15376810856673173
84947,0.09686399540183252
84948,0.04300489491342679
84949,0.053587895746221886
84950,0.036903040989611724
84951,0.04685135549449121
84952,0.06596164794727674
84953,0.15466426042994752
84954,0.05177169766290214
84955,0.0793107493718268
84956,0.020560581407351435
84957,0.04132140822860313
84958,0.0364723252731724
84959,0.03770045905412191
84960,0.04722861016624943
84961,0.10884009827983503
84962,0.09470594770459742
84963,0.1115586693236934
84964,0.059679571167577966
84965,0.05743268071628939
84966,0.016781756026556814
84967,0.15652576666458845
84968,0.0528969757066674
84969,0.2724728430969508
84970,0.03543368297868657
84971,0.3710393192962465
84972,0.10189702157301486
84973,0.018468591349443807
84974,0.07730621398132889
84975,0.03324838389549718
84976,0.15559360665331468
84977,0.08575003378731932
84978,0.03358533814350087
84979,0.3349751494197266
84980,0.02246281410071415
84981,0.07145720382305186
84982,0.10316205804300274
84983,0.014269347884981106
84984,0.01693454715843066
84985,0.024484686813368718
84986,0.1366693057051935
84987,0.020231092804236094
84988,0.05964180478247162
84989,0.05687867634874372
84990,0.28568162712450074
84991,0.04112874159343992
84992,0.06071558129040592
84993,0.01354096992220798
84994,0.037163003233309136
84995,0.3039400750972379
84996,0.22082364437395502
84997,0.049831994715739944
84998,0.010652570334667169
84999,0.215975721226689
85000,0.08264052647129685
85001,0.07154930212864505
85002,0.07092309046773543
85003,0.07296189210455072
85004,0.033912890973847455
85005,0.09312875436724041
85006,0.17604413025384447
85007,0.027670765903043675
85008,0.03274464275377437
85009,0.014092387944027715
85010,0.14173170679770533
85011,0.08908608367814203
85012,0.07135409208393918
85013,0.048787286758671104
85014,0.12769595458225988
85015,0.09331919708252925
85016,0.17572772856937088
85017,0.19065270690326808
85018,0.016869949197262514
85019,0.16496450655189399
85020,0.0379788919268598
85021,0.009920625693889486
85022,0.02873652075204939
85023,0.05869394276783273
85024,0.09248837638996277
85025,0.0179762060861269
85026,0.01847771334473429
85027,0.038877933250408725
85028,0.05969456028883406
85029,0.054588704467023935
85030,0.028062467369490366
85031,0.04608245719412708
85032,0.08641385776983644
85033,0.014932383440534481
85034,0.10827865280778516
85035,0.0731687512094158
85036,0.08602430371953208
85037,0.029450339551326376
85038,0.029870373791914255
85039,0.03590665066913867
85040,0.01500430545805638
85041,0.16001987699964182
85042,0.02067424209737644
85043,0.022165915055244918
85044,0.03290904287689536
85045,0.03192750729985853
85046,0.029462065750740077
85047,0.03587176436172042
85048,0.05350476485855893
85049,0.027814714220152074
85050,0.06523840082772406
85051,0.02295713093604964
85052,0.045399828495654534
85053,0.025573662173958685
85054,0.015815224390085737
85055,0.08525850817789853
85056,0.1644942337825479
85057,0.019870098855598213
85058,0.02697092858613655
85059,0.19235231276586537
85060,0.12729711811374383
85061,0.19163224904525356
85062,0.018184226849846316
85063,0.044018408945893144
85064,0.09543542113240092
85065,0.029462949486300096
85066,0.036783325885290034
85067,0.0411210251219628
85068,0.02644751512518951
85069,0.14043796559268254
85070,0.015714874146654872
85071,0.26263381840218447
85072,0.018633620798817974
85073,0.01425181114487068
85074,0.012388403954758563
85075,0.1417169373712378
85076,0.25155305682213625
85077,0.032106835788744244
85078,0.06796965316559936
85079,0.031913573966566355
85080,0.010036627526111654
85081,0.07083916570370713
85082,0.13495407003232787
85083,0.023503046461925275
85084,0.08398729179269036
85085,0.020388493300661045
85086,0.13595208131584607
85087,0.01659891246010763
85088,0.08845882455461113
85089,0.09167601847406842
85090,0.07940949216912649
85091,0.10350232759349047
85092,0.024116981182490643
85093,0.19013568202232364
85094,0.008700879684621209
85095,0.08417681273922865
85096,0.0101273279697373
85097,0.05523861076973853
85098,0.08170904684369348
85099,0.01650301434109236
85100,0.04477189391177279
85101,0.03576257999104208
85102,0.06937293617237504
85103,0.05744644605737354
85104,0.03232585314974979
85105,0.09314529659054503
85106,0.04479001065421133
85107,0.03564988472999645
85108,0.08649053445053115
85109,0.07849450164500428
85110,0.0419124715762452
85111,0.032718005665066933
85112,0.012725649571900702
85113,0.015894676724974587
85114,0.02913987445783972
85115,0.013986354092355923
85116,0.02129421594256676
85117,0.05779418773273858
85118,0.030275570399807824
85119,0.08587636173547085
85120,0.11388628740970816
85121,0.028415601963098426
85122,0.06277438579620453
85123,0.10469459793288699
85124,0.0355324739750586
85125,0.1024640675335864
85126,0.030541967488029974
85127,0.19122793135907193
85128,0.020314446560363936
85129,0.11846804799789994
85130,0.013827060037007696
85131,0.03793418856732524
85132,0.25079214474841977
85133,0.028248725964213954
85134,0.04972690268664213
85135,0.07857287684039893
85136,0.1338988547182752
85137,0.055147226615174086
85138,0.014987427807840714
85139,0.18264259223160467
85140,0.012366990231647114
85141,0.19781295865252801
85142,0.22372365876343545
85143,0.07683292691336852
85144,0.027569541031268654
85145,0.013753815744012568
85146,0.1294652675048793
85147,0.04312020184835751
85148,0.16228853095674134
85149,0.010795146814564411
85150,0.019704734792879895
85151,0.9719053656473877
85152,0.07301306771486615
85153,0.06341880738272636
85154,0.06465825151983655
85155,0.03548601771512108
85156,0.028857728200902585
85157,0.016863049277073522
85158,0.057422799306730866
85159,0.049896199568268934
85160,0.02950719302629231
85161,0.05138488868106642
85162,0.007573321158543275
85163,0.056280214485403476
85164,0.07179593001540575
85165,0.21732405113530717
85166,0.021283902261770928
85167,0.15044802987188932
85168,0.02812102742437541
85169,0.03714179741052915
85170,0.017611520495904483
85171,0.9402324507248603
85172,0.01689904325993246
85173,0.08101888149873396
85174,0.029559354687963547
85175,0.1964196961085042
85176,0.06752519919374173
85177,0.024793466655404616
85178,0.15916715599529235
85179,0.02974545686317298
85180,0.07966972622761484
85181,0.03852946527319407
85182,0.031967058133970806
85183,0.013031216830048525
85184,0.03688859899007796
85185,0.01821468050419174
85186,0.029815561647864433
85187,0.03742244191929992
85188,0.06987775112444967
85189,0.012918083156697511
85190,0.0415989647027373
85191,0.01895066607967192
85192,0.03823247130507574
85193,0.014032168127296749
85194,0.04099624339289804
85195,0.02479624436130962
85196,0.3059392885969774
85197,0.03728748227692974
85198,0.08914156849572995
85199,0.04364117687391181
85200,0.04782993540796909
85201,0.045865120953989334
85202,0.03439562250735141
85203,0.03281562874800113
85204,0.02362241960886391
85205,0.1362193802755078
85206,0.05421888167341816
85207,0.021962880692570255
85208,0.02516388499938717
85209,0.029964998888413173
85210,0.07570398709065368
85211,0.045771914485265894
85212,0.09586599691254061
85213,0.24506698960902196
85214,0.03563189509289594
85215,0.028661230488729757
85216,0.029434737793713944
85217,0.013160078922237512
85218,0.045570520879928064
85219,0.14752617815633373
85220,0.04864114792953193
85221,0.07246949698162201
85222,0.02026072234335401
85223,0.02460583342666347
85224,0.04923322990828687
85225,0.044083509755370696
85226,0.017583723208751217
85227,0.10568049399513835
85228,0.04380718249192882
85229,0.011037810380273391
85230,0.08185331910734148
85231,0.011439615329483049
85232,0.07345533887028954
85233,0.018349360434087046
85234,0.033326051712920426
85235,0.032919720306091124
85236,0.04266634205819473
85237,0.10219020768950592
85238,0.06801396936242197
85239,0.03880887975104643
85240,0.027040841030618344
85241,0.03403946496887045
85242,0.01662844080265011
85243,0.024146573701633173
85244,0.026510294528449628
85245,0.06051828678209472
85246,0.03575950672435106
85247,0.04412938248435978
85248,0.06669668028442739
85249,0.097287850524643
85250,0.045816497931012806
85251,0.09384463585060274
85252,0.03793062035887698
85253,0.04609310777216592
85254,0.19927074447619397
85255,0.04643521206620954
85256,0.025076515507752327
85257,0.05918528117498138
85258,0.01723922591115005
85259,0.054113485070836784
85260,0.09506646552131645
85261,0.3511980304824879
85262,0.009067066360638067
85263,0.03771727761996598
85264,0.03012993971634502
85265,0.01679840798959835
85266,0.28671165831525514
85267,0.07465206525319149
85268,0.08095034032567347
85269,0.0157721534519544
85270,0.024666789628577122
85271,0.022515767101279862
85272,0.013478376762535473
85273,0.02494200972328159
85274,0.09782573995510395
85275,0.1146477728694654
85276,0.22786885376949312
85277,0.058671825222882404
85278,0.04798144604746407
85279,0.009068549787782142
85280,0.01991812339471978
85281,0.03852083692313716
85282,0.021930459243102093
85283,0.02384663930944541
85284,0.05984403648527779
85285,0.13368450100241877
85286,0.04963882170484706
85287,0.01200407787161582
85288,0.041326540704813966
85289,0.03169047883913041
85290,0.11534618743687541
85291,0.026563177431271262
85292,0.14773197621803627
85293,0.024925350511840638
85294,0.02083219553325837
85295,0.023919765249225646
85296,0.035705869391386494
85297,0.19164497324588353
85298,0.10135317645470784
85299,0.038112870049109376
85300,0.15137187968257232
85301,0.09465216269548478
85302,0.3194737199676677
85303,0.09207965151181849
85304,0.04461547032314654
85305,0.04295062007122019
85306,0.017348803524982727
85307,0.02528205381641809
85308,0.0662135493115089
85309,0.016379431757993203
85310,0.09211793299670895
85311,0.017398264844937488
85312,0.2974292544929881
85313,0.10394746026546417
85314,0.046132337966034116
85315,0.02451071176874962
85316,0.025822873355239476
85317,0.030651856507761335
85318,0.047617680904059746
85319,0.07443978702452486
85320,0.01676332772672234
85321,0.13262814082268032
85322,0.08181452180583018
85323,0.24594878400921777
85324,0.10217921889100218
85325,0.09177510300557634
85326,0.01060815703267175
85327,0.059370376059801104
85328,0.03215915213425231
85329,0.041701835106788515
85330,0.04114455556061818
85331,0.032013447190216676
85332,0.16044650122031268
85333,0.09035230016847813
85334,0.032836310704817365
85335,0.04852802434669563
85336,0.03648870209191516
85337,0.020548058423036277
85338,0.012051733277652561
85339,0.6028899942670597
85340,0.016143951322201217
85341,0.02015552492984853
85342,0.0647870380892272
85343,0.017389696388453207
85344,0.017730939625272613
85345,0.03249274725723597
85346,0.02385634718339968
85347,0.08314013293518963
85348,0.1119203639366306
85349,0.04159941696278575
85350,0.03692781306452931
85351,0.04253254279847198
85352,0.041119613146643294
85353,0.008854833898634869
85354,0.04165949808090799
85355,0.22916011409545178
85356,0.3025898328533804
85357,0.6063601033413224
85358,0.02041751251788171
85359,0.07397383702587007
85360,0.15429662141223038
85361,0.019939903685850042
85362,0.10336358780567846
85363,0.13675326971430965
85364,0.15708482938647877
85365,0.006603069809801947
85366,0.028018771048380433
85367,0.04824319548002732
85368,0.010402986382684607
85369,0.018090378126126887
85370,0.09690879454785631
85371,0.03053729160643766
85372,0.06580800631171574
85373,0.017096082378804424
85374,0.06434306927631156
85375,0.05581695137430254
85376,0.04504516200339781
85377,0.013100125318763865
85378,0.6979761136577247
85379,0.17811499103545606
85380,0.04469144827912522
85381,0.2121243274723646
85382,0.026745027515132632
85383,0.16123193098073096
85384,0.1587945158255183
85385,0.21829161072049863
85386,0.023820843528060104
85387,0.040709494078773376
85388,0.03612401996969638
85389,0.023062615757003302
85390,0.07638663142008402
85391,0.17807025883490152
85392,0.09489794344744247
85393,0.1391846327305322
85394,0.013326339453688007
85395,0.03698802839466077
85396,0.06788183828685967
85397,0.05353402672998366
85398,0.17459964625308383
85399,0.027622848315498917
85400,0.25097289919908516
85401,0.04195055905422869
85402,0.01200311371859903
85403,0.1093857945051411
85404,0.021737701539541746
85405,0.01847190736129284
85406,0.1978247708334848
85407,0.015497332251685278
85408,0.018322234899551457
85409,0.04644387091564242
85410,0.05480360623631363
85411,0.07679770990162318
85412,0.05856445703676588
85413,0.08644795924061233
85414,0.0280689566484841
85415,0.020038101071223034
85416,0.04089055304101556
85417,0.03255594259161372
85418,0.047699792060353734
85419,0.015160930494805762
85420,0.05811085130075208
85421,0.02354694411389484
85422,0.03362899754324245
85423,0.07989486928151425
85424,0.034254893653328344
85425,0.09114938141437948
85426,0.2049796596735836
85427,0.030595286099131713
85428,0.1859795010453794
85429,0.07105960609740995
85430,0.07148700892175402
85431,0.0592654765076017
85432,0.1343585837088042
85433,0.0399134225912083
85434,0.04084555482216413
85435,0.04049082401676271
85436,0.06295360128007726
85437,0.07253098190492363
85438,0.03071787968591356
85439,0.05968907607540924
85440,0.006849807543896698
85441,0.6323317118843367
85442,0.051069243058897415
85443,0.027764903682294055
85444,0.040985554475319416
85445,0.021571663881599843
85446,0.01896236153854229
85447,0.033074530429272976
85448,0.03191114782424393
85449,0.10719992180570603
85450,0.08552898627347072
85451,0.02453500316863206
85452,0.016109106162197344
85453,0.30421103406562694
85454,0.07931377846127738
85455,0.018984640363846936
85456,0.04852954175270838
85457,0.17603774664171407
85458,0.04036098312853622
85459,0.1076886975150117
85460,0.017725825159572238
85461,0.3213554167448965
85462,0.0821958641594834
85463,0.027614653861826884
85464,0.03162798373761282
85465,0.038487787110538144
85466,0.01990560657550202
85467,0.027058086200018112
85468,0.028197036780050953
85469,0.15111888133528104
85470,0.10508038992937918
85471,0.19643234622245978
85472,0.25892711494640674
85473,0.022958816852584527
85474,0.07009662895637583
85475,0.10170312260013883
85476,0.08916644629599442
85477,0.024823922103118665
85478,0.019467576961851345
85479,0.12931768852631315
85480,0.051319203108369446
85481,0.015675320270619728
85482,0.11385195460425813
85483,0.05873600707397374
85484,0.4147783783785892
85485,0.04839795573138332
85486,0.01146335947230635
85487,0.024697313762703437
85488,0.028962272820553234
85489,0.16928303560271205
85490,0.04567139989210394
85491,0.03526486895836787
85492,0.013529948875457488
85493,0.021087963025629
85494,0.05589859658306006
85495,0.06855273813683699
85496,0.2145391566655156
85497,0.043042408067116386
85498,0.10887694033348352
85499,0.04024599673893695
85500,0.134889787006068
85501,0.04747730187129273
85502,0.04929105800753862
85503,0.15885834446139022
85504,0.023345827077429732
85505,0.03506540552638036
85506,0.0287507990374482
85507,0.05662049056149643
85508,0.04289828967920942
85509,0.04827682829594697
85510,0.07331561891423272
85511,0.05230646753932648
85512,0.04806050701212664
85513,0.03566870717865871
85514,0.014647592551863962
85515,0.09313888832399117
85516,0.0827919802154984
85517,0.03564103045810204
85518,0.026017421837011754
85519,0.08346826719399236
85520,0.06391191676079175
85521,0.12363276706602995
85522,0.06001332557745931
85523,0.0227204268510467
85524,0.13308796619013014
85525,0.03450464348921632
85526,0.08416638286912041
85527,0.19451220082589235
85528,0.03490104554744784
85529,0.03471024279634327
85530,0.10306483709933931
85531,0.04914839983817801
85532,0.11137999087317911
85533,0.07516580268165762
85534,0.07293670018360682
85535,0.02384636801040626
85536,0.032960087808275335
85537,0.1847380047674311
85538,0.029677466745891865
85539,0.04541735458272171
85540,0.0401340569542762
85541,0.05265157418281469
85542,0.028267457145310336
85543,0.020201131433042183
85544,0.137583292524483
85545,0.032068924053469644
85546,0.24844563547576284
85547,0.01799524892070127
85548,0.042467184873525465
85549,0.04186314745253348
85550,0.012943138637326107
85551,0.029270263091768466
85552,0.07132647003174318
85553,0.1188469000304128
85554,0.031115994852527896
85555,0.0285967734969734
85556,0.12102898313152902
85557,0.03100772518745319
85558,0.016534720596520815
85559,0.07002744255359494
85560,0.09570874288449618
85561,0.0338868107195085
85562,0.022389300425104244
85563,0.049612672733397464
85564,0.11791528202465833
85565,0.021902921489052287
85566,0.047560629621619624
85567,0.12844417458261545
85568,0.031068104097383663
85569,0.11984219884479991
85570,0.021248879037900167
85571,0.04462515343796583
85572,0.09188036626858032
85573,0.15073574546148943
85574,0.10746315285843097
85575,0.02612582329613465
85576,0.05260153168908757
85577,0.06363359017435283
85578,0.06547512928893334
85579,0.03539037543727227
85580,0.05262561977107971
85581,0.2489738845015512
85582,0.8969991920621994
85583,0.06949141720033795
85584,0.14942082768308368
85585,0.06397668331417361
85586,0.05200069754464488
85587,0.07715540633434158
85588,0.027281984201072387
85589,0.05433320046820432
85590,0.02661721033895046
85591,0.10962616435656844
85592,0.09853845568734404
85593,0.15413653080763456
85594,0.05187349516028185
85595,0.03220097671061027
85596,0.04403469283601236
85597,0.013855341262353365
85598,0.019346296808670727
85599,0.09174578611247555
85600,0.018199168452378494
85601,0.13603199495676335
85602,0.02726456196453038
85603,0.060376050827368355
85604,0.4610436334741129
85605,0.023672557912478916
85606,0.14108417495071882
85607,0.016580646569056636
85608,0.048208260473257984
85609,0.06929955992560934
85610,0.07574197471559144
85611,0.12035675756531361
85612,0.06209274074845516
85613,0.02357226277853981
85614,0.11436987081526268
85615,0.03054705804188253
85616,0.014090536243900012
85617,0.32375822806496257
85618,0.028140989301516196
85619,0.03449932908513058
85620,0.3366330426567184
85621,0.08528488793128626
85622,0.07385406504163526
85623,0.06420656992992492
85624,0.0906832528390773
85625,0.13679065413472574
85626,0.025713217882934864
85627,0.028317130732375476
85628,0.1072472023064659
85629,0.07431978665190828
85630,0.07785853867654015
85631,0.05066742589016663
85632,0.048972172897406366
85633,0.04350725215899049
85634,0.32783157432596305
85635,0.07832023613447285
85636,0.03358923458943041
85637,0.028650690754672484
85638,0.1037879275571738
85639,0.06848090328999724
85640,0.011698277398623504
85641,0.18577762382096227
85642,0.02894390660440212
85643,0.037681043851866235
85644,0.04196901262292014
85645,0.4570532116634038
85646,0.015991752481864928
85647,0.011157160717740042
85648,0.02229805711751638
85649,0.051845636149508025
85650,0.03127324896403122
85651,0.11444242169515817
85652,0.031551294511190514
85653,0.04999987380274434
85654,0.06965021545311786
85655,0.13054504003317435
85656,0.0400696629702636
85657,0.05467992036767652
85658,0.011805351265943603
85659,0.03573093965794931
85660,0.07445555953903057
85661,0.048184973945620074
85662,0.08034223085507464
85663,0.014505751391032717
85664,0.0424086078938818
85665,0.06547143384382828
85666,0.13279213294796388
85667,0.01681263462889282
85668,0.014330394353055612
85669,0.1843822531093487
85670,0.10504783470456909
85671,0.19780413771950595
85672,0.028369795753955023
85673,0.019816123183729797
85674,0.11140936747223651
85675,0.06392972578219931
85676,0.22133791560420585
85677,0.14218771993685056
85678,0.02390995458808703
85679,0.011179126369767296
85680,0.05164246321796486
85681,0.029739630733556555
85682,0.34477656593110195
85683,0.026628582628286906
85684,0.07263850027036425
85685,0.058344807478382534
85686,0.05405698777973657
85687,0.020018527820717058
85688,0.15382626786770598
85689,0.1410902705964904
85690,0.026734486442494397
85691,0.028293370004458442
85692,0.023729040187245396
85693,0.013182028860199322
85694,0.017852080064523573
85695,0.01371640135244532
85696,0.18842624157532084
85697,0.13674210024127384
85698,0.09261070430010561
85699,0.03504655199089952
85700,0.032858295373071236
85701,0.01867065640471737
85702,0.06443085071983846
85703,0.05092918963703809
85704,0.20725073967838167
85705,0.058262786688977955
85706,0.10007263493501836
85707,0.021764014924984337
85708,0.02564893935033609
85709,0.14652580715873886
85710,0.02030056908618641
85711,0.051006309230293354
85712,0.02985184272535609
85713,0.09451211054074597
85714,0.014560709183133689
85715,0.014047873863405752
85716,0.0765355102820135
85717,0.03150563787453249
85718,0.0908007535980974
85719,0.0740829821772499
85720,0.050279429595101885
85721,0.029082549578910544
85722,0.12022809812248364
85723,0.0194092206318969
85724,0.03168326593386283
85725,0.06280380174986783
85726,0.03530425674285823
85727,0.07198994191352681
85728,0.03123285558690141
85729,0.028094303586969006
85730,0.01346601781294312
85731,0.053619194959055816
85732,0.034033934031783585
85733,0.0732980497952629
85734,0.10162283245347613
85735,0.08954014318367118
85736,0.06715972286422646
85737,0.14525204520314933
85738,0.04835982014064183
85739,0.05856325786514827
85740,0.12724037866117904
85741,0.01264279065876163
85742,0.08584597808198834
85743,0.16709040867305733
85744,0.01272086269388992
85745,0.07288517604479239
85746,0.024517558420232607
85747,0.058925274884558655
85748,0.7984755194601444
85749,0.06098816112404248
85750,0.013149342054640765
85751,0.01971412381592956
85752,0.033442973863117384
85753,0.030277858975872412
85754,0.02780934240400121
85755,0.02643517422165089
85756,0.016678548945576698
85757,0.028549539096164808
85758,0.04310446686313586
85759,0.08007534702811472
85760,0.1294507837096032
85761,0.01182365426592674
85762,0.11726996442823395
85763,0.07711061971977781
85764,0.042387730047996695
85765,0.10099683074639468
85766,0.024965638083096646
85767,0.025386665826244992
85768,0.164775623196947
85769,0.10370118039230349
85770,0.12190630905337564
85771,0.04937268356755301
85772,0.023706076677841754
85773,0.0527410000267488
85774,0.013489527299525982
85775,0.027191258412020705
85776,0.11011735905018429
85777,0.028555961290324595
85778,0.03927152003167612
85779,0.28082446670197936
85780,0.01537576949886996
85781,0.020320486014538265
85782,0.07003076998837937
85783,0.10162592702467227
85784,0.07371610877489479
85785,0.048579911753243395
85786,0.05122283877523488
85787,0.03698700012161248
85788,0.03616774647515202
85789,0.020125500392998565
85790,0.09641635396698753
85791,0.043289855631085956
85792,0.07514775247858366
85793,0.05193749688889414
85794,0.045178674030787846
85795,0.07738149971346174
85796,0.17763279433924317
85797,0.0455820318717111
85798,0.09472635904277751
85799,0.05972190204846543
85800,0.0657249811281913
85801,0.047778918829987554
85802,0.026600391044038843
85803,0.5195429550063473
85804,0.13748620474609963
85805,0.07353133284372297
85806,0.0357779583246379
85807,0.033331252043998394
85808,0.06875248605478863
85809,0.04449828868735089
85810,0.02319520650912272
85811,0.1624836475122259
85812,0.027544264272786646
85813,0.07537657153387117
85814,0.11266418173017231
85815,0.02744436745437254
85816,0.04519770956606295
85817,0.06696907895403297
85818,0.06033739146151926
85819,0.014994333113612254
85820,0.4682598744715279
85821,0.024312346985263654
85822,0.05902339388757098
85823,0.036999906650640124
85824,0.02313371527525532
85825,0.03476784026259804
85826,0.044692483975901066
85827,0.034175987108552665
85828,0.013443762425359267
85829,0.07542309537332009
85830,0.1674871431433235
85831,0.1786219849731471
85832,0.020874420206543762
85833,0.03763380667116306
85834,0.04227718898399492
85835,0.02318109085295722
85836,0.2655780956609344
85837,0.022600231093203214
85838,0.016924561839110223
85839,0.06325973109893344
85840,0.030666131658656434
85841,0.019808148931441373
85842,0.40770494060651946
85843,0.007538813727849371
85844,0.079063459494857
85845,0.0941667988485484
85846,0.05913784551881736
85847,0.05439189595692173
85848,0.021412771758802664
85849,0.1324849644318048
85850,0.05203453217114897
85851,0.037834542170106775
85852,0.08999380452456177
85853,0.037623835952960816
85854,0.017113125319666876
85855,0.0354884994701724
85856,0.20365421030138076
85857,0.056287322010458316
85858,0.06537741149361698
85859,0.057489916304895805
85860,0.09476934387236519
85861,0.033141193205283255
85862,0.019676700355611025
85863,0.05567704457486149
85864,0.05029078303401337
85865,0.020935120748621992
85866,0.18350133531948495
85867,0.09288040334445571
85868,0.1298143995979541
85869,0.0334959424983389
85870,0.07101346384184853
85871,0.00827647252696016
85872,0.0361617315422499
85873,0.1748914825981587
85874,0.11245128539170887
85875,0.017671775126718442
85876,0.06555875874386535
85877,0.03535579369860853
85878,0.030406776709749717
85879,0.02568406480349146
85880,0.08573365903775013
85881,0.020703532685219267
85882,0.04198396633724506
85883,0.06590019111922156
85884,0.01624443916837441
85885,0.1415241730236318
85886,0.03348842400049876
85887,0.03346350262376679
85888,0.017888293515932786
85889,0.13911536602366562
85890,0.1007639795799778
85891,0.02462341216884624
85892,0.037507505807420946
85893,0.04009992262182752
85894,0.05642531417648274
85895,0.04108125562524943
85896,0.025560720740606457
85897,0.039081401969647725
85898,0.03458783141875769
85899,0.20465799607219476
85900,0.06910734089894037
85901,0.023291358779957614
85902,0.027055211013157415
85903,0.022145441750067857
85904,0.08826744407110229
85905,0.07261532739478355
85906,0.03315385770734079
85907,0.01906676575317598
85908,0.16044032153947063
85909,0.05840728022903907
85910,0.020109860417215984
85911,0.03789989010325913
85912,0.056545808628647276
85913,0.03739697676265546
85914,0.012283493154733014
85915,0.04321072828940051
85916,0.04827667053472986
85917,0.13150559062424358
85918,0.053775950333469213
85919,0.02321291000280264
85920,0.0510467574247314
85921,0.054060357686753345
85922,0.030378085397301812
85923,0.029693241704824465
85924,0.010220597245733438
85925,0.02294743777343327
85926,0.01762747065192561
85927,0.08033559894229439
85928,0.020458648947693385
85929,0.03405635802938059
85930,0.02831165237717198
85931,0.0427744687693947
85932,0.05374140128089597
85933,0.06003495200094761
85934,0.052064685740158434
85935,0.030434146905690268
85936,0.03217367252418342
85937,0.05171913464770814
85938,0.04529324023737836
85939,0.03417500181902262
85940,0.1194149709694641
85941,0.024177680725585807
85942,0.028028431270675207
85943,0.04010524046512117
85944,0.029217719465940626
85945,0.04903033780515187
85946,0.0217697193126702
85947,0.0893777734378268
85948,0.04023804356164703
85949,0.020650036735673737
85950,0.0191948312695172
85951,0.24840938263281284
85952,0.025059255059222
85953,0.05387892952444494
85954,0.060903783019073746
85955,0.04496910095739506
85956,0.0692232313462493
85957,0.34508642812310075
85958,0.017674858733258338
85959,0.036619267071470604
85960,0.1223657100165832
85961,0.12281744078305748
85962,0.053588223921194146
85963,0.05731350335281547
85964,0.05603019387683887
85965,0.058866912946515
85966,0.022439527498402844
85967,0.023380652500630858
85968,0.030676060978521498
85969,0.16098963036042144
85970,0.06255833300006021
85971,0.07659632024310577
85972,0.07552427677208051
85973,0.061233425829715145
85974,0.16618485050919285
85975,0.008424671675420351
85976,0.0234932280356224
85977,0.01672840733959636
85978,0.03468945271855305
85979,0.013341043248771453
85980,0.02069774149019945
85981,0.028725012292141357
85982,0.03648387643906237
85983,0.10211484707823318
85984,0.10561860172916805
85985,0.036578037850306645
85986,0.06014687333484974
85987,0.504010559131092
85988,0.05357846503570668
85989,0.2288795429076379
85990,0.02110390366234779
85991,0.03252425077797391
85992,0.028604605165719492
85993,0.06875994669537104
85994,0.02020484403928692
85995,0.008623613838523768
85996,0.16706714821779803
85997,0.07430910894545902
85998,0.014864214911987665
85999,0.06421069258663897
86000,0.036956431096602335
86001,0.022377866496100823
86002,0.04818353881778725
86003,0.098294168899195
86004,0.0347053771432556
86005,0.11046445679676634
86006,0.011603745301545678
86007,0.02933334882366486
86008,0.04779271230918073
86009,0.06420671337537805
86010,0.01634985774695391
86011,0.013617369019861884
86012,0.049085747343279716
86013,0.025732451044244577
86014,0.12200332882665776
86015,0.04234871745586591
86016,0.1981578799301706
86017,0.025361708484114502
86018,0.053716678618460585
86019,0.08714811393770729
86020,0.01737901240948412
86021,0.03711711057298816
86022,0.09556482655708753
86023,0.08843588259607608
86024,0.026506389094498595
86025,0.04901007304172498
86026,0.05615848737245276
86027,0.07562688388786869
86028,0.16805653922735442
86029,0.06960272421207842
86030,0.04502507451745752
86031,0.10687463876527993
86032,0.026638743264239574
86033,0.01588300936647821
86034,0.0856371794020996
86035,0.047638986275821166
86036,0.02175987713969419
86037,0.14286299348473613
86038,0.03210450848578452
86039,0.018211737038204168
86040,0.0562989714185736
86041,0.03825196473364291
86042,0.04648968665368033
86043,0.1019363782959932
86044,0.03896863012505132
86045,0.06600554359951598
86046,0.07728806932000838
86047,0.11724110332036344
86048,0.0519026059901158
86049,0.01578661617621936
86050,0.02226658503088371
86051,0.020522287624170122
86052,0.02259693496337254
86053,0.024797952912128562
86054,0.04529765851189773
86055,0.021676390008501144
86056,0.025413104800155267
86057,0.07017534227318806
86058,0.010744171564991896
86059,0.05490152091795676
86060,0.1577489600636775
86061,0.13673230032451644
86062,0.01990668352611716
86063,0.15982102750704225
86064,0.01101557141037513
86065,0.10987650340616803
86066,0.01234942536480503
86067,0.013536179977912784
86068,0.029745347233187745
86069,0.07474835401059642
86070,0.019644503512831937
86071,0.03436248880063506
86072,0.10709462033634877
86073,0.18223101515575849
86074,0.03064939081902758
86075,0.15253841702880952
86076,0.06551960743944067
86077,0.019601825068161608
86078,0.012033954818159042
86079,0.08488001948896465
86080,0.023066714090749327
86081,0.20708831688557822
86082,0.12763868549193363
86083,0.011503915792577426
86084,0.16886325853489173
86085,0.07142730310431554
86086,0.03297673264472565
86087,0.09174881593251115
86088,0.028751718585527657
86089,0.021548959644839407
86090,0.06592722819785433
86091,0.03461733639880116
86092,0.022726515740279965
86093,0.10127142282528942
86094,0.04845250999312041
86095,0.2986686228749132
86096,0.029073857057713183
86097,0.02484750892408399
86098,0.025882660621623203
86099,0.029512205147205674
86100,0.05544884970877724
86101,0.025656328855708073
86102,0.016719543692625446
86103,0.06727083434554586
86104,0.013769637653785097
86105,0.03032185350073828
86106,0.03454926997927567
86107,0.020326702853540678
86108,0.16719855407151685
86109,0.037708738618319415
86110,0.024630620654138367
86111,0.011196912760238126
86112,0.22320275636156078
86113,0.04069687969366466
86114,0.07563647405218549
86115,0.024940838200006858
86116,0.044095728474425076
86117,0.050544749453943966
86118,0.1498658893478275
86119,0.04329815055954386
86120,0.0413589224061653
86121,0.04884724729369335
86122,0.07050604959378243
86123,0.03693248967371223
86124,0.0650141109188845
86125,0.09067112024955279
86126,0.0268829439079279
86127,0.04172750715225108
86128,0.07118930263255246
86129,0.07563378352975006
86130,0.2831441399589161
86131,0.06341364852754187
86132,0.028478530658609922
86133,0.03983402118352063
86134,0.07430968860397515
86135,0.051387973118155336
86136,0.027181135002322256
86137,0.04327103500523631
86138,0.04660218143862254
86139,0.021417775341323133
86140,0.14197763536385863
86141,0.014698068144770867
86142,0.03503567945498742
86143,0.2463763308889899
86144,0.03571936252298746
86145,0.33893975618608047
86146,0.0639432730364786
86147,0.10489074834140451
86148,0.01991179135983971
86149,0.12766289638485764
86150,0.046259092408400426
86151,0.01486784866363497
86152,0.018396714901597087
86153,0.24530698625984998
86154,0.023255690708319433
86155,0.012185875526334954
86156,0.31286699205861646
86157,0.03121276302853385
86158,0.040780221610679415
86159,0.05418812700419571
86160,0.06102327893289351
86161,0.4339582253956064
86162,0.027032800039120293
86163,0.0444014090041847
86164,0.08094023134566426
86165,0.06515826201177334
86166,0.027007219306979094
86167,0.017607887876398106
86168,0.038577812236609894
86169,0.09666367386284447
86170,0.01366374873834188
86171,0.28972344846814424
86172,0.03809892480834334
86173,0.07538627208353302
86174,0.09394305931857722
86175,0.006972720513550191
86176,0.17414061658089874
86177,0.13484780229437385
86178,0.013781339922290426
86179,0.05622558127701901
86180,0.02850096045078273
86181,0.051424721062865345
86182,0.0782847896434706
86183,0.1185574974322004
86184,0.040899634156377325
86185,0.047495931592319636
86186,0.038034850181322535
86187,0.03228015631372905
86188,0.03875604404412409
86189,0.017923238101913496
86190,0.042844095084853207
86191,0.10521585634230267
86192,0.09558428087587258
86193,0.1017339605965106
86194,0.019911038769433904
86195,0.04347585906553508
86196,0.017208537391443166
86197,0.12298424164634511
86198,0.014135678831020054
86199,0.06062170157486532
86200,0.2599710556879229
86201,0.04508910044006699
86202,0.15613534487332628
86203,0.017993744571570883
86204,0.10012634266264112
86205,0.06478989545736305
86206,0.11758717380783613
86207,0.11628380744205005
86208,0.05281885369237263
86209,0.030380511152988787
86210,0.013458037221359631
86211,0.026523224901971322
86212,0.023626906703011312
86213,0.08471300663238973
86214,0.011324665594948834
86215,0.15935536919330975
86216,0.01110221470353978
86217,0.08104004584012316
86218,0.04163729086408892
86219,0.016588365097551856
86220,0.03299061755719369
86221,0.011982637155768396
86222,0.10359624929199442
86223,0.06132001851734989
86224,0.11176080555517068
86225,0.17852717696423795
86226,0.04454114330507879
86227,0.07237713915343136
86228,0.05309913730040572
86229,0.018062464975169824
86230,0.11871091486558638
86231,0.05759990101287367
86232,0.0173382398960607
86233,0.11616782301609686
86234,0.04171782519689138
86235,0.0885689454607296
86236,0.03574459290847888
86237,0.038875191039600944
86238,0.03338983803848113
86239,0.02220532677185486
86240,0.03499716009511068
86241,0.06684517609760521
86242,0.06534303573386327
86243,0.03282610778356156
86244,0.0295471721469558
86245,0.045882382535016794
86246,0.07074382126767956
86247,0.288654036648779
86248,0.0625553410938211
86249,0.0806592235927077
86250,0.03262079679893623
86251,0.057557587896522856
86252,0.018755120427888242
86253,0.0277455992231103
86254,0.045169746113886855
86255,0.04902779523005829
86256,0.025115184044325497
86257,0.025243052149837693
86258,0.058021021643920936
86259,0.0403142618898589
86260,0.07196172793110739
86261,0.018338988421454493
86262,0.03148240842266562
86263,0.05586579687173054
86264,0.10767571050987827
86265,0.04660669120791362
86266,0.07569540319923038
86267,0.3745894741681759
86268,0.01433993122783754
86269,0.06469265120338759
86270,0.018170181374892416
86271,0.03801699167349595
86272,0.10259513692460343
86273,0.04268460949450746
86274,0.11180843687075187
86275,0.26971017552666054
86276,0.04324456813294742
86277,0.03479373276742326
86278,0.19184276185537996
86279,0.08262530180938368
86280,0.02673931786537229
86281,0.15137475615150653
86282,0.028307772934395677
86283,0.09822704910362214
86284,0.037357370466951284
86285,0.019958771263022927
86286,0.020978842457314083
86287,0.0303043253108711
86288,0.011893587062869158
86289,0.29099142630224983
86290,0.026167735278525634
86291,0.0931419205096275
86292,0.130221268374423
86293,0.014686211096650865
86294,0.04719776223530788
86295,0.049473099456908906
86296,0.10988377202400824
86297,0.031104005300925813
86298,0.066409275551709
86299,0.1082626201235423
86300,0.023603865996384078
86301,0.25507454524687284
86302,0.029192844635884094
86303,0.013339367672196782
86304,0.04505685985009561
86305,0.05563242771520743
86306,0.029593815150736696
86307,0.08710659574037131
86308,0.023052616278227158
86309,0.13377269640405307
86310,0.05347325893459244
86311,0.1531041597801548
86312,0.010036145908305937
86313,0.13128683824404155
86314,0.036513232877425514
86315,0.02179653361272764
86316,0.03140497872312682
86317,0.034326428184273935
86318,0.02457643463235061
86319,0.029516110322015187
86320,0.02627035107524181
86321,0.18428647708576973
86322,0.023467942557889986
86323,0.03344407132016812
86324,0.016737420624728803
86325,0.1881695849935712
86326,0.12071370431014664
86327,0.08606352172888204
86328,0.028638138903202274
86329,0.04480691392594921
86330,0.1960334375078402
86331,0.08436662772043624
86332,0.1393020762215327
86333,0.029925268749444307
86334,0.10331845946695425
86335,0.15266748648592815
86336,0.07475062489495561
86337,0.030781293337963884
86338,0.1746396128779764
86339,0.09105018496503625
86340,0.10084214690508733
86341,0.12560772268842563
86342,0.009427712025979102
86343,0.19812668096060354
86344,0.026308006926594744
86345,0.03600238821922216
86346,0.05031502756308923
86347,0.10901157060269513
86348,0.09999785605727149
86349,0.03530013333173422
86350,0.07441244171584495
86351,0.06526793927937133
86352,0.03199952072453467
86353,0.038192319574559645
86354,0.044505351076182476
86355,0.01456741795750871
86356,0.028051834411001116
86357,0.7485630631246346
86358,0.01749251138754491
86359,0.4413032457357091
86360,0.019889486240736443
86361,0.015970422752355037
86362,0.029360958477996583
86363,0.019378408333958205
86364,0.053498832608444694
86365,0.3435137939315533
86366,0.05980260064509432
86367,0.0934537630144129
86368,0.03682223752513557
86369,0.018870537888339464
86370,0.052709436628770534
86371,0.02175580802475587
86372,0.07313487185536685
86373,0.03720113493300754
86374,0.052455871372899504
86375,0.03224066339566268
86376,0.049541546897966623
86377,0.1336381767793498
86378,0.02270881841179613
86379,0.017968041719985353
86380,0.03607322573833395
86381,0.06613285591979186
86382,0.04718065612972869
86383,0.010835455065698212
86384,0.06904464882949211
86385,0.042558794550104626
86386,0.07675159433389972
86387,0.031504163733139044
86388,0.08607200446896411
86389,0.056375754337293305
86390,0.06950193242774444
86391,0.0192061900121575
86392,0.02721128283286017
86393,0.027144773890216224
86394,0.013411847637874497
86395,0.16322285623693011
86396,0.013544548271882905
86397,0.1248545543120703
86398,0.015054294502823055
86399,0.12740831130570301
86400,0.1775467185414333
86401,0.020164618910838282
86402,0.02767618293591647
86403,0.07552218764453122
86404,0.03223383745007486
86405,0.08278720432864267
86406,0.019333996696467137
86407,0.07159040115206722
86408,0.05178043486980641
86409,0.06509513305496495
86410,0.04487911357552843
86411,0.037049944206824864
86412,0.10139113782631412
86413,0.015059559119809085
86414,0.052036753169438746
86415,0.08690445264247289
86416,0.11791051375297039
86417,0.019873766985282842
86418,0.1511202937059294
86419,0.019854169057082996
86420,0.06615696756619056
86421,0.06641042412184908
86422,0.11364809842148468
86423,0.019194553971019424
86424,0.08878140702744404
86425,0.1195056615353279
86426,0.03703863535954978
86427,0.161229423447572
86428,0.10915807075737383
86429,0.020905804041090534
86430,0.017959675632693024
86431,0.05111478011613075
86432,0.031519133414717265
86433,0.08257610343880985
86434,0.06448770732904655
86435,0.0718326758755669
86436,0.05892902669475809
86437,0.13264745494579452
86438,0.03564243390302071
86439,0.06800342894478413
86440,0.036594985971007465
86441,0.16683498375613548
86442,0.010582711674476934
86443,0.08201172317774591
86444,0.06425628833430065
86445,0.028334280428881056
86446,0.10806837490071647
86447,0.012008245544743118
86448,0.0473291027994598
86449,0.09581587512263354
86450,0.09452395783170364
86451,0.1777596116095182
86452,0.2031906838448569
86453,0.05700381855281304
86454,0.030248412020733643
86455,0.07662234318148284
86456,0.047467639290340397
86457,0.07693384993031228
86458,0.029523946228611674
86459,0.14462845667046606
86460,0.018006520794910285
86461,0.18872881476229875
86462,0.022006521176994732
86463,0.037079785893432235
86464,0.026412528902302893
86465,0.3838034594578187
86466,0.013974493419800012
86467,0.07129024247013596
86468,0.07894373730660674
86469,0.0665068319491994
86470,0.08187837282468434
86471,0.06577324096934359
86472,0.2930875305664599
86473,0.22129063615296923
86474,0.061128360947520985
86475,0.027773158318713853
86476,0.06759354468864545
86477,0.06815082356382622
86478,0.029904496299330677
86479,0.04563764748579047
86480,0.017345213758074796
86481,0.09421702329409927
86482,0.04716021300409122
86483,0.09699101068132036
86484,0.012648785777105839
86485,0.08541275105234744
86486,0.08179534430966766
86487,0.02071367414566115
86488,0.03435344745342392
86489,0.046160027501395175
86490,0.09946658791315863
86491,0.022826504839220964
86492,0.08296087464863693
86493,0.10631070437709987
86494,0.06776583365588676
86495,0.01374943450443651
86496,0.035970112348667746
86497,0.05062740091936908
86498,0.018145804599112567
86499,0.04547739732370686
86500,0.09664327876723568
86501,0.08111110632069828
86502,0.05534923650720987
86503,0.11595931341393288
86504,0.02263626338407103
86505,0.29533334442187764
86506,0.05537517853030638
86507,0.16256247575667068
86508,0.11387483016448094
86509,0.0983112818418469
86510,0.04753948160120965
86511,0.03416174508023331
86512,0.016256949222816165
86513,0.023649324987213474
86514,0.028732300346217744
86515,0.10188705051249483
86516,0.07755440508325405
86517,0.02320817240139566
86518,0.07074752033145455
86519,0.12371038756228711
86520,0.0947215444928027
86521,0.016975610523355153
86522,0.16159388841517647
86523,0.02685636634990959
86524,0.024890517863614396
86525,0.0429331494245892
86526,0.044515750723249585
86527,0.020241164064048432
86528,0.023989008814132004
86529,0.061531634885723954
86530,0.04690482523744631
86531,0.15944739371386724
86532,0.028411610357532875
86533,0.038459274238343326
86534,0.04087729388336753
86535,0.028818274094572254
86536,0.07568546836171854
86537,0.04592433229561532
86538,0.05962850705031291
86539,0.08055975147938607
86540,0.12981596646865984
86541,0.05124034435823126
86542,0.02536177278131122
86543,0.0819273554330799
86544,0.031197296321791516
86545,0.04847644686104348
86546,0.45689097893839264
86547,0.1728857843210297
86548,0.012786674745908964
86549,0.046240972437060546
86550,0.20007498200597354
86551,0.044025827872581115
86552,0.025218436098295296
86553,0.035055025861759244
86554,0.036794483051177204
86555,0.01134257095722761
86556,0.014551439464996364
86557,0.017843948820804447
86558,0.07470381703132695
86559,0.25688789634315823
86560,0.044514537484179446
86561,0.022978892093789054
86562,0.044707578526591116
86563,0.016706934040906427
86564,0.034612715132242323
86565,0.022267396469039535
86566,0.12627479133230626
86567,0.03002926087960911
86568,0.022066366950942013
86569,0.027875915025546965
86570,0.12745819160618915
86571,0.011017770515426083
86572,0.014764274916072339
86573,0.036976788112120844
86574,0.03713423688421512
86575,0.04430700998913678
86576,0.06878359257028235
86577,0.03190494545117303
86578,0.03943251619305343
86579,0.043890594347599565
86580,0.02769018768304866
86581,0.21096558079080668
86582,0.1225964632556577
86583,0.01633706344428756
86584,0.13478427540184423
86585,0.05366852542237956
86586,0.02156131706543684
86587,0.05650885267466157
86588,0.11932589433193808
86589,0.09426543551790274
86590,0.01564302358422116
86591,0.008001326377558498
86592,0.05303351110921667
86593,0.02041223463963109
86594,0.02964037820606821
86595,0.029317804590541643
86596,0.1284889884284821
86597,0.041831645455381095
86598,0.08317363179084863
86599,0.018571751784645464
86600,0.026249580336671557
86601,0.06930533297777826
86602,0.2810150714762292
86603,0.012412842439509457
86604,0.3601172013928371
86605,0.12074448815713344
86606,0.04604796439427114
86607,0.19958074918034158
86608,0.01434922419033724
86609,0.05832797231788862
86610,0.2320840798219409
86611,0.010768264492006
86612,0.05156461239405199
86613,0.06165740934665503
86614,0.1842268883358903
86615,0.07730583677223327
86616,0.1739488360292154
86617,0.20991878300919387
86618,0.052389572132644904
86619,0.07544767142183667
86620,0.06980654664946066
86621,0.11704427198372208
86622,0.3127364748290033
86623,0.015814136875168257
86624,0.02273273037551358
86625,0.15931273201841914
86626,0.029128739240004947
86627,0.0477477778540715
86628,0.2559557988232377
86629,0.021089276078185854
86630,0.09046885224128606
86631,0.11924635503771162
86632,0.0464598338065249
86633,0.03132369774748507
86634,0.07157024863434126
86635,0.13215909936225864
86636,0.08754228159628374
86637,0.023709761641132376
86638,0.014872966672996781
86639,0.05371274557026377
86640,0.00851286140001155
86641,0.03981331601900158
86642,0.9157744119839021
86643,0.024676440081457227
86644,0.01281986196143928
86645,0.025036028185057745
86646,0.009540721711384006
86647,0.08143047870617431
86648,0.08161995424199485
86649,0.04669156124156191
86650,0.18314085594253482
86651,0.07467511536601533
86652,0.04136967185977825
86653,0.07712558166819347
86654,0.15166967364282355
86655,0.07192531388517354
86656,0.010955106336817682
86657,0.02969384103265038
86658,0.049156831255886185
86659,0.04015710240486084
86660,0.06431994006701264
86661,0.02910167230097361
86662,0.09042153850736216
86663,0.0359192327231064
86664,0.009843377903877737
86665,0.03098272995566379
86666,0.03183778413892916
86667,0.06278635521450232
86668,0.05628629287952072
86669,0.11279375617218643
86670,0.090395563428775
86671,0.09145574905143887
86672,0.013489883321971194
86673,0.10271409179039452
86674,0.0410181651849971
86675,0.42711053899932033
86676,0.10207972043649025
86677,0.04784176962562771
86678,0.18909743721814817
86679,0.04105091313372638
86680,0.12290881151428085
86681,0.059287290677404805
86682,0.04247067820356489
86683,0.03084006078696074
86684,0.026656188526174983
86685,0.03424450662820838
86686,0.6511375014704116
86687,0.10822758495394613
86688,0.03220927160130461
86689,0.08511101874884092
86690,0.06891068679907991
86691,0.02833721071526552
86692,0.028704126939485798
86693,0.12599631120997806
86694,0.07992773655941623
86695,0.02454793111370413
86696,0.25091867134682566
86697,0.03959574365947248
86698,0.02810659203441567
86699,0.023815394418194337
86700,0.05663432170868061
86701,0.14389443171597835
86702,0.026788103353062843
86703,0.02503676042210926
86704,0.020499499460302016
86705,0.01832130050667891
86706,0.013725055834429005
86707,0.08464469773104566
86708,0.1357750794216359
86709,0.034258971777663905
86710,0.15829840296446446
86711,0.17924114790216106
86712,0.06153959643312754
86713,0.049373134208673085
86714,0.048999181451136714
86715,0.0268097232102318
86716,0.018925545129587086
86717,0.04814725736532448
86718,0.018470592485649792
86719,0.024512864493234764
86720,0.04359447765132182
86721,0.03321431450604451
86722,0.01719921580108819
86723,0.04990680720399045
86724,0.22753165028544287
86725,0.11969648729236904
86726,0.022879900363811614
86727,0.04410013345132043
86728,0.027084415951098385
86729,0.027803441468362052
86730,0.038063175772865304
86731,0.14090186247815548
86732,0.20512740031037585
86733,0.022205191028979047
86734,0.06114338959268521
86735,0.024503462291601233
86736,0.03399289141634327
86737,0.1367645580731605
86738,0.0694146343819564
86739,0.041808627973382945
86740,0.02548786136812728
86741,0.06063165145984059
86742,0.07628214710305149
86743,0.03191781889701297
86744,0.0134672781637713
86745,0.14809384570437206
86746,0.19723348374907795
86747,0.04719633223635246
86748,0.09334404139222141
86749,0.057297703294284255
86750,0.008543982472652811
86751,0.020887580290789725
86752,0.04614633065611624
86753,0.03394022310624585
86754,0.014276759630596228
86755,0.0372513862530619
86756,0.02320178772676802
86757,0.055850211977389895
86758,0.022420980332952867
86759,0.019301140616683244
86760,0.04479516685779847
86761,0.05338125410473717
86762,0.11946429988015779
86763,0.08301142452596429
86764,0.0411309127005946
86765,0.044869150020816435
86766,0.05952595907728139
86767,0.015061324044276422
86768,0.011462729944246113
86769,0.04403758023386079
86770,0.1293006205837786
86771,0.04061018880625146
86772,0.02125829436274325
86773,0.08731702521213423
86774,0.11087405651588272
86775,0.04240186372725121
86776,0.09911520192590727
86777,0.05291677416070471
86778,0.06260454237716269
86779,0.024210054570102474
86780,0.05161554159390014
86781,0.09110184812921486
86782,0.018362012423112903
86783,0.016501075834878802
86784,0.01251858097721074
86785,0.037234444164819885
86786,0.05980864027753288
86787,0.05001200374857388
86788,0.06708285142763172
86789,0.02719704400295623
86790,0.026714511916290533
86791,0.027048917461357465
86792,0.18924720734622022
86793,0.02678256143799078
86794,0.05868899445607467
86795,0.02774249498485071
86796,0.06778902425627414
86797,0.21952065476729332
86798,0.06318168678724749
86799,0.028332002877098666
86800,0.36299685400460463
86801,0.012996020211553497
86802,0.027803056373960994
86803,0.06813427629311729
86804,0.055580128790975694
86805,0.08425812387541445
86806,0.07168352361637614
86807,0.08569912014084151
86808,0.026380297431735568
86809,0.24873733583409285
86810,0.037071091874387056
86811,0.02652974076088774
86812,0.03644365480692375
86813,0.01751437885452343
86814,0.09190864188935605
86815,0.012490343952778182
86816,0.11551638996222324
86817,0.03979654363770821
86818,0.045264858726154
86819,0.02955820513871882
86820,0.14644284070247895
86821,0.16384009600312816
86822,0.032674500851673484
86823,0.9417704737371523
86824,0.02858901847082999
86825,0.09377262495483352
86826,0.11608986161672397
86827,0.061773030617282655
86828,0.17955372092731045
86829,0.030802042343287726
86830,0.09495474351559653
86831,0.08618826934031448
86832,0.10243495911310842
86833,0.007620806070516014
86834,0.02418417475932051
86835,0.05902865087549916
86836,0.09563905997628264
86837,0.06027849498267347
86838,0.10499347482724088
86839,0.019514154458528808
86840,0.08575264296428867
86841,0.015527471183588316
86842,0.07625639268521536
86843,0.04783546011924107
86844,0.19813225863380324
86845,0.09580566501602603
86846,0.01141724024762654
86847,0.01839249883114579
86848,0.1166910149331358
86849,0.18123724408409156
86850,0.056589278329742504
86851,0.02741405520847199
86852,0.4707298592491994
86853,0.02938976277948082
86854,0.06385397912953333
86855,0.7019130733869288
86856,0.08513736666365761
86857,0.09507810026577017
86858,0.05098700963146815
86859,0.02034101250134359
86860,0.22617294607549815
86861,0.04549377875558367
86862,0.0355933885758359
86863,0.13618564597339342
86864,0.1667042318050081
86865,0.02042547669350521
86866,0.03065974803791578
86867,0.026406223856115928
86868,0.019683136198608564
86869,0.014598887267388661
86870,0.03184377280921834
86871,0.024183637995034084
86872,0.027831251432672066
86873,0.09525068111206741
86874,0.04339381519410945
86875,0.009759794483258588
86876,0.029087204103070884
86877,0.03408680788458512
86878,0.12477247002982468
86879,0.03256508862947445
86880,0.01163143856191684
86881,0.10144986185431962
86882,0.062224999670914286
86883,0.0227517170442503
86884,0.018669956713393058
86885,0.16886577172603928
86886,0.17880515671022743
86887,0.012969353829750391
86888,0.0343455272068645
86889,0.14527566789010726
86890,0.033041572918504604
86891,0.07306582635306645
86892,0.15081475198627806
86893,0.025467430606578325
86894,0.052888887910784915
86895,0.036703571892668305
86896,0.057656646774712786
86897,0.08009449889997936
86898,0.02424818346422889
86899,0.02454086564292078
86900,0.2601747374677058
86901,0.021367049800277354
86902,0.016506602329269423
86903,0.03530450348068482
86904,0.028262531591520985
86905,0.03421904899399193
86906,0.04565607036587853
86907,0.04545623449877106
86908,0.12437137734470033
86909,0.11648399287088143
86910,0.03154981536370388
86911,0.013914120715768433
86912,0.048726669163484865
86913,0.031749789205572046
86914,0.026099676581959313
86915,0.040449650840113635
86916,0.0685335020688404
86917,0.10905425829583446
86918,0.017524455423707692
86919,0.06464667984057255
86920,0.044732440449583334
86921,0.030874972791829883
86922,0.03252268905512733
86923,0.017655006588157537
86924,0.025090906638106182
86925,0.046937422547888095
86926,0.05884576824254703
86927,0.013145088353451947
86928,0.023987510396201575
86929,0.06761149759940693
86930,0.06838027627408214
86931,0.030266692341203265
86932,0.020268164008231525
86933,0.07653429967572702
86934,0.07403286052801601
86935,0.2881080613829783
86936,0.03625758694636602
86937,0.05612784244990652
86938,0.04883673373758339
86939,0.12380153363522811
86940,0.057855583241953404
86941,0.04121570185926182
86942,0.03976275672872698
86943,0.018604381085578575
86944,0.019981302879740065
86945,0.022427496427106973
86946,0.02053980749051499
86947,0.0506035621807412
86948,0.09192428012838379
86949,0.024914999135241818
86950,0.13897309740545863
86951,0.09550395162981647
86952,0.054459468346129435
86953,0.15772136831831335
86954,0.09065687574544253
86955,0.041909039830726316
86956,0.1170606972274297
86957,0.026327190467566514
86958,0.05260868884163669
86959,0.0911788231718503
86960,0.02926546863186218
86961,0.013169535049816298
86962,0.35075946616242937
86963,0.02146127440416597
86964,0.06251105033595022
86965,0.12845987704502893
86966,0.013290983672583252
86967,0.028848829005733472
86968,0.06260127982497596
86969,0.08124561495291541
86970,0.03833273638581316
86971,0.026130225544080496
86972,0.030695642415083713
86973,0.0627507089280224
86974,0.03142372126710556
86975,0.022586889497538006
86976,0.012167887799918736
86977,0.023671625027737238
86978,0.023528419969970606
86979,0.03047263750082027
86980,0.05176651363164592
86981,0.06200133031997934
86982,0.08665075353875087
86983,0.02605016921168893
86984,0.10770292098993658
86985,0.05454228807161797
86986,0.03105293702358459
86987,0.014900307733039441
86988,0.011997911400118095
86989,0.01551773141909682
86990,0.022152321768846694
86991,0.09949477528815756
86992,0.03272421908408683
86993,0.08174656854308113
86994,0.07985636861307036
86995,0.025498104222319497
86996,0.12964078793933606
86997,0.02546454843636025
86998,0.0662561794889528
86999,0.07663774618823616
87000,0.050578147147207514
87001,0.041529297573178
87002,0.031106415630561827
87003,0.042020462330436575
87004,0.02517735938017331
87005,0.0904318189483695
87006,0.08491561195881862
87007,0.03225486657850654
87008,0.014495036521247224
87009,0.03183969461462576
87010,0.050431163054685604
87011,0.045646264957690766
87012,0.07379609699720095
87013,0.08532974255997995
87014,0.3109351410446766
87015,0.02327395014645596
87016,0.019365965624418918
87017,0.07271257059864411
87018,0.01690433903554197
87019,0.09382641734787722
87020,0.04975559684973987
87021,0.09308534836452267
87022,0.07838752717702997
87023,0.05490467816725481
87024,0.046427454015287445
87025,0.09856698642352912
87026,0.06441828901337124
87027,0.0296576548371848
87028,0.02942469726366679
87029,0.0373871566787154
87030,0.09293785429878716
87031,0.0541258613765277
87032,0.01003547598512343
87033,0.02829043659377007
87034,0.05670976759097442
87035,0.02852369446250184
87036,0.01274073492382196
87037,0.013759520249880367
87038,0.028497829705271566
87039,0.0638409635096277
87040,0.05434279200640159
87041,0.009239959947391126
87042,0.026997706674715193
87043,0.014159479651315799
87044,0.011570802860266119
87045,0.09474907977711441
87046,0.07475043759560701
87047,0.04824833213958569
87048,0.09934415291385466
87049,0.13286586585134214
87050,0.08435702993711237
87051,0.014922291314255723
87052,0.16300070178953108
87053,0.018141255863260423
87054,0.03582069678781241
87055,0.02129153984344155
87056,0.025730798492980534
87057,0.11579462747005494
87058,0.03106140685307521
87059,0.1149602660880844
87060,0.1021031708358432
87061,0.019835050084304674
87062,0.034605217866543546
87063,0.05397614616149764
87064,0.007866054214883657
87065,0.029943561593380102
87066,0.37286894951595523
87067,0.07495066087383667
87068,0.08081921214213626
87069,0.1278146918389478
87070,0.015301409823459552
87071,0.023618530819944604
87072,0.030873807839736075
87073,0.05008144011171822
87074,0.034750021485311464
87075,0.01741942335594992
87076,0.03762019471134727
87077,0.3136633541577507
87078,0.07836705317002118
87079,0.03061119389903995
87080,0.034933710536413934
87081,0.027667757995855094
87082,0.013712698142170972
87083,0.02467991709588306
87084,0.02936524998941486
87085,0.1195342851890839
87086,0.025874917381794857
87087,0.058377001995080745
87088,0.030944306518709427
87089,0.069415404043488
87090,0.11773105086485103
87091,0.016929817107747224
87092,0.062486385199236855
87093,0.07479201508589822
87094,0.13307726249302756
87095,0.014944574575514041
87096,0.02588120796579283
87097,0.022139678325252217
87098,0.07309145649617745
87099,0.052348473843476115
87100,0.03842086193496659
87101,0.07861501836084075
87102,0.0210540519826204
87103,0.037101246204420235
87104,0.3017243274756456
87105,0.04384629114579639
87106,0.034065564524086045
87107,0.03842005512016676
87108,0.014089087079154483
87109,0.10664656485329982
87110,0.04663889902103904
87111,0.021632285775427588
87112,0.218111634404208
87113,0.06679020580094508
87114,0.06673720060250087
87115,0.05606378265681508
87116,0.03956197075245543
87117,0.11281435671361535
87118,0.20105666368008768
87119,0.02086126605507231
87120,0.18781419261001323
87121,0.02428630336111506
87122,0.4452825117702558
87123,0.307869991475611
87124,0.0911579275264234
87125,0.038058493195370295
87126,0.09310127496756623
87127,0.1095465307988603
87128,0.0851553597658843
87129,0.04565911300661374
87130,0.15779504992449053
87131,0.03388658809166483
87132,0.04406953540067928
87133,0.03726116184756136
87134,0.026105739725687627
87135,0.08383648996754152
87136,0.19931259511137503
87137,0.08551087819330282
87138,0.12413853380890913
87139,0.04516493986405189
87140,0.13209718935738596
87141,0.015007282647057994
87142,0.07086037308898953
87143,0.10369006935168706
87144,0.03366622136105468
87145,0.03946454411137461
87146,0.015412833800227108
87147,0.09116137633045784
87148,0.15738351678307705
87149,0.06490106760869861
87150,0.1187680021914925
87151,0.04477036381648578
87152,0.0542835930807561
87153,0.1353269264354609
87154,0.02566405917434158
87155,0.045464473264615016
87156,0.051479268630786224
87157,0.040978949720689016
87158,0.010777877012013005
87159,0.010427195291238252
87160,0.09489890114577929
87161,0.11356868232086537
87162,0.035673280945513426
87163,0.12017630919341277
87164,0.10731153416692972
87165,0.02997750120255961
87166,0.04379473738751542
87167,0.046379801132986676
87168,0.3083372361930714
87169,0.033396550456725266
87170,0.012503276633036669
87171,0.13585600595619252
87172,0.03637420622882269
87173,0.07092898281670103
87174,0.023984315617589402
87175,0.10035537418602619
87176,0.03044306045914694
87177,0.040685343383908217
87178,0.07444847237293703
87179,0.29368759830385754
87180,0.056808546661220066
87181,0.034027303056946845
87182,0.05326680196241272
87183,0.04820286480062999
87184,0.03224036978188201
87185,0.0851342926971766
87186,0.10590628962779966
87187,0.05064759451648852
87188,0.013881231008698236
87189,0.0739012815626347
87190,0.10947786969603956
87191,0.019979772892106642
87192,0.10368882228190393
87193,0.02592640193304889
87194,0.015676497135015406
87195,0.07669386320873449
87196,0.042968764722743455
87197,0.022739939743817182
87198,0.049527536493583726
87199,0.05059416013227794
87200,0.024572936231899295
87201,0.008647917103065051
87202,0.01295422724484517
87203,0.053651634863087605
87204,0.03631902307258758
87205,0.12903372616588724
87206,0.07088903094593776
87207,0.015969258327026725
87208,0.08623943525289848
87209,0.03281549071194288
87210,0.019275249425066372
87211,0.06931027072362318
87212,0.013521454745675466
87213,0.010843874257061202
87214,0.17444621080799305
87215,0.01759410313833064
87216,0.051963833285655285
87217,0.17292146601701316
87218,0.07959388423209995
87219,0.07006835830913458
87220,0.015096727482839814
87221,0.20076429330166526
87222,0.04995363788756771
87223,0.09237068569108946
87224,0.09797890275550813
87225,0.014131767413949513
87226,0.07018157530056872
87227,0.0810707819993882
87228,0.014247134143640972
87229,0.06460943774225356
87230,0.2755207176682881
87231,0.21382387562266153
87232,0.03178353281629725
87233,0.07491383315924013
87234,0.11348730623131356
87235,0.12731201037618134
87236,0.08339033028792489
87237,0.06775882400754873
87238,0.05060564000107746
87239,0.04223026109759352
87240,0.17458804254063323
87241,0.03181078493746637
87242,0.22001499195351415
87243,0.02926077720658192
87244,0.021014980197142676
87245,0.02189043848252478
87246,0.21399294442980832
87247,0.10154593914650864
87248,0.06176666060745036
87249,0.01596843036039507
87250,0.01438854475551928
87251,0.034934917162390514
87252,0.17773666813131425
87253,0.05215032918981882
87254,0.019251954804916142
87255,0.015441321022473708
87256,0.01307526702487705
87257,0.1960902050693037
87258,0.04816708616921902
87259,0.07382185298018623
87260,0.08253775126999535
87261,0.10244120854468591
87262,0.16375214593919857
87263,0.011802224094436696
87264,0.04052996517568751
87265,0.02509449743640111
87266,0.046430745733883026
87267,0.049348844323044934
87268,0.10723275416991468
87269,0.10887660646009653
87270,0.01441943445756632
87271,0.0170274264050837
87272,0.026854364356190492
87273,0.013830991349129377
87274,0.05121571792983161
87275,0.03262966414347537
87276,0.12609867794304766
87277,0.019625565165635128
87278,0.0655328817119664
87279,0.02187863383902619
87280,0.014334080553508174
87281,0.019310947054695483
87282,0.05381830994283905
87283,0.01315825324042682
87284,0.08845024735326246
87285,0.045413237241821995
87286,0.029107200537851634
87287,0.013536452737587166
87288,0.11161419147573068
87289,0.05134483201293742
87290,0.02162526879392246
87291,0.2348747120962152
87292,0.028493897918797202
87293,0.05546374707869075
87294,0.38318881269863314
87295,0.016552809221071364
87296,0.17199136214933133
87297,0.08675256376119068
87298,0.09302605205857208
87299,0.13873609461942216
87300,0.13571930994380305
87301,0.012499924656554001
87302,0.03490595557528278
87303,0.07740252339231272
87304,0.34185321167606175
87305,0.02603251964050883
87306,0.03349052134591947
87307,0.02428325963372566
87308,0.03339608306190229
87309,0.05842508401092864
87310,0.02758506397577842
87311,0.04785987839811441
87312,0.08983952477985624
87313,0.021000828766272343
87314,0.09380018472649794
87315,0.012479815003884896
87316,0.024168349765806414
87317,0.04334042341468601
87318,0.08586174911881614
87319,0.09505519116573334
87320,0.2620845239253339
87321,0.01867846262182731
87322,0.02451162581733383
87323,0.04146882003881254
87324,0.051998605376176614
87325,0.0904385745897118
87326,0.04588999951700015
87327,0.03286697771617131
87328,0.010750114226767998
87329,0.07275496426537609
87330,0.05045448903120825
87331,0.03653688666159608
87332,0.03296871044879744
87333,0.024887522958109295
87334,0.15974943216521298
87335,0.030095487177077863
87336,0.08517301547397158
87337,0.24746327749142139
87338,0.14616536276687322
87339,0.26196487499283827
87340,0.2517491141558892
87341,0.01628950691869443
87342,0.0272158263873344
87343,0.16135907082682527
87344,0.049482510866914436
87345,0.047084876843848114
87346,0.024607885222395286
87347,0.061080758872644886
87348,0.1175960297705388
87349,0.15012533917948537
87350,0.04019845974220688
87351,0.0255553817300836
87352,0.07024741566693937
87353,0.06669426204159959
87354,0.10330256201431234
87355,0.01368888033083069
87356,0.05924203816891388
87357,0.04236800393460922
87358,0.01512870716848648
87359,0.03130636662244002
87360,0.04618258386598384
87361,0.0776300332285864
87362,0.06462674680250319
87363,0.01496551815649965
87364,0.032450820566608675
87365,0.013726344763426072
87366,0.04458078939010172
87367,0.03559743752261419
87368,0.043085355968282675
87369,0.0483063373224112
87370,0.14860278862303505
87371,0.2559895920462083
87372,0.03638198143603099
87373,0.03580920797033727
87374,0.04015925147416962
87375,0.04136057297306185
87376,0.020988087686152113
87377,0.011903817005118129
87378,0.05323604034981826
87379,0.021882995363449342
87380,0.025363890533015847
87381,0.037678643702199144
87382,0.06444647060347447
87383,0.3131930806696188
87384,0.024796571510547767
87385,0.040419771597020926
87386,0.023241191527650404
87387,0.1361996209203331
87388,0.0299113279749685
87389,0.03683360347064687
87390,0.01567663397996747
87391,0.07362817089104394
87392,0.05295988382488408
87393,0.03142085750926401
87394,0.06055107753124192
87395,0.20266251438865648
87396,0.056630535750869626
87397,0.06102146803239087
87398,0.02275380554887827
87399,0.03042337290981701
87400,0.023890828925170436
87401,0.05371285538014931
87402,0.0543662989277179
87403,0.017673672865735807
87404,0.013133367748086154
87405,0.18929686789702915
87406,0.02494405631113311
87407,0.030083992756011868
87408,0.06170954761992291
87409,0.08914843117602632
87410,0.13917923343446365
87411,0.09461048782973693
87412,0.018737292623097566
87413,0.07289583076474715
87414,0.017537997354861952
87415,0.03454632645933135
87416,0.04038273758643421
87417,0.07792818441431087
87418,0.02942977302479799
87419,0.039048812926073664
87420,0.01889564108600443
87421,0.015040827540445523
87422,0.029979303301979232
87423,0.2724098096256793
87424,0.1640196909315368
87425,0.010567171393772917
87426,0.015621079556395077
87427,0.060194837356086994
87428,0.013433631583594969
87429,0.04923563108158446
87430,0.08199443983689753
87431,0.018195270415547533
87432,0.04934233480365412
87433,0.02266729199776162
87434,0.07320483010454167
87435,0.0352971920142893
87436,0.0763886372879046
87437,0.03249726070279721
87438,0.02751632131258208
87439,0.013370789942912659
87440,0.06239646570722568
87441,0.02475848833001844
87442,0.10130068163785215
87443,0.0292706702791523
87444,0.023028534934515413
87445,0.41865583950395857
87446,0.019817138576475945
87447,0.09024478074592979
87448,0.03565258036672088
87449,0.025384751097373842
87450,0.02502577956936121
87451,0.02320382905146849
87452,0.08096073039706683
87453,0.06867596534598107
87454,0.08409340383115824
87455,0.10461765486220688
87456,0.04221559171851335
87457,0.038196946740575485
87458,0.054214418615390794
87459,0.016769127611677356
87460,0.03210082872132105
87461,0.08673730809888841
87462,0.027118027380785885
87463,0.03452415895791992
87464,0.028131490497651207
87465,0.24971558978605718
87466,0.09495493623671786
87467,0.07341056921393495
87468,0.027625036089068446
87469,0.02753772246605148
87470,0.028247547274445842
87471,0.047485365151355936
87472,0.07245567758259684
87473,0.053577653742596015
87474,0.052816593017213254
87475,0.07808513903624001
87476,0.013476958450496134
87477,0.04460016707793681
87478,0.11373885702548661
87479,0.018731028526099765
87480,0.11653799585566696
87481,0.06249505283471279
87482,0.02329930125305523
87483,0.020214690509517557
87484,0.08814354849799451
87485,0.05075429992799773
87486,0.0356846961406278
87487,0.044823810376963494
87488,0.037218854180268914
87489,0.12641402042231875
87490,0.01877312677895138
87491,0.24100440812011417
87492,0.05550533448528939
87493,0.21117937554319077
87494,0.7491504450498022
87495,0.022363414450014364
87496,0.07083517909447704
87497,0.015441929264423544
87498,0.04744853332321188
87499,0.0326716713184059
87500,0.10188858691371246
87501,0.04412239873483333
87502,0.06498909410332782
87503,0.08039668035939397
87504,0.04480669188248722
87505,0.19736014958937242
87506,0.04490567793921151
87507,0.1820457890374271
87508,0.01997950665819518
87509,0.047582965309563865
87510,0.024851307174131226
87511,0.03710940045338572
87512,0.0719922121759119
87513,0.05155254922097231
87514,0.04780718203642244
87515,0.016916351695295952
87516,0.09697428396558987
87517,0.010966218221088665
87518,0.11135190489069761
87519,0.061748707620318755
87520,0.024208786187023462
87521,0.035550838049900814
87522,0.05728836149725784
87523,0.012967508912390424
87524,0.03075889432056522
87525,0.07574580064285097
87526,0.1434054046052134
87527,0.02845396952364168
87528,0.062388891561814014
87529,0.036786692721886324
87530,0.07200441979607151
87531,0.017100828139827957
87532,0.03157285758816141
87533,0.021178636839544282
87534,0.01840803584370898
87535,0.08174198803122806
87536,0.019274773944219094
87537,0.05796932976364664
87538,0.23288273953245953
87539,0.01859743473147723
87540,0.18975407826283172
87541,0.02692070284857364
87542,0.05372590691286373
87543,0.10866377716155196
87544,0.1942168634920962
87545,0.052066120613233846
87546,0.08839779173473317
87547,0.018591781729701894
87548,0.026862004699854003
87549,0.024759357274558393
87550,0.04261917730550471
87551,0.14608123367593975
87552,0.021151669173466045
87553,0.024921099618599563
87554,0.050709740948897956
87555,0.03573693693514092
87556,0.13315972875468063
87557,0.018820342746012096
87558,0.03919088263740638
87559,0.07327583184822188
87560,0.024939678993180336
87561,0.03426058384916199
87562,0.31451456425154584
87563,0.19814593162584096
87564,0.07413026414682225
87565,0.07260470678243511
87566,0.12040432627462792
87567,0.1074657518521949
87568,0.01486371461546887
87569,0.517904281863088
87570,0.06301599081001845
87571,0.02854527894059951
87572,0.041006721848818026
87573,0.04290035398748723
87574,0.03981117433417883
87575,0.0091950472748979
87576,0.03389697121213776
87577,0.1286559502680683
87578,0.1468738880356408
87579,0.04746233651293161
87580,0.1910134477647709
87581,0.019863516628127426
87582,0.07933403208378491
87583,0.0375312984786752
87584,0.04263352198622064
87585,0.0407801010928608
87586,0.008238652977089039
87587,0.07398680761176529
87588,0.08231412968821837
87589,0.18154980006131133
87590,0.03730776321355371
87591,0.10366000514037205
87592,0.031404301700820154
87593,0.0849819976488765
87594,0.029815526029304366
87595,0.07810620622570764
87596,0.062466353540068346
87597,0.08541209217085893
87598,0.07416569449086191
87599,0.03152669618981234
87600,0.026943528679158158
87601,0.20412582311712388
87602,0.02203646390775762
87603,0.01842364346660256
87604,0.06124957287706159
87605,0.0952402846878835
87606,0.03009628851134493
87607,0.11568427494831562
87608,0.037872389286294356
87609,0.08716336039646787
87610,0.02786466308029157
87611,0.031633465923988864
87612,0.11475910255165969
87613,0.4717805829395525
87614,0.0910712220694363
87615,0.0554094936732672
87616,0.08824012140416287
87617,0.07883232988076118
87618,0.10086433375063203
87619,0.01129496401847827
87620,0.03087498818703447
87621,0.021271309699034784
87622,0.05391636297229379
87623,0.09366251069131429
87624,0.06005586129653062
87625,0.02384347132511712
87626,0.026082874109202417
87627,0.06724872431313073
87628,0.07670010855762449
87629,0.050304679940869026
87630,0.04246823183236624
87631,0.3163009902816042
87632,0.02711838163686969
87633,0.026109532248320293
87634,0.05902042173391857
87635,0.19553186089145402
87636,0.01458392430113178
87637,0.02784436722803052
87638,0.033074772855882256
87639,0.03401433150739054
87640,0.010369187632465488
87641,0.08017676497182391
87642,0.035218452913494694
87643,0.06152338777932271
87644,0.04097136265522296
87645,0.02018528568675417
87646,0.06207708764881519
87647,0.10132932617812793
87648,0.11488960731707332
87649,0.17784973061250645
87650,0.03843494677089916
87651,0.11363244065862495
87652,0.06810507087234147
87653,0.030000764988228356
87654,0.1477993675494586
87655,0.08386576824526158
87656,0.05262174928527008
87657,0.014369070347878056
87658,0.08272540870394028
87659,0.023468453324097874
87660,0.04981972744755822
87661,0.01107538542712596
87662,0.04931928555997407
87663,0.05534165176563351
87664,0.11922501603910893
87665,0.0312687029822125
87666,0.0437073377785021
87667,0.038035776761409734
87668,0.028118191757054864
87669,0.02121354968072977
87670,0.02303875921045218
87671,0.027517254420497503
87672,0.021323862819158833
87673,0.04068569366200276
87674,0.10371440248867511
87675,0.007977648962838781
87676,0.048794477612448574
87677,0.035116189558021
87678,0.03341812424355377
87679,0.012012771216801435
87680,0.0196546209829574
87681,0.03396591323561317
87682,0.042361364973508314
87683,0.05291692990461787
87684,0.03966794162633796
87685,0.02497498693600613
87686,0.06806263360332664
87687,0.10155646484329318
87688,0.09363804364042297
87689,0.0373746767822554
87690,0.06919914371056637
87691,0.03674037356824719
87692,0.01608608044223242
87693,0.011527258187067563
87694,0.5248002761073632
87695,0.3806408821134998
87696,0.08094231998249271
87697,0.06394194725984478
87698,0.06762290836822332
87699,0.056839516441640626
87700,0.08738206125733658
87701,0.015222071357575886
87702,0.04606932111151618
87703,0.027018619454103495
87704,0.020509910384570673
87705,0.046774083052523716
87706,0.031687652281930295
87707,0.019706281150570028
87708,0.05166575306109051
87709,0.031433696530370196
87710,0.025276045417950425
87711,0.0450308918062719
87712,0.06357641243453022
87713,0.031038288399124706
87714,0.037321908257377856
87715,0.01463223275333095
87716,0.011910722036524594
87717,0.030532669658715483
87718,0.03103523074584744
87719,0.05949614833514627
87720,0.05321410818031111
87721,0.16129018714832039
87722,0.04820395194908267
87723,0.1011861745903946
87724,0.04981724620666803
87725,0.2009480184896971
87726,0.0158287657452341
87727,0.034157829285123155
87728,0.02968307502476883
87729,0.0636672947052533
87730,0.03228539771412443
87731,0.009447252366074858
87732,0.0325367218336004
87733,0.0845991459560972
87734,0.04187415458134566
87735,0.10062313385959172
87736,0.017341853082057303
87737,0.11007153733278155
87738,0.02294528443677207
87739,0.01682208120237873
87740,0.04051990354941225
87741,0.024252116528160842
87742,0.03594413736963873
87743,0.013223361713799824
87744,0.01607776283669421
87745,0.012864104048041804
87746,0.044864652882589506
87747,0.03539944800842733
87748,0.02258715594148733
87749,0.17963614931418512
87750,0.08956250218556558
87751,0.009912712241307185
87752,0.2026338805974338
87753,0.06987881505741625
87754,0.02105831282715002
87755,0.025407403319273787
87756,0.06221151870436524
87757,0.038607245334347035
87758,0.07048643679930157
87759,0.021679503635711465
87760,0.030101387654121636
87761,0.044105583108675524
87762,0.10310381082967772
87763,0.020469103024089948
87764,0.14307901909997164
87765,0.11316191092328282
87766,0.015742507840617155
87767,0.013130022424962024
87768,0.03912149528284978
87769,0.1806150340971992
87770,0.019206189470175966
87771,0.03061774652755491
87772,0.1850867061806566
87773,0.04680967663017642
87774,0.08602303927411696
87775,0.033829532401918064
87776,0.04015208660361139
87777,0.07553412610660402
87778,0.06455981713061956
87779,0.03419045480312345
87780,0.04476308832103757
87781,0.026839281776016126
87782,0.03188513126971266
87783,0.01918099896137301
87784,0.04980887867567858
87785,0.03557399990621282
87786,0.021740157026297693
87787,0.0444805352690407
87788,0.020334755070641388
87789,0.07615735047381612
87790,0.0661600334422896
87791,0.04235273363339016
87792,0.012206206532253697
87793,0.16765785553432044
87794,0.06308191186593871
87795,0.10486444433145087
87796,0.3381289687435117
87797,0.030614279005135952
87798,0.02296992972467002
87799,0.05244323330921262
87800,0.04223784048080632
87801,0.02167823812742752
87802,0.013702703977395064
87803,0.03709240563903887
87804,0.094433436370098
87805,0.10979747705325582
87806,0.020213097189906055
87807,0.19062077313148637
87808,0.05331567982266311
87809,0.23405013638618508
87810,0.05157531765297179
87811,0.017544497216352054
87812,0.03777836789024433
87813,0.058681018978439685
87814,0.05973867617212935
87815,0.1676736997909772
87816,0.0853281650237666
87817,0.04475829507758734
87818,0.16445642471779276
87819,0.012239692983205106
87820,0.017144506822844838
87821,0.07362382166619476
87822,0.042728304906122026
87823,0.08050207785849695
87824,0.023960357199629953
87825,0.015869805160119273
87826,0.027808117665312503
87827,0.23778548765708224
87828,0.025741536623506426
87829,0.035762480991537046
87830,0.013052106245310622
87831,0.03271730084979907
87832,0.04578746575628138
87833,0.06158470948194092
87834,0.033361099565645896
87835,0.04125226286952307
87836,0.04260534836678402
87837,0.049130936454029814
87838,0.017126216891928465
87839,0.097186001933221
87840,0.05143275703407785
87841,0.13884194982461437
87842,0.1514550264517476
87843,0.14163430416251788
87844,0.10484958453019783
87845,0.06269535564134651
87846,0.04548463233605906
87847,0.011361084907146681
87848,0.05404659333005036
87849,0.020626027169752828
87850,0.03667228266578937
87851,0.048268287237298195
87852,0.044497931529621615
87853,0.02557908508667214
87854,0.011992113269588473
87855,0.021000929839112743
87856,0.05948619200632199
87857,0.022558407423349445
87858,0.055385530607403866
87859,0.07699615421320144
87860,0.011740403839511878
87861,0.023406371676157174
87862,0.01756851419212025
87863,0.06744864309139223
87864,0.014731825333129465
87865,0.025554943871540406
87866,0.11628950640980712
87867,0.05392277599069112
87868,0.09432499894823959
87869,0.04096082038565641
87870,0.042683396397992075
87871,0.03676375202396406
87872,0.025101057433362016
87873,0.04439443400128659
87874,0.01917034157163164
87875,0.037942962141630544
87876,0.05798059965747368
87877,0.17488014741574584
87878,0.09658572149168598
87879,0.06009107926284381
87880,0.03115111293999923
87881,0.06128118905279824
87882,0.13196875551598183
87883,0.022081244128246788
87884,0.04377427055902386
87885,0.03779345325737143
87886,0.035954082822688326
87887,0.06611911104215562
87888,0.2733350199762854
87889,0.09245508580899947
87890,0.04618464964379018
87891,0.028275939770687798
87892,0.019585696729468433
87893,0.02735981320828055
87894,0.044428584384822854
87895,0.02812569785634657
87896,0.2327446536669271
87897,0.20089004552277295
87898,0.14619759761929516
87899,0.07408548883575763
87900,0.06929717943236859
87901,0.05768457843000238
87902,0.018007377937073868
87903,0.0233387505739867
87904,0.02611352526242334
87905,0.05712860480800684
87906,0.02371802617991567
87907,0.042895477541170526
87908,0.060727906259465815
87909,0.07239933764332052
87910,0.07120191937539062
87911,0.05567801754449621
87912,0.13792809269665535
87913,0.014616304069312197
87914,0.050343575492211884
87915,0.020994690260689515
87916,0.05281658191138623
87917,0.04562675732650553
87918,0.021881394591491906
87919,0.016671021764297148
87920,0.035347615574487096
87921,0.05915672004354822
87922,0.01847779457827939
87923,0.019869971046592185
87924,0.03061484616459202
87925,0.0905938487715034
87926,0.13441233270263586
87927,0.029750414615513802
87928,0.03342784309609677
87929,0.01798546048824517
87930,0.05268627859587424
87931,0.04826378701954863
87932,0.015868077351659973
87933,0.02302977375443641
87934,0.2508236533718667
87935,0.08216303361272642
87936,0.17593341369118334
87937,0.1102107670987186
87938,0.012907177064610805
87939,0.043951573130911914
87940,0.040351711351004196
87941,0.13200820491615586
87942,0.010124180695582585
87943,0.06865160260213299
87944,0.09356622033449445
87945,0.024961013312643474
87946,0.1071410163154032
87947,0.2867620839916413
87948,0.018065104422435585
87949,0.045479367654998444
87950,0.042582075777238416
87951,0.03519268504568544
87952,0.07704068480208477
87953,0.03071013818665792
87954,0.07026691087106629
87955,0.009190377513675766
87956,0.020631521876517213
87957,0.05653074231513361
87958,0.017327868835406303
87959,0.01006892781217547
87960,0.11668681972272565
87961,0.02357270585434533
87962,0.03078024016742305
87963,0.04656739062784485
87964,0.03797192426604818
87965,0.023239849907278266
87966,0.0248027903629913
87967,0.062136461950694805
87968,0.03151711196116766
87969,0.028870225303980698
87970,0.037697509733572256
87971,0.03310019633750462
87972,0.11506586581665787
87973,0.05465940890217033
87974,0.051267512951475615
87975,0.10065652559186494
87976,0.009595201638682457
87977,0.024725249165519325
87978,0.0268770218806891
87979,0.05576058529564279
87980,0.056362279715666645
87981,0.017983844172753505
87982,0.11264614888169679
87983,0.15463689701103056
87984,0.015416046574178905
87985,0.05264630524434086
87986,0.04840932575813181
87987,0.014006188865818715
87988,0.01247361519114035
87989,0.09702044823378494
87990,0.02835459774002176
87991,0.04122398092147943
87992,0.21538506878797678
87993,0.1248094075855396
87994,0.019576424006235684
87995,0.02515642201035954
87996,0.032639091673966406
87997,0.14390198600430024
87998,0.057939858163370446
87999,0.09991542691005578
88000,0.12702609761226552
88001,0.026864553985168207
88002,0.044725297923794524
88003,0.06281977623729837
88004,0.10404501266359402
88005,0.16015846919002003
88006,0.07224080937031394
88007,0.033000344969729895
88008,0.17724594010455194
88009,0.029465451243003798
88010,0.02759785421310683
88011,0.0970386038210506
88012,0.03191964221348833
88013,0.048984918492860935
88014,0.028111276964671597
88015,0.008096954688006131
88016,0.04451054550213629
88017,0.03366261809514063
88018,0.05612046662306958
88019,0.026300360368993712
88020,0.15663885972963443
88021,0.30546925657828244
88022,0.11077638132252096
88023,0.14981716307100512
88024,0.07841268821326766
88025,0.05345084554725492
88026,0.05095647449686268
88027,0.15812001650644364
88028,0.011143958048026526
88029,0.03187782309888803
88030,0.046633222168281606
88031,0.036823607225851956
88032,0.04781953429070272
88033,0.12847256104476537
88034,0.01687944658426982
88035,0.016637843876788693
88036,0.01647534537259733
88037,0.05898865525644695
88038,0.02292801965767433
88039,0.2879711087112212
88040,0.09073688405498834
88041,0.014113600746511828
88042,0.018975101294247343
88043,0.02045800781577164
88044,0.046384530654844686
88045,0.04501458299462846
88046,0.05103178335750544
88047,0.019746422182615297
88048,0.033416924910115955
88049,0.030717586228831674
88050,0.02104795557149918
88051,0.012107296206173705
88052,0.07016452960220923
88053,0.021109005368859676
88054,0.011918097267802122
88055,0.042986741262335953
88056,0.032308149738297584
88057,0.00855876619729543
88058,0.01816135240940734
88059,0.05715006459187511
88060,0.02748360641246005
88061,0.16449344834317547
88062,0.04674948926107775
88063,0.03973379816184192
88064,0.013617962739701263
88065,0.23593276897723814
88066,0.061106172376486516
88067,0.08982328553188476
88068,0.027843381260480776
88069,0.040585351558126675
88070,0.06988786584400536
88071,0.028340582717474277
88072,0.025196227502618476
88073,0.04782533342242031
88074,0.06850799920036758
88075,0.08634598861377442
88076,0.18094282926675792
88077,0.013933605315555295
88078,0.08021072286896529
88079,0.017289361458475986
88080,0.07642522511487412
88081,0.014409788523212643
88082,0.01389064137380073
88083,0.06832604149757633
88084,0.008217724834805285
88085,0.11236229009325076
88086,0.03372145437593217
88087,0.01082774343939217
88088,0.032929459998482694
88089,0.1229286901318417
88090,0.03671442590149265
88091,0.05262959518620523
88092,0.030041295293745714
88093,0.034976555705675746
88094,0.015195248217350745
88095,0.03720263075821332
88096,0.018756344592109613
88097,0.07642748802257902
88098,0.03892361511327913
88099,0.2007798347224135
88100,0.025621746429646527
88101,0.17194964638937144
88102,0.04115617916228881
88103,0.05701455544509834
88104,0.04814356915083823
88105,0.056642898558441346
88106,0.2443528109112479
88107,0.055329187785554554
88108,0.11009350160476218
88109,0.015392885181742047
88110,0.035360048701649154
88111,0.06715629760545769
88112,0.018010641701806912
88113,0.03705599485500905
88114,0.04355625692204049
88115,0.06239879196750023
88116,0.008706381239978711
88117,0.05380910821610044
88118,0.03832597784456983
88119,0.05023672583385289
88120,0.04042642391076669
88121,0.16232042673536384
88122,0.07388170885507148
88123,0.03269149111226337
88124,0.0380941798714433
88125,0.0930128039505157
88126,0.014839032146117615
88127,0.04184679616117848
88128,0.051982553711974334
88129,0.014098742614135204
88130,0.01860908119906593
88131,0.027575401561042177
88132,0.04119731997501915
88133,0.033297840752683786
88134,0.12580314443768645
88135,0.048008791206611855
88136,0.023060398981778158
88137,0.014718978908426692
88138,0.05735434364247032
88139,0.21146380153770594
88140,0.06094556955523596
88141,0.15632368700827362
88142,0.08497789379821576
88143,0.24062179494532082
88144,0.019420760392049742
88145,0.22206277521360296
88146,0.04758759325137794
88147,0.08784794680683547
88148,0.030794853608974153
88149,0.007183188576362127
88150,0.09351831222151916
88151,0.10008211441167425
88152,0.10716595251979519
88153,0.05798691578131092
88154,0.1588391110975305
88155,0.04856211952884218
88156,0.141892036595183
88157,0.034755531871487416
88158,0.023483921667623888
88159,0.028308252363223062
88160,0.08017187916449045
88161,0.09172615826193106
88162,0.0235447967683063
88163,0.035855402556286615
88164,0.09498072975164659
88165,0.028334047457166663
88166,0.06158824177821404
88167,0.05493687777165772
88168,0.03649056959778615
88169,0.10925694751733439
88170,0.07223899107997878
88171,0.08931585695925838
88172,0.03883625470311573
88173,0.07977117591204694
88174,0.13561579058190293
88175,0.03362782884147046
88176,0.08251933827425423
88177,0.0501670207611453
88178,0.04596287441053367
88179,0.03414441890808717
88180,0.04971311265702959
88181,0.034761937505474544
88182,0.10218203042626042
88183,0.023806412169826287
88184,0.10910900993472172
88185,0.07879175643795502
88186,0.01692180902093315
88187,0.06948593487949985
88188,0.029588251106461894
88189,0.029297571789668676
88190,0.022575321992194006
88191,0.39531870438579925
88192,0.02003379833091616
88193,0.04959422834037964
88194,0.12116298629691209
88195,0.05456342966760057
88196,0.024149870240079793
88197,0.0345945216884635
88198,0.036003234592252645
88199,0.018684518100930816
88200,0.014034387434972612
88201,0.05784737988111806
88202,0.04783168664559687
88203,0.08673211444568053
88204,0.02035295812833028
88205,0.10154333049493189
88206,0.10545138535815206
88207,0.041724231830317295
88208,0.07043177987149865
88209,0.037384990197587446
88210,0.03319105976892108
88211,0.017984567850668633
88212,0.023716864096148885
88213,0.035269734940697864
88214,0.04069706726378662
88215,0.014711043908113182
88216,0.031737277051531024
88217,0.018378148176999516
88218,0.16180357005675644
88219,0.020198391684897402
88220,0.041284945538165155
88221,0.03370199304507609
88222,0.026132248552590717
88223,0.020774767759497072
88224,0.034705392751843235
88225,0.026055100343426205
88226,0.05391025008011808
88227,0.09171316250473005
88228,0.016522711110428533
88229,0.03155327779884254
88230,0.25020169908928946
88231,0.0759350070442111
88232,0.08783896271540717
88233,0.019813313327498944
88234,0.11027191023121435
88235,0.0542642140200795
88236,0.039749831350708226
88237,0.02638467815569741
88238,0.018659013035909833
88239,0.0321593254274476
88240,0.027585949697088843
88241,0.053640445207383765
88242,0.31933757821266573
88243,0.05333200371326774
88244,0.04509249338666704
88245,0.06858351366035949
88246,0.12665064760896555
88247,0.06137345132373755
88248,0.06216844417347575
88249,0.07173500562388145
88250,0.03859717753293726
88251,0.028516894208497002
88252,0.01640026319228967
88253,0.03516933677545227
88254,0.2999586573268412
88255,0.21348159546808815
88256,0.14733343078432196
88257,0.076191553632596
88258,0.051628720015379034
88259,0.04772102964511053
88260,0.06371858510862694
88261,0.038846633196266474
88262,0.011307394550008605
88263,0.056098170917028206
88264,0.23544090360074488
88265,0.01449538361267312
88266,0.02081835924851204
88267,0.03895037441326126
88268,0.015331814675007122
88269,0.07022262483586729
88270,0.04279282998403105
88271,0.06740635532309767
88272,0.03721532388385538
88273,0.022275601171569296
88274,0.017620828610158012
88275,0.11833592326537773
88276,0.015004110666215067
88277,0.07823750843645373
88278,0.024184470718778606
88279,0.04470597861311687
88280,0.03795879945828265
88281,0.019864401607825814
88282,0.012591863026265897
88283,0.08164144181566216
88284,0.028983715137668044
88285,0.03346877713448121
88286,0.11896776395888468
88287,0.04482598816113107
88288,0.1725582981110118
88289,0.06352477104254557
88290,0.03391844006004515
88291,0.04901376943538353
88292,0.03628423706692449
88293,0.15402561578478857
88294,0.05620291400334811
88295,0.017113721254560926
88296,0.02116168579076009
88297,0.05957530747766248
88298,0.07424064160222965
88299,0.09256592174551637
88300,0.012194688255858514
88301,0.5145713470610233
88302,0.036548125055884714
88303,0.015104844739285667
88304,0.011854793194887367
88305,0.07206605396588048
88306,0.04315666558558905
88307,0.025833076781613167
88308,0.03965765852691926
88309,0.01957159375512746
88310,0.18428789752920316
88311,0.25928158491540343
88312,0.02108190952702674
88313,0.08657743375714569
88314,0.09979509783527299
88315,0.05245706615503479
88316,0.02993668411797881
88317,0.021282507049569705
88318,0.024662843584718507
88319,0.012420542894397413
88320,0.07488558591038207
88321,0.0580059676886627
88322,0.10699195562365599
88323,0.07201625229070972
88324,0.1256451771075929
88325,0.026211932069747243
88326,0.0559455976471477
88327,0.05587672565969197
88328,0.014368730774490242
88329,0.02058677904806059
88330,0.045320489580208345
88331,0.09034222121190252
88332,0.12194693146019989
88333,0.12500154114174947
88334,0.03206945868352844
88335,0.10459829102875542
88336,0.016704856741382584
88337,0.0272361380794301
88338,0.01858575574012885
88339,0.019637219474696974
88340,0.034500424545664904
88341,0.11450620579293039
88342,0.03319782819741189
88343,0.04009388436878114
88344,0.06948015271793148
88345,0.0973491989226712
88346,0.01768335518874006
88347,0.013143440629082015
88348,0.20845792908855598
88349,0.06931234939795261
88350,0.1071697300079399
88351,0.04815791338467927
88352,0.12150930298764098
88353,0.1291797529233957
88354,0.030130168576223804
88355,0.06583645577150928
88356,0.053478444183628585
88357,0.08340868770505193
88358,0.0281686593829807
88359,0.15095233944062902
88360,0.10745053751378525
88361,0.03927628992769946
88362,0.03402653806606712
88363,0.046998215427622364
88364,0.028545275448785917
88365,0.11006161467354776
88366,0.07707426863728778
88367,0.0829113856233265
88368,0.10810048531101432
88369,0.059420318794629196
88370,0.06781987384230165
88371,0.07533387854463552
88372,0.0349580891038105
88373,0.13210801055463697
88374,0.010820706115011245
88375,0.09934510087498531
88376,0.034480491896111125
88377,0.029134443181480497
88378,0.02231486531771127
88379,0.052697306630143395
88380,0.03448671144501936
88381,0.025032215395961434
88382,0.029123501586232343
88383,0.08765323559675191
88384,0.06858023189128012
88385,0.07912825518283874
88386,0.26052020778427687
88387,0.08055021189202874
88388,0.3140489193482033
88389,0.06309858679404902
88390,0.1006246453601694
88391,0.24675583876707555
88392,0.01668326313901171
88393,0.012018478507656642
88394,0.026044418596219865
88395,0.015129922381852595
88396,0.018869953890873647
88397,0.016595593935843624
88398,0.10658843421000905
88399,0.022952331752184314
88400,0.030954617679633437
88401,0.032278349986532985
88402,0.044251498647921786
88403,0.013638030105940781
88404,0.06960418115212276
88405,0.023709929357222492
88406,0.010181128759491143
88407,0.030267829125189098
88408,0.08735040424746622
88409,0.18436797217192916
88410,0.05525586774905426
88411,0.019539532244900445
88412,0.10038251395156988
88413,0.12493339762199561
88414,0.026458576352859402
88415,0.02926013779056125
88416,0.03442879069101258
88417,0.028542398828056762
88418,0.015241207124844936
88419,0.02886781755445117
88420,0.021515539889491248
88421,0.0357541548851077
88422,0.24109288992380817
88423,0.02234298713821048
88424,0.05107284542568133
88425,0.02511244383841347
88426,0.016608338240876513
88427,0.06673898044073914
88428,0.03578146457552093
88429,0.028138138938893716
88430,0.07413255782294233
88431,0.047737847398430316
88432,0.0059441319264704464
88433,0.1292048064704379
88434,0.029758424956897393
88435,0.012773431438468886
88436,0.22077716269010061
88437,0.04129275991338034
88438,0.01365047234738372
88439,0.0400802903148024
88440,0.04114014716501788
88441,0.04728291676146596
88442,0.04936550982374894
88443,0.04340231454487367
88444,0.02142350063255781
88445,0.05482525227290727
88446,0.02209667761283036
88447,0.14639885125154936
88448,0.26670985615041193
88449,0.09651953232836481
88450,0.13271028037582966
88451,0.08734402410793464
88452,0.07365567063685546
88453,0.12784831697482682
88454,0.04148904684245121
88455,0.145513616275548
88456,0.055447328184534156
88457,0.16722466946661374
88458,0.03611606955834608
88459,0.022835488910263893
88460,0.022164595345627935
88461,0.07349429617196426
88462,0.05628227582109899
88463,0.03911334329262966
88464,0.16530670603117434
88465,0.04869486529785539
88466,0.03530899436339045
88467,0.04586170236706568
88468,0.04402880655825604
88469,0.32866657774585845
88470,0.02438079842360078
88471,0.3474610813215313
88472,0.03722236085626185
88473,0.016972015010739472
88474,0.07350677273065499
88475,0.013722834821752478
88476,0.08242950501876654
88477,0.08316754930929939
88478,0.07732484008872395
88479,0.03176905504275877
88480,0.16039645182757434
88481,0.016744216737956192
88482,0.014107204115496293
88483,0.10708589763963189
88484,0.011675795763724595
88485,0.02130543414306702
88486,0.02625552250273003
88487,0.09344495346782065
88488,0.1795916467768339
88489,0.01324179985012171
88490,0.028610675490438525
88491,0.133271089245457
88492,0.035836986317050665
88493,0.06210193921768656
88494,0.04063492823664829
88495,0.04615674304581145
88496,0.25335475329473145
88497,0.04337125558712175
88498,0.056375686532166236
88499,0.08538164404219159
88500,0.057421020139425766
88501,0.037412173026313916
88502,0.06255244947317096
88503,0.014335572948827502
88504,0.03232343657672072
88505,0.08723123873363833
88506,0.04672118447512946
88507,0.21038561700806582
88508,0.0821792767217854
88509,0.029172911963529606
88510,0.1075223151250469
88511,0.2093771615934234
88512,0.049248933404573925
88513,0.06917325580303801
88514,0.09593345923289248
88515,0.05149875060619735
88516,0.030419548623805505
88517,0.7354989347722506
88518,0.04648190448339587
88519,0.014624036061429656
88520,0.1239050890725264
88521,0.17487489375739912
88522,0.1080322088435847
88523,0.08646254438851411
88524,0.036923195511168155
88525,0.2249774971117909
88526,0.08111355127583456
88527,0.018633588806974972
88528,0.0159400084471647
88529,0.08470506911498105
88530,0.07664414139162223
88531,0.07957775264426065
88532,0.03401978661686737
88533,0.025316840877707657
88534,0.04075685044943132
88535,0.04943485073132811
88536,0.17711496573297422
88537,0.08241596887686246
88538,0.011203024467864116
88539,0.034724791862987554
88540,0.25444847232692513
88541,0.04123007363800314
88542,0.017617462827213416
88543,0.03645270468407662
88544,0.018660463246475353
88545,0.11304013313315643
88546,0.05394775077596577
88547,0.08490013229718332
88548,0.11773342815822398
88549,0.012502383790619003
88550,0.037881311653901885
88551,0.04912913493870617
88552,0.12998560022954456
88553,0.04393921939684617
88554,0.07443198099306148
88555,0.12582909916320473
88556,0.01635252791432528
88557,0.025932572456801993
88558,0.07063931366686468
88559,0.008638449726482018
88560,0.10093761889311428
88561,0.04849742684348708
88562,0.025950824194633428
88563,0.07666895141965387
88564,0.031430515474060554
88565,0.05212765272236168
88566,0.0799198627016535
88567,0.04404671362065417
88568,0.009711649580922372
88569,0.04478299723069743
88570,0.02758961927839476
88571,0.0328208118087685
88572,0.02167900452935093
88573,0.024295060419362986
88574,0.037945115585502315
88575,0.04592779624420846
88576,0.014773429984127041
88577,0.050550244451597885
88578,0.020532164086379555
88579,0.02759350452680021
88580,0.0696557148044325
88581,0.012894052720449776
88582,0.0610127273351882
88583,0.04190614677517048
88584,0.04983515629242204
88585,0.034332832751567025
88586,0.01092886531214316
88587,0.04273504519963424
88588,0.011221375226993319
88589,0.017288431209060175
88590,0.18680756908146576
88591,0.02109184983520071
88592,0.0946213826144962
88593,0.04916071049971355
88594,0.022632537080811706
88595,0.027115174883917407
88596,0.06032511387339002
88597,0.1728041438897906
88598,0.012120907408251618
88599,0.2127501978824537
88600,0.03474148697212462
88601,0.08444102609913351
88602,0.015018156224541288
88603,0.6938165880169754
88604,0.06459723691779866
88605,0.037430512082193584
88606,0.03669795349932573
88607,0.0476465077363545
88608,0.04012143953872182
88609,0.3275708007157336
88610,0.0200152228196097
88611,0.02570324477702513
88612,0.012391122152985304
88613,0.012739712354808693
88614,0.034203743485909606
88615,0.18062412248664259
88616,0.20311586596706635
88617,0.2534643432262297
88618,0.0550997405373823
88619,0.05508369790064174
88620,0.1375074183818925
88621,0.09395077181572072
88622,0.04415717507496
88623,0.035305962963770914
88624,0.03010715215118451
88625,0.07775935173971024
88626,0.12733332828381283
88627,0.07740737710796278
88628,0.07444903672580316
88629,0.09334569332502946
88630,0.41989257760412513
88631,0.18257514507490852
88632,0.04007840185511059
88633,0.22190843916607705
88634,0.4791529925083047
88635,0.21894741154276173
88636,0.018827261639656062
88637,0.020819053704039407
88638,0.08907273242532276
88639,0.07239234532863796
88640,0.0198117966424358
88641,0.042414086049152706
88642,0.041120799257162194
88643,0.12086847516755048
88644,0.05239286187310015
88645,0.01472797789925603
88646,0.058429866090682486
88647,0.014794660587769431
88648,0.017954713929840306
88649,0.04805159002423821
88650,0.0745378331487633
88651,0.033456977286581695
88652,0.028331057602330907
88653,0.024108169781311375
88654,0.023439998669113556
88655,0.08408914091018042
88656,0.026092796778113783
88657,0.15555492511303232
88658,0.034102776274961194
88659,0.03041409560795371
88660,0.01472693334718547
88661,0.09729244132474518
88662,0.0531207788641925
88663,0.01688397227513719
88664,0.09325656687977543
88665,0.036239280809976994
88666,0.06369560580570198
88667,0.05257560182987713
88668,0.024362494126163245
88669,0.13554737416812135
88670,0.06594738430678856
88671,0.022084392028531533
88672,0.014175871548645743
88673,0.19022964577992854
88674,0.025975765480948966
88675,0.0606812424253415
88676,0.06549366178388183
88677,0.07001639180641017
88678,0.06417866871244934
88679,0.017411164706643098
88680,0.062211240408741916
88681,0.018663470994319815
88682,0.11024403324129615
88683,0.02552844078402377
88684,0.03176323776607018
88685,0.03278349041225544
88686,0.10484545553054551
88687,0.06860635043837982
88688,0.13929308355650338
88689,0.060959476967904894
88690,0.031675889911599496
88691,0.05097347770955723
88692,0.017744984955283757
88693,0.05110743281371819
88694,0.10384556098319933
88695,0.018791683846246163
88696,0.0527251501153603
88697,0.3529130739145995
88698,0.08366123868462773
88699,0.06549661960207928
88700,0.06433745403733218
88701,0.11859913152314515
88702,0.1315631877525646
88703,0.03401041899753586
88704,0.07500213233371701
88705,0.07154344061285488
88706,0.02352315762886917
88707,0.02463251195886251
88708,0.1131882776009562
88709,0.13668669983798085
88710,0.009217930629749195
88711,0.09470980051946334
88712,0.13005250064393628
88713,0.03381668722330916
88714,0.05215192863177442
88715,0.053905192137006286
88716,0.1589042086084857
88717,0.04763164985109018
88718,0.04298016635580891
88719,0.08738008401860348
88720,0.024832376523570766
88721,0.08467975919064874
88722,0.08767037089294766
88723,0.0824673709254123
88724,0.01599667259001153
88725,0.017737742842923034
88726,0.09727126670691012
88727,0.06721189671899946
88728,0.028081217228950857
88729,0.011728384279818422
88730,0.017205534553003547
88731,0.05893885617716857
88732,0.22767073401375118
88733,0.037757374860875076
88734,0.0302659353625358
88735,0.05682023203433671
88736,0.02854248022117556
88737,0.023455072871577796
88738,0.01399253921399781
88739,0.026338776825388693
88740,0.023665730051709008
88741,0.05690374339359158
88742,0.0420937025377658
88743,0.06722017334091161
88744,0.018063128743730783
88745,0.1408789568569451
88746,0.05167137426579449
88747,0.05231856034233071
88748,0.03181808440105051
88749,0.03473401287337882
88750,0.03138188000238191
88751,0.04857615894188888
88752,0.04803743040870631
88753,0.0394248073399483
88754,0.05909077748827557
88755,0.01116150577123462
88756,0.06420140884328801
88757,0.19683873751423633
88758,0.0691479837032078
88759,0.06789187902768577
88760,0.015272736596106274
88761,0.057491666003448516
88762,0.09015437587759165
88763,0.02631596450631147
88764,0.06645036112971224
88765,0.15550422066997696
88766,0.016780299375243377
88767,0.05027310530804117
88768,0.025465455372875433
88769,0.018087972759544914
88770,0.036963305531561685
88771,0.02087969985667035
88772,0.2601390190755611
88773,0.029881984921508262
88774,0.019541754741752466
88775,0.035647981134937154
88776,0.03236151064101401
88777,0.010682537781538382
88778,0.014986424943382143
88779,0.07169478100797706
88780,0.06191229689474617
88781,0.026244448920017257
88782,0.020316608215734083
88783,0.014519076643912613
88784,0.04933287156823517
88785,0.2937625187584466
88786,0.041835255805820815
88787,0.010384605678323946
88788,0.02157646538284863
88789,0.03251332757083498
88790,0.03776301717643508
88791,0.018683675661538713
88792,0.03163184928979922
88793,0.2973717773566906
88794,0.08136378726623089
88795,0.02871777484064109
88796,0.01577942912121707
88797,0.6736628224342462
88798,0.0278158749985119
88799,0.029974074176434433
88800,0.023923432152485876
88801,0.036932355605473546
88802,0.020099970785529005
88803,0.0383748765718077
88804,0.049033230164335015
88805,0.03914659525879516
88806,0.10367313782382785
88807,0.07233938644985688
88808,0.10077402869562406
88809,0.04153056608060031
88810,0.0368340082515044
88811,0.04869178251136704
88812,0.03241455697905607
88813,0.041723238712601717
88814,0.05612769028177241
88815,0.014197404292816549
88816,0.07701563191270741
88817,0.02433566197393744
88818,0.04963110195340021
88819,0.035763585791524125
88820,0.014414000492014536
88821,0.036895153558732824
88822,0.02063970914083065
88823,0.011489416775619817
88824,0.2548338277487531
88825,0.024421898012687307
88826,0.20759115439613662
88827,0.014402512770583933
88828,0.05310206202376698
88829,0.10752817517636204
88830,0.06951029579664697
88831,0.05457168222445487
88832,0.07514351022282818
88833,0.05790554596135883
88834,0.07497745920216392
88835,0.022007235868821147
88836,0.027548304369590788
88837,0.011120954204397102
88838,0.02478639264771803
88839,0.058103309579944876
88840,0.043918297701946905
88841,0.029307911373646068
88842,0.027961975821112352
88843,0.01993463689117983
88844,0.10264459249621241
88845,0.03247168413120549
88846,0.03750226584690182
88847,0.07232069869247224
88848,0.027895109382762656
88849,0.09653614790934253
88850,0.16993205315384624
88851,0.12156104477406425
88852,0.07635622198483144
88853,0.28622808836790814
88854,0.0436696548837111
88855,0.041766377226648346
88856,0.04209225109261353
88857,0.19035479024611643
88858,0.024109566472744197
88859,0.01012704252499327
88860,0.009471611323786051
88861,0.043144538605796284
88862,0.01795040579433025
88863,0.01211533629212799
88864,0.023088307992956636
88865,0.04886539040412133
88866,0.04145675529021875
88867,0.0777261626791724
88868,0.05382062307060078
88869,0.03370449517358389
88870,0.03613048030151675
88871,0.01473873205735861
88872,0.13622112962137453
88873,0.02074087599613379
88874,0.05222907189820272
88875,0.015826819270580286
88876,0.01578572605599506
88877,0.03529910590452002
88878,0.0164049952811752
88879,0.025599995491931225
88880,0.11031586041682073
88881,0.04987754613315526
88882,0.011651578769125879
88883,0.03339454630355305
88884,0.056348802567167164
88885,0.12371605430089169
88886,0.1581413307405386
88887,0.010198005145293903
88888,0.022663111693543393
88889,0.1525494136311562
88890,0.025660116470488943
88891,0.024582234819892967
88892,0.019049174428403728
88893,0.01364542770611301
88894,0.05034233122941784
88895,0.058049883359814584
88896,0.03982753393097617
88897,0.1104901521459028
88898,0.025475854197132927
88899,0.00988098232685967
88900,0.020955216572243467
88901,0.03710924293780801
88902,0.020008753934461013
88903,0.05625255954523449
88904,0.06041303737408079
88905,0.05481259496667169
88906,0.03826530982010034
88907,0.0839225405691708
88908,0.02554744754680878
88909,0.03916683964230659
88910,0.13026054079838317
88911,0.09656207550817639
88912,0.03851096318311316
88913,0.30282899543432756
88914,0.07429593796639115
88915,0.10044284654193691
88916,0.033913503247902974
88917,0.029737307786497337
88918,0.04955245673599377
88919,0.037488886254334594
88920,0.07122080420065031
88921,0.08323301404606198
88922,0.07206605118833112
88923,0.06979944114694066
88924,0.006933428052609131
88925,0.04221326670312163
88926,0.07886681703567323
88927,0.20373333274925573
88928,0.033630512204149796
88929,0.03767349489587021
88930,0.03810247951666875
88931,0.056409177938819305
88932,0.06341990953936495
88933,0.018594573581692475
88934,0.0879157968902766
88935,0.04601729235109869
88936,0.029234374092794505
88937,0.04345548439071676
88938,0.023710836279955315
88939,0.0781600324175535
88940,0.1194561215719005
88941,0.10284094117733075
88942,0.05234787810782925
88943,0.00983804804207615
88944,0.03185910660325695
88945,0.05864221187564778
88946,0.043689626134051085
88947,0.14883971910658272
88948,0.06109543750261576
88949,0.182263478462038
88950,0.04091024401251845
88951,0.12177581523911143
88952,0.06434107772392547
88953,0.028299105517237702
88954,0.015910446639849567
88955,0.028587031427594042
88956,0.09154882748620086
88957,0.028186501801778438
88958,0.050141212296957435
88959,0.04840529927341006
88960,0.024534978240396448
88961,0.022549646755790617
88962,0.011885405334756646
88963,0.024808075031508333
88964,0.014438585036025332
88965,0.014744394284586314
88966,0.03461139703718606
88967,0.020267902658700786
88968,0.09105634613213363
88969,0.020826980476954547
88970,0.033239357260454225
88971,0.029890345910877726
88972,0.010661157457734388
88973,0.013916156285918087
88974,0.06038287025804906
88975,0.045714510335901334
88976,0.07360188966009992
88977,0.03149667865952681
88978,0.16127069829455024
88979,0.1262141581034978
88980,0.029670588240040863
88981,0.027108100686619473
88982,0.014483146562646907
88983,0.08707776698130199
88984,0.020343238826292027
88985,0.10037193491376639
88986,0.03872837761865603
88987,0.013908383412722967
88988,0.05213139613312229
88989,0.02655378250777845
88990,0.01755114615342438
88991,0.07008720221806193
88992,0.12495131631619033
88993,0.021097309274911314
88994,0.017815746912039087
88995,0.0672657532461324
88996,0.06032006395671082
88997,0.02216851486629238
88998,0.030816079815352844
88999,0.027956999243744538
89000,0.0261736365071624
89001,0.037194288806739
89002,0.11971363879768125
89003,0.014451872031334703
89004,0.054977615202132867
89005,0.025283780980756506
89006,0.08589402462434902
89007,0.01961078437254358
89008,0.12017586459589144
89009,0.027017784375921977
89010,0.017551028706645842
89011,0.0933350217433074
89012,0.03299302428422445
89013,0.01449911715802081
89014,0.03497987331556011
89015,0.038703040634389715
89016,0.11926153858763358
89017,0.028020751992217964
89018,0.01827034794306858
89019,0.17682959356487213
89020,0.2560129944223794
89021,0.0885498503767576
89022,0.019315365603820828
89023,0.1146920855632082
89024,0.11391437959954998
89025,0.04078825197500176
89026,0.03642038984431244
89027,0.13793126632096794
89028,0.040422089379285896
89029,0.023464146474251667
89030,0.056737780472882825
89031,0.020677267633681645
89032,0.08423882983090909
89033,0.20151125750874246
89034,0.05983915902464321
89035,0.03603316577261083
89036,0.031196935812002606
89037,0.03734071819213282
89038,0.03323391596062254
89039,0.03294209230525085
89040,0.11590460146092377
89041,0.028560290021671764
89042,0.07350572189252073
89043,0.0482863831438463
89044,0.04024517111761616
89045,0.06570165947890938
89046,0.07813240909721789
89047,0.031737693576855706
89048,0.03749001475510289
89049,0.03452224683460661
89050,0.03530674238509755
89051,0.025116087770275297
89052,0.08507563987077872
89053,0.01599255118085526
89054,0.05337701968262409
89055,0.045455024771612215
89056,0.06909624574871015
89057,0.01496829678383914
89058,0.042107019790888614
89059,0.05009748211751242
89060,0.15770993646315448
89061,0.017197637435291836
89062,0.029967880527404362
89063,0.02876387801829204
89064,0.018115405700556097
89065,0.10116099783827522
89066,0.04412390101172907
89067,0.07612970967625668
89068,0.01980513651756244
89069,0.0807921270705716
89070,0.022857479269719972
89071,0.04702890190497677
89072,0.1532055587075905
89073,0.1422665146137298
89074,0.08811012625529811
89075,0.019756294188509153
89076,0.04169451157872268
89077,0.02215745294502607
89078,0.036548482059826214
89079,0.028299781789490244
89080,0.03978960937749018
89081,0.05428772086706201
89082,0.0353386420015826
89083,0.04581607716425567
89084,0.0478349475937488
89085,0.0680294946471346
89086,0.039714074204649556
89087,0.10669001304484114
89088,0.0363569158234632
89089,0.07702419300274414
89090,0.0983199785417458
89091,0.02099144769387851
89092,0.017463121351370965
89093,0.028471462660657608
89094,0.0701341677635818
89095,0.057512059974679446
89096,0.030745021121680323
89097,0.05186036856737181
89098,0.045055170533410016
89099,0.03125625467715856
89100,0.036633107821029694
89101,0.012307726574003641
89102,0.08306136672181638
89103,0.016824063406240063
89104,0.06566776587589424
89105,0.06536199874691112
89106,0.04112544361674389
89107,0.08988755294036813
89108,0.02973243470586336
89109,0.10429558880077928
89110,0.055105472613355494
89111,0.09655258495012643
89112,0.2034565092891989
89113,0.014513509114503909
89114,0.06302189500234116
89115,0.01933911869193641
89116,0.04121487436376685
89117,0.040950023548594894
89118,0.020542766370566016
89119,0.07614197301746994
89120,0.03916123736258621
89121,0.021475567223726528
89122,0.06999533199109947
89123,0.13897148330324338
89124,0.010276803435438839
89125,0.11899865132256364
89126,0.022747720073109663
89127,0.08249889364812701
89128,0.02370424184346076
89129,0.01380067264608891
89130,0.02403868048437513
89131,0.03566978705475445
89132,0.11077086696260666
89133,0.029077175760800412
89134,0.027273641433700927
89135,0.010610969223413279
89136,0.04910090844077899
89137,0.0192793453097388
89138,0.06517506452983636
89139,0.2666540906152485
89140,0.07445443480778155
89141,0.02801128248978666
89142,0.039349573654383345
89143,0.040885263756177896
89144,0.04630463692596031
89145,0.1067572009152236
89146,0.026778121416181258
89147,0.05464113476922259
89148,0.02119220874529424
89149,0.47975928244369204
89150,0.10462359709337246
89151,0.03733587792296023
89152,0.04122930536608301
89153,0.022096075300678128
89154,0.03383138360956457
89155,0.07044346520495107
89156,0.029510512257581365
89157,0.05529277463521848
89158,0.10318205348055584
89159,0.02276655062897949
89160,0.04271246334951806
89161,0.0375964763148217
89162,0.027598104967514022
89163,0.053322314623131646
89164,0.08887333109892402
89165,0.062102820760744984
89166,0.06532161999162421
89167,0.012916088114071293
89168,0.07094161170611074
89169,0.026465413281526826
89170,0.048184041852642086
89171,0.1465798672511782
89172,0.017588485937001935
89173,0.06386841361663322
89174,0.08243767030157038
89175,0.029764607481674078
89176,0.0605238781525649
89177,0.09895840105564004
89178,0.032223269353373975
89179,0.13330880689298868
89180,0.03398504475951784
89181,0.01952565521871919
89182,0.1638818474890676
89183,0.020996767451964854
89184,0.023301199587457164
89185,0.09977988761826936
89186,0.0433114044861201
89187,0.0727633107262502
89188,0.0433585501912773
89189,0.02395989288652579
89190,0.016641918691420954
89191,0.028084176243598054
89192,0.046398343388780586
89193,0.3172769302712662
89194,0.011743413823924718
89195,0.08917801967944236
89196,0.08031688089968128
89197,0.055779155564797414
89198,0.033718747662727644
89199,0.038417114435972476
89200,0.09337931977932817
89201,0.06237887197931088
89202,0.027980100988112957
89203,0.01813660367960251
89204,0.021493631927744068
89205,0.03968897878879469
89206,0.16872337758534506
89207,0.018147032239844662
89208,0.3781214768329055
89209,0.02280855557103238
89210,0.06290153607281383
89211,0.03070995093016702
89212,0.06394105303052357
89213,0.2970040566371038
89214,0.03593650098146206
89215,0.033882172827206236
89216,0.03183570407657505
89217,0.044074533160216596
89218,0.0418540855913673
89219,0.038310398950871474
89220,0.017639313769941354
89221,0.12142418229374251
89222,0.05954591732991972
89223,0.029344726503426673
89224,0.08118450773677735
89225,0.013920890377585874
89226,0.0707979712728091
89227,0.0925372972657752
89228,0.03706743570536897
89229,0.07188826055573819
89230,0.02503707440184886
89231,0.1409530405691228
89232,0.06328433237382072
89233,0.02012853408728634
89234,0.023252957449062986
89235,0.08441136476703
89236,0.04869377329984172
89237,0.01930458214718104
89238,0.05548601942793544
89239,0.3094776556166095
89240,0.11252066855882123
89241,0.00932722784850052
89242,0.18040249842079797
89243,0.01562478413260289
89244,0.07276467551401496
89245,0.07303526075788057
89246,0.325469169317864
89247,0.025285755707555153
89248,0.07743135502087768
89249,0.10238057665165742
89250,0.08041961806930913
89251,0.05709961658514333
89252,0.09087756436078503
89253,0.0212829777886371
89254,0.023521990701546223
89255,0.057581738361239296
89256,0.043658230232366896
89257,0.021311790427676836
89258,0.06172012525372389
89259,0.12790713635311327
89260,0.05614774497502221
89261,0.21836107770302438
89262,0.05817960051121493
89263,0.03557534344933909
89264,0.010401205852913892
89265,0.10364863845782601
89266,0.05356311394287144
89267,0.10096416594782423
89268,0.03937204621238826
89269,0.12691720117108635
89270,0.062023495020371196
89271,0.024526568864779535
89272,0.031139157993273204
89273,0.0636941021747591
89274,0.07129869469775127
89275,0.024216700571808084
89276,0.025200156209022693
89277,0.0658313953082478
89278,0.028477432998545396
89279,0.032828740689481474
89280,0.1957479177399366
89281,0.043110934113340924
89282,0.012713284768486037
89283,0.07231105397195209
89284,0.04080578512809809
89285,0.0193357419160761
89286,0.07585857011278647
89287,0.09203816390454808
89288,0.04449850896039035
89289,0.03248588542759099
89290,0.02830507817813732
89291,0.07337284096497315
89292,0.03867856908697748
89293,0.03550537107202916
89294,0.045110821010308895
89295,0.08857675489399697
89296,0.24892036953969038
89297,0.1290436844800458
89298,0.024529391434595316
89299,0.09822325398483783
89300,0.03112284866419179
89301,0.037854021765494315
89302,0.09392266551185935
89303,0.03341040988180535
89304,0.01954189869448049
89305,0.02903336730094966
89306,0.027699609556522845
89307,0.08436784135852507
89308,0.011889756233504403
89309,0.10287290828611369
89310,0.0438697001551979
89311,0.05720322821011305
89312,0.10784935781347343
89313,0.015617649854648512
89314,0.06584453980686561
89315,0.0638106811459104
89316,0.04255667006123366
89317,0.051904004297420904
89318,0.11752753486208761
89319,0.023978414873286436
89320,0.032335408105336354
89321,0.044549476015954846
89322,0.1199794844982951
89323,0.05377193040353485
89324,0.04285453696835849
89325,0.020915706096763232
89326,0.031901421068118156
89327,0.0162377531088109
89328,0.016383850427443905
89329,0.04705976862576029
89330,0.03507370316148086
89331,0.015867718380205714
89332,0.05509232341418961
89333,0.04940137258285546
89334,0.04140699314769031
89335,0.030821156118150884
89336,0.03414204875632212
89337,0.0322620320872747
89338,0.02277995677898276
89339,0.040096407419565584
89340,0.18106170230401575
89341,0.04917991647663546
89342,0.08692421829132621
89343,0.05909428928529836
89344,0.17321311991731916
89345,0.024915150796881495
89346,0.028786338899355193
89347,0.025539853848378168
89348,0.013883720283151131
89349,0.03988782398685153
89350,0.03375116170315011
89351,0.12713392350655467
89352,0.021819117184820186
89353,0.017043687012583762
89354,0.155602276855351
89355,0.07268934249177045
89356,0.01627276832012424
89357,0.0435568767549757
89358,0.09308865341497125
89359,0.07257458177707739
89360,0.061280757566075435
89361,0.04920144544750473
89362,0.0611579794210908
89363,0.12061361868099063
89364,0.13539863848623834
89365,0.062218244702166636
89366,0.03165099215834568
89367,0.03030431982907609
89368,0.024047098268822432
89369,0.02527111730643794
89370,0.08548968886489443
89371,0.0442059026848833
89372,0.025493126639299684
89373,0.07433630868235931
89374,0.02754186293484257
89375,0.013702192509641286
89376,0.10317179162119205
89377,0.054811332499218365
89378,0.032450954198882775
89379,0.12178388575919098
89380,0.15159179927353267
89381,0.043435870730932816
89382,0.022819469794569083
89383,0.05466374160155349
89384,0.026317532932638377
89385,0.03652030029621964
89386,0.018886071120208972
89387,0.0853064719750586
89388,0.022797308068285175
89389,0.04769553390070344
89390,0.09423367601410804
89391,0.021990618025881564
89392,0.01980860939190795
89393,0.03474672234607128
89394,0.0604654043568222
89395,0.008264553150605116
89396,0.08516642448688644
89397,0.018822735654985878
89398,0.2312089869790303
89399,0.028220075845984807
89400,0.05523172201066564
89401,0.008695253103681778
89402,0.04695525648939869
89403,0.1255210729260124
89404,0.030403773453170815
89405,0.024439623774220005
89406,0.026375751860174906
89407,0.2311883302596333
89408,0.3961708609769252
89409,0.013390908262646066
89410,0.03084399824800988
89411,0.050817879645413996
89412,0.07314659307429325
89413,0.023074612756423377
89414,0.01983458745746399
89415,0.0530882898795829
89416,0.03952483627679393
89417,0.06090727865197071
89418,0.1247585756785636
89419,0.035343798856223366
89420,0.04384666856530448
89421,0.02614575227164612
89422,0.15208987087974757
89423,0.15303005869598357
89424,0.009595805808150804
89425,0.02113712873980663
89426,0.052101181881105345
89427,0.08181678154340123
89428,0.04093609821357465
89429,0.1390674836325596
89430,0.03183139366510977
89431,0.017806844923492757
89432,0.10067258799705668
89433,0.18501334916712703
89434,0.017645745240596936
89435,0.04795908124186505
89436,0.02032323661766483
89437,0.01815937173714569
89438,0.2117642023548087
89439,0.09684047684255187
89440,0.019519745174814068
89441,0.02438373941442721
89442,0.18879954412591685
89443,0.024742380209247114
89444,0.0345733045390247
89445,0.03375123043833783
89446,0.03769277238803359
89447,0.017134431033105253
89448,0.03182758292396313
89449,0.11680706297011803
89450,0.0379251244138973
89451,0.053854170772887816
89452,0.06481891677809072
89453,0.0685650279591715
89454,0.013282039643509953
89455,0.030034310077817664
89456,0.015520572359891759
89457,0.07155250631840973
89458,0.06510320584904686
89459,0.04392825922607532
89460,0.9459933309604024
89461,0.2280406088780693
89462,0.01410793258224582
89463,0.029844029358237264
89464,0.04878292794091452
89465,0.029711918803466752
89466,0.01791985500433187
89467,0.13548199839077862
89468,0.09749425943252486
89469,0.03896352659563849
89470,0.0855941952454631
89471,0.04356150021634151
89472,0.943053120804479
89473,0.040337686262998614
89474,0.08101478843928905
89475,0.011360564915434844
89476,0.01830908238520903
89477,0.12233323976042995
89478,0.1048888113722509
89479,0.07400056602620805
89480,0.017772796063792527
89481,0.049049368313701956
89482,0.419276680458892
89483,0.10969053898378384
89484,0.0652971955577032
89485,0.06777971764657498
89486,0.10278049315143405
89487,0.07241391463054947
89488,0.011630044709268737
89489,0.03547711514460702
89490,0.05579625166788876
89491,0.25788299272274573
89492,0.019199907098084803
89493,0.30414503296960016
89494,0.10561818681883148
89495,0.29513294223684505
89496,0.04068662645259348
89497,0.05931340500346698
89498,0.049286412825134525
89499,0.01869209375985745
89500,0.042875098830778544
89501,0.14253790744930975
89502,0.10002982529440872
89503,0.020460196352685117
89504,0.02388558337578789
89505,0.32853536498977737
89506,0.01258851420824725
89507,0.02475361947285799
89508,0.023727065552250404
89509,0.028523289482376462
89510,0.10831370347296748
89511,0.04279333230126796
89512,0.012187493642721413
89513,0.03696270675877012
89514,0.032220206869744306
89515,0.04940259385832682
89516,0.014388143669973942
89517,0.12571994536642025
89518,0.02377086569951636
89519,0.035692182307062094
89520,0.014083625420529985
89521,0.038041241701176225
89522,0.042867941727626986
89523,0.08648651553234499
89524,0.16890834715809838
89525,0.04569421947933591
89526,0.017116192346837034
89527,0.027104868315651218
89528,0.0474918861721062
89529,0.03232744101881966
89530,0.030625414601557634
89531,0.049546738156510825
89532,0.02904279017023378
89533,0.07890180581171105
89534,0.13158505312962232
89535,0.020495003417598027
89536,0.03583866936472809
89537,0.030022360642031648
89538,0.14962122959470103
89539,0.024873241790496117
89540,0.1648693922580475
89541,0.015584529596962271
89542,0.04824987286753223
89543,0.03345639638600325
89544,0.066041106124616
89545,0.06269398627716144
89546,0.15886110860744834
89547,0.552902625288056
89548,0.06515298765360206
89549,0.015412961118850935
89550,0.19502134044461197
89551,0.048838030778073374
89552,0.01496965136208796
89553,0.04498641062020262
89554,0.08161958485046376
89555,0.02779764472380099
89556,0.024706530708099653
89557,0.08327464068360625
89558,0.02334183652795877
89559,0.022274820710956274
89560,0.043663713503963614
89561,0.15715124748395182
89562,0.01312662723541523
89563,0.06990421711642844
89564,0.07671577278986014
89565,0.06896275606079733
89566,0.029475442339595134
89567,0.027224835587133296
89568,0.10889252030527821
89569,0.0382710209192365
89570,0.07960589057422639
89571,0.017073967614601098
89572,0.051354861600144026
89573,0.03995140296230329
89574,0.09186109388681661
89575,0.02896256319355371
89576,0.015275601442599943
89577,0.010810416155652855
89578,0.02169855493857996
89579,0.02468794247350217
89580,0.13283462050463613
89581,0.05859417270592854
89582,0.02900216248458413
89583,0.11970739853048129
89584,0.046029003013530786
89585,0.010779879543673527
89586,0.015902089893724526
89587,0.06651986919453529
89588,0.01063192740063195
89589,0.02939817271736971
89590,0.05184316094519217
89591,0.025307211698021276
89592,0.11198502860406281
89593,0.06747385860798658
89594,0.008036354338088142
89595,0.05817969181942625
89596,0.22624374377182271
89597,0.10502847153492331
89598,0.0691240095545115
89599,0.031140441092314564
89600,0.012935164376879651
89601,0.10907456065896554
89602,0.2413535262808592
89603,0.02346508926366498
89604,0.08027514311006737
89605,0.061916078363285165
89606,0.025562600104735926
89607,0.06932234413278993
89608,0.18526097540610717
89609,0.07233364546196133
89610,0.018528037129571268
89611,0.1314475522177132
89612,0.2465645385135321
89613,0.013973597334413277
89614,0.042875061949777436
89615,0.056710588512401586
89616,0.08422360989166414
89617,0.02726608366456476
89618,0.1543210759493316
89619,0.100574026912438
89620,0.09539675188694752
89621,0.056316381796469944
89622,0.2637536440258335
89623,0.0802269801822225
89624,0.03215203404486106
89625,0.0501799055169805
89626,0.052109513019167455
89627,0.11268768073385027
89628,0.3679040546823618
89629,0.015755525658770253
89630,0.02533185507158097
89631,0.047200225788806324
89632,0.15295244723636658
89633,0.0359447845045496
89634,0.050731300509302066
89635,0.05302974550172565
89636,0.03169523467240632
89637,0.019405039553689322
89638,0.05582096399372185
89639,0.04966041011248347
89640,0.011937535131170254
89641,0.1559264878298968
89642,0.1725033326697995
89643,0.021124020201982834
89644,0.019887827736805214
89645,0.07769461824937814
89646,0.03902913549076852
89647,0.020958969987553158
89648,0.023426880971596935
89649,0.04856030093228096
89650,0.025702789471412406
89651,0.02387699413119721
89652,0.0374196602076379
89653,0.02358879418483504
89654,0.025761649323740185
89655,0.015269421458347766
89656,0.02182351032513165
89657,0.04469559689115602
89658,0.013542494455477106
89659,0.10103989506620917
89660,0.08824323209717853
89661,0.0456736776864783
89662,0.03294677265288311
89663,0.06019969386418751
89664,0.027677556088230713
89665,0.3012970200497155
89666,0.11719053069575999
89667,0.11308183906078914
89668,0.0387844657042812
89669,0.07709289348757092
89670,0.02076131561965777
89671,0.046529054189796894
89672,0.04868990879118173
89673,0.14959481079212933
89674,0.04392723736510382
89675,0.148208272829417
89676,0.37357573659058074
89677,0.0395940253869093
89678,0.10810313584226261
89679,0.09222089687554465
89680,0.015579476644935206
89681,0.03279235023230536
89682,0.04489996467037386
89683,0.07679294978121544
89684,0.02059804261026876
89685,0.4956909325290867
89686,0.04355060531752789
89687,0.021742824439036752
89688,0.03394060041621738
89689,0.04710652940429795
89690,0.020809270947034178
89691,0.06397944093378978
89692,0.015649245134425515
89693,0.011203264004715933
89694,0.07276504481696307
89695,0.062018869662037554
89696,0.029926899596475615
89697,0.014153642880772399
89698,0.018621792900933992
89699,0.06199589684643857
89700,0.04929194035004383
89701,0.16911289361778176
89702,0.03379625588730131
89703,0.09386099138612283
89704,0.018502389337500386
89705,0.018549115686553694
89706,0.10519859187769467
89707,0.04100618715570402
89708,0.027147629037571216
89709,0.11774458013931619
89710,0.18714414508703764
89711,0.01755168096613363
89712,0.028165302219751852
89713,0.021963213974326542
89714,0.027930783606469587
89715,0.012466057913544454
89716,0.017180050218670508
89717,0.2449244124103359
89718,0.09513234474616547
89719,0.11450082394172567
89720,0.0786336370052593
89721,0.07154926544072841
89722,0.035559757017034226
89723,0.0936952725478243
89724,0.017577658401827727
89725,0.02525365947885768
89726,0.020752277349441677
89727,0.025989455649479538
89728,0.08829698330542057
89729,0.03477312935791203
89730,0.018691181377216447
89731,0.045352900116030256
89732,0.046033358792979505
89733,0.5094351561937012
89734,0.10325198761195287
89735,0.09754745104917795
89736,0.15446189234494934
89737,0.01911471232736803
89738,0.018645010387652018
89739,0.11560690498316323
89740,0.023414759875410595
89741,0.056651212672279336
89742,0.04939755045375112
89743,0.030328257025300943
89744,0.10787905642730207
89745,0.029167832581000426
89746,0.10829741618270872
89747,0.027276012741685306
89748,0.3033002066230045
89749,0.03676726933860379
89750,0.028116578089597517
89751,0.05720772958069688
89752,0.0355911385822678
89753,0.06115603944061613
89754,0.04080151837067756
89755,0.032472039294963714
89756,0.04227608552104336
89757,0.043611597349978395
89758,0.038628271190991284
89759,0.03798992391813735
89760,0.010717223682429654
89761,0.21739356753494626
89762,0.026873150641977487
89763,0.02873583416191596
89764,0.009499053117030351
89765,0.03482947997658299
89766,0.05775757400961225
89767,0.03863599985208428
89768,0.02161817920567545
89769,0.15694744969069943
89770,0.14416297822069638
89771,0.16734818449641525
89772,0.027786516355629502
89773,0.11204207802503241
89774,0.015524166083125568
89775,0.020142179196002568
89776,0.08843647338944882
89777,0.10021767719266206
89778,0.046590565124266736
89779,0.05079684950403672
89780,0.019955200043729526
89781,0.033943221508544265
89782,0.10603338079510091
89783,0.03904452259927463
89784,0.09306736985271029
89785,0.044605177395564924
89786,0.04460326030225521
89787,0.060142666998154105
89788,0.02319920571282269
89789,0.02924565327138004
89790,0.23899129332921853
89791,0.01928303167725919
89792,0.09870517028382852
89793,0.05662997208004742
89794,0.10582212580326059
89795,0.1040332386686214
89796,0.12330149897422837
89797,0.03254259564373834
89798,0.03366134816302507
89799,0.0114702178448153
89800,0.06866085963769492
89801,0.015111226989569824
89802,0.02144901040243971
89803,0.011208300500849682
89804,0.011003930208652302
89805,0.07112906943778143
89806,0.024655110258052042
89807,0.012666147922208305
89808,0.06767806214063159
89809,0.12790198113058585
89810,0.03494711269204018
89811,0.0337280566575779
89812,0.03470514262911928
89813,0.08819585627086012
89814,0.04110993289899419
89815,0.026258785061005516
89816,0.04042307035577272
89817,0.02689537494569442
89818,0.03511792904761968
89819,0.04468716842016225
89820,0.03105676610556423
89821,0.06246332091993537
89822,0.015700906977568596
89823,0.04134980044149631
89824,0.0410876306617873
89825,0.018603235678358223
89826,0.055451212695261966
89827,0.01799705667742032
89828,0.037457629847302984
89829,0.14628584295213656
89830,0.06334397254458446
89831,0.0554340563020877
89832,0.030949502725374035
89833,0.0164414524393945
89834,0.14905052137412758
89835,0.1870128857934758
89836,0.017244904767628345
89837,0.032336144002293586
89838,0.16271433808318464
89839,0.012170236397297075
89840,0.08520097193375935
89841,0.08294577715504892
89842,0.007875341483661535
89843,0.02371705787603088
89844,0.04296629043022561
89845,0.029017046680485326
89846,0.14757620392319568
89847,0.12519201485885484
89848,0.17697833245747605
89849,0.022420020059520495
89850,0.01908867224630858
89851,0.027262852452001652
89852,0.030671727713403922
89853,0.01548351302207785
89854,0.049563176504323035
89855,0.03408310026397113
89856,0.0480846844530879
89857,0.04403796789321437
89858,0.16361340390905804
89859,0.03826689317553526
89860,0.0181367681538196
89861,0.090449926438216
89862,0.016777797548611268
89863,0.1840165496374892
89864,0.04365043427129967
89865,0.016680031492874146
89866,0.08807056899835863
89867,0.016181430373215514
89868,0.04171174524310575
89869,0.03984289561321311
89870,0.23783992155249162
89871,0.25058116936920805
89872,0.3404971639846326
89873,0.18485072817064738
89874,0.03401587276923758
89875,0.015513438335368928
89876,0.02077893032890034
89877,0.029892188162389963
89878,0.05515679284218555
89879,0.06426061365895491
89880,0.05539164711542299
89881,0.028661166952364828
89882,0.039848889611827684
89883,0.07712033102625393
89884,0.017804652059483547
89885,0.02309448623474934
89886,0.02064343529213008
89887,0.022181870295896883
89888,0.04400464026634413
89889,0.19823193226621205
89890,0.03056975488525067
89891,0.008380208520291782
89892,0.10563712112346343
89893,0.08918938982237938
89894,0.08710877819605367
89895,0.01650294068340961
89896,0.09358867937713566
89897,0.03929856625330171
89898,0.015875962790831616
89899,0.05981380168951511
89900,0.026698338369878203
89901,0.045054725149293505
89902,0.03978545907392485
89903,0.04678072982752013
89904,0.04426876264694544
89905,0.021854171096590262
89906,0.1835062487745073
89907,0.029325888962432333
89908,0.09584162653744698
89909,0.056652810415597124
89910,0.01107365934555627
89911,0.09930698876399353
89912,0.022865025640974774
89913,0.042837732462320526
89914,0.024526450099769677
89915,0.018516409034037812
89916,0.014930246705758349
89917,0.03605667340507629
89918,0.0481816273609046
89919,0.020595878863876274
89920,0.022503723515864976
89921,0.07487461697692818
89922,0.18555300264674085
89923,0.028807548041515786
89924,0.019150815896709427
89925,0.020376649624047533
89926,0.02578854680559322
89927,0.09592841903548927
89928,0.05815657024084535
89929,0.1886837950798329
89930,0.016744452636928885
89931,0.13101363545877398
89932,0.03311076724565354
89933,0.04658073313740181
89934,0.05428004896377656
89935,0.12575116213454385
89936,0.04825063727129467
89937,0.02128925895917696
89938,0.16526221527551185
89939,0.03774914509129933
89940,0.035863669034834844
89941,0.10148330997740884
89942,0.04864940319245656
89943,0.027460930913305676
89944,0.04112630853894772
89945,0.07225315643542245
89946,0.1167165799388381
89947,0.03242472831313308
89948,0.13287705834506663
89949,0.09951839878310996
89950,0.02921867274927098
89951,0.07618339185001674
89952,0.01787364656047108
89953,0.015213129626780321
89954,0.03919989303863522
89955,0.1774062155980995
89956,0.24904788328742528
89957,0.02743253107436438
89958,0.06653462124109497
89959,0.01565199336137534
89960,0.14275142954079134
89961,0.20580422481650468
89962,0.09857049070629348
89963,0.19163766411232905
89964,0.020141445123095333
89965,0.07548711253305171
89966,0.03160531420726204
89967,0.02293154053893851
89968,0.0766698603155282
89969,0.03301998310729585
89970,0.12247793337304298
89971,0.14239302273560964
89972,0.03355414085006609
89973,0.0438177866866536
89974,0.012693386054633469
89975,0.024649509136249644
89976,0.015985012209807293
89977,0.04645427861417851
89978,0.2543565388419499
89979,0.04499690132868946
89980,0.03551625961247393
89981,0.048624535282541154
89982,0.10879222495779166
89983,0.0187980384002082
89984,0.03235836446764279
89985,0.05322051529705879
89986,0.043953285982080495
89987,0.023375141619357498
89988,0.06805096225011265
89989,0.04565258842323345
89990,0.05423153084953956
89991,0.026583188722121072
89992,0.025493470532782784
89993,0.5001963802123504
89994,0.046309873562768944
89995,0.04890355809284626
89996,0.028117937943095337
89997,0.11486504405734732
89998,0.03258937481545454
89999,0.12126069839534331
90000,0.023669263223084283
90001,0.04137742485454601
90002,0.026250825764347938
90003,0.029614500718482727
90004,0.03768449293867444
90005,0.027206979412931348
90006,0.1005329033426525
90007,0.0695330243969893
90008,0.12855425900719994
90009,0.08291989141080346
90010,0.05154701854623357
90011,0.052532765322585676
90012,0.03571445378819875
90013,0.022124726752989834
90014,0.03269188046554693
90015,0.19292088434312227
90016,0.08081506471213773
90017,0.0398920760901056
90018,0.011976736252283501
90019,0.033958732688891234
90020,0.05123219130021554
90021,0.056713535600558286
90022,0.021828479731097472
90023,0.03762232315189415
90024,0.06415540438151866
90025,0.027040048731533397
90026,0.1045861120953256
90027,0.02177608746372004
90028,0.08708974688425736
90029,0.045212461696464534
90030,0.02564099316807692
90031,0.011254283372852801
90032,0.03315318115720794
90033,0.0970325064256708
90034,0.04152287420596871
90035,0.035756194313742995
90036,0.026352315663386992
90037,0.033695451024144785
90038,0.05967680428147132
90039,0.06428790041993318
90040,0.10500176170560528
90041,0.027623438784285727
90042,0.062494265191647996
90043,0.027076132476487685
90044,0.04824024810411378
90045,0.040987539234171824
90046,0.030930872358003215
90047,0.024587588038971937
90048,0.026276922511462714
90049,0.01876875445758602
90050,0.027251811683372727
90051,0.022753742618149254
90052,0.12643791467303497
90053,0.04941459405773234
90054,0.008983455035514447
90055,0.04370152517835506
90056,0.027081051814521872
90057,0.022162860028220637
90058,0.21942733872237558
90059,0.06319149258036663
90060,0.05070784198022605
90061,0.07837925526349784
90062,0.05533219719609836
90063,0.05772332186843754
90064,0.01615776715005333
90065,0.025795388737187074
90066,0.03880343524363115
90067,0.008367588678195339
90068,0.058314071680923465
90069,0.21188644316830843
90070,0.03365204621976647
90071,0.018530205091447642
90072,0.029023585885499515
90073,0.10600168115009173
90074,0.1000316392503114
90075,0.06328252990082785
90076,0.01829365341551713
90077,0.05333930927517209
90078,0.045628151876805044
90079,0.03192479189413146
90080,0.026906459681509405
90081,0.05335541602025509
90082,0.03680786047220682
90083,0.12542016177245113
90084,0.047914739741717616
90085,0.03343070834956845
90086,0.047321524698630386
90087,0.09180835038033675
90088,0.07767421670141861
90089,0.02922137502457455
90090,0.050370843974446036
90091,0.02033004135029779
90092,0.1906910899912861
90093,0.06203509795022248
90094,0.008251542973924867
90095,0.010966981177547738
90096,0.077680823458727
90097,0.014940312895339024
90098,0.01367712393269871
90099,0.051920176052937396
90100,0.02771141481204656
90101,0.026951868511882686
90102,0.024077023656494674
90103,0.36742853536212317
90104,0.08270713172746516
90105,0.01211256324952713
90106,0.06547571821159784
90107,0.03875109204725282
90108,0.09248550178070503
90109,0.047222641399986415
90110,0.06591980590276747
90111,0.018193990952421614
90112,0.011722305517530063
90113,0.022503735678211158
90114,0.02681703310757324
90115,0.02875786612229673
90116,0.1757435186693049
90117,0.11755001233192325
90118,0.015348382964172696
90119,0.033070285898243394
90120,0.0833650797102013
90121,0.13343013044488836
90122,0.029349724508134455
90123,0.05654219347267912
90124,0.024079736493135474
90125,0.03563961183483219
90126,0.07470140208847373
90127,0.08684994922430195
90128,0.0945251038735804
90129,0.027987338890130053
90130,0.029149462946813687
90131,0.016751027184820147
90132,0.0615607216781109
90133,0.16018363425845766
90134,0.060761996786096895
90135,0.2775683186314216
90136,0.04601532486437908
90137,0.01504830894175421
90138,0.033886426732258355
90139,0.019598395937200114
90140,0.026632130827851076
90141,0.016818243628213506
90142,0.0357743288357625
90143,0.03000619356091709
90144,0.09727120044666246
90145,0.20695854559867063
90146,0.036037444009690923
90147,0.11727095535515555
90148,0.04602313166831647
90149,0.07870856259550436
90150,0.01877552620294396
90151,0.08866960468827637
90152,0.06610415484530642
90153,0.027395665198343647
90154,0.09051123799759657
90155,0.00991526720174593
90156,0.06923847645641858
90157,0.0355418118265495
90158,0.09931635428219461
90159,0.022920380012135394
90160,0.023794535251845432
90161,0.025612689849611722
90162,0.03571447985005237
90163,0.14175917291579482
90164,0.11413582124251559
90165,0.0885680555135685
90166,0.02556826617295447
90167,0.04536882572974425
90168,0.011063910490954678
90169,0.15785801294187618
90170,0.134764518536013
90171,0.10969181386127845
90172,0.05069040962619362
90173,0.18482541547833636
90174,0.048918952734290214
90175,0.05143942065556849
90176,0.18485662241488937
90177,0.08263335577970596
90178,0.028223899762781952
90179,0.03522295917836183
90180,0.1357211753150538
90181,0.22980075621366589
90182,0.06706953422148175
90183,0.010478360724140903
90184,0.018785745863126955
90185,0.023696024359142236
90186,0.07665337116805092
90187,0.03784415087238215
90188,0.05910482695757753
90189,0.04698968178082386
90190,0.022472341719387307
90191,0.08589548976330943
90192,0.03392905307224717
90193,0.009148490300041025
90194,0.10444551143882964
90195,0.022198390584431953
90196,0.04023502178871536
90197,0.028570804731903474
90198,0.06931658241754762
90199,0.01645835471946434
90200,0.02747840304788915
90201,0.12417933190300275
90202,0.019515719663357634
90203,0.017103305303378443
90204,0.025757737644793728
90205,0.09288588254260323
90206,0.1363732490350521
90207,0.06457809546569535
90208,0.12530892850099218
90209,0.0635055670504125
90210,0.07958904483297113
90211,0.04239119729043773
90212,0.6732175803860656
90213,0.054036199221608905
90214,0.23368613704561525
90215,0.15969829621060747
90216,0.013216008699585809
90217,0.015181847087926147
90218,0.05545403186109962
90219,0.01955818119386004
90220,0.04827797022655276
90221,0.09715846193732283
90222,0.11147234234003259
90223,0.06413100897720982
90224,0.0681939804504623
90225,0.015930236648530896
90226,0.04574663690756911
90227,0.06902526790952455
90228,0.03596599758118063
90229,0.06355305319142034
90230,0.01009125275013039
90231,0.05494625851921699
90232,0.28015941543596773
90233,0.12496951496029698
90234,0.04251740343012622
90235,0.026884049131921862
90236,0.019352972586984072
90237,0.07356126770498997
90238,0.062411438548535085
90239,0.015334652180724453
90240,0.16065356891737242
90241,0.031200624647871752
90242,0.061771240411426995
90243,0.20270281911096566
90244,0.039340102326912936
90245,0.015495187225744743
90246,0.04039607503323329
90247,0.0355213603121104
90248,0.015835718689122022
90249,0.08340065617045533
90250,0.05037294533875767
90251,0.015154637369229111
90252,0.13613229129479074
90253,0.04189726445613176
90254,0.037837838605684626
90255,0.18746076804324108
90256,0.03139095308506552
90257,0.03630061843390431
90258,0.13051332577957367
90259,0.8553336886201132
90260,0.0393325353031452
90261,0.06428571755031884
90262,0.03874455285475145
90263,0.016411932004226013
90264,0.026598878917509956
90265,0.030888915635092926
90266,0.051988382111943926
90267,0.0213428513784254
90268,0.00791555497575149
90269,0.03955563772154064
90270,0.01835800214094312
90271,0.061298224020775643
90272,0.02015603550033398
90273,0.06038177539407443
90274,0.11444919529901632
90275,0.03900461432849618
90276,0.055083081344716414
90277,0.09254281963638276
90278,0.0825438467132377
90279,0.11930896699433714
90280,0.04869285317665946
90281,0.05219616334813631
90282,0.023751948100656565
90283,0.04973000480865855
90284,0.028087174105931985
90285,0.011897337819823684
90286,0.03256861560369284
90287,0.03579502584383884
90288,0.02801245095427795
90289,0.04245564658850647
90290,0.07844308773682811
90291,0.0906765878511196
90292,0.03749235898690842
90293,0.01569741239717963
90294,0.03153792296058826
90295,0.0355899561292986
90296,0.06187370586037901
90297,0.040964023206028426
90298,0.03690013108671971
90299,0.04814070614943333
90300,0.0406628871293788
90301,0.018499051482573373
90302,0.05856182974701475
90303,0.02192195417561885
90304,0.06977380703575432
90305,0.014779067799686787
90306,0.16407400131239933
90307,0.06312333639521446
90308,0.033854088448275504
90309,0.020976034078154477
90310,0.08760461254605544
90311,0.11187482938965809
90312,0.018176208045717436
90313,0.027226362590039146
90314,0.05360587999943811
90315,0.08904481586426591
90316,0.021399646486721734
90317,0.017284637787165748
90318,0.022219490838350727
90319,0.19162905569778727
90320,0.11331710771185097
90321,0.09808259746540426
90322,0.026596721425073563
90323,0.00961852556864683
90324,0.033195728153162324
90325,0.31351720253717574
90326,0.042587585829243636
90327,0.3088860943617386
90328,0.03809333452382101
90329,0.04114323191337688
90330,0.059198922116739446
90331,0.02254735544892138
90332,0.24612439213632306
90333,0.01501975238368854
90334,0.050642963485928165
90335,0.10880016124154455
90336,0.043519190554355866
90337,0.02821976845757796
90338,0.02438925670424951
90339,0.02265049327783729
90340,0.021786992170477575
90341,0.07751739917946807
90342,0.02965366381716944
90343,0.06560961827770857
90344,0.014086778004846453
90345,0.06762145380829129
90346,0.01750143337419429
90347,0.07964442454826168
90348,0.026719306393543286
90349,0.1742759428439293
90350,0.14770793042497074
90351,0.09011750486514043
90352,0.1552301887257389
90353,0.01393097088081522
90354,0.05572369720043796
90355,0.10716426524246188
90356,0.010386778328547445
90357,0.05960061577583522
90358,0.11126145394226943
90359,0.04257531260279317
90360,0.30832742809864905
90361,0.5123078555103084
90362,0.013371282323162172
90363,0.04588567723232902
90364,0.15880890898204422
90365,0.02983645191897705
90366,0.40606358575671503
90367,0.05049385493129635
90368,0.15300829002876393
90369,0.07692539775393653
90370,0.016002749247168754
90371,0.009377164870644501
90372,0.3697081866690157
90373,0.07828319045561842
90374,0.023127996188686828
90375,0.028293468588203488
90376,0.033328258639144896
90377,0.023576968029077397
90378,0.048079763098796045
90379,0.02417260284177505
90380,0.0633800344752589
90381,0.06051157794884419
90382,0.05173908957154084
90383,0.022771758355374414
90384,0.12108156838008591
90385,0.15563940271630577
90386,0.177817374076998
90387,0.054142648007501605
90388,0.07645563132550184
90389,0.0768164379224582
90390,0.02794833447964222
90391,0.04682477289649856
90392,0.012903624494385892
90393,0.018154989003663677
90394,0.10018909744861532
90395,0.06549821190413291
90396,0.06832206777256727
90397,0.026839111517095504
90398,0.11663898509766749
90399,0.06361156148548283
90400,0.05663569704900507
90401,0.01405722898351762
90402,0.016189685370747622
90403,0.08777872571841507
90404,0.023891810661910515
90405,0.30672241088822105
90406,0.05032611062382312
90407,0.03364424136302559
90408,0.03321490805392432
90409,0.09306638134969153
90410,0.11607993634051765
90411,0.04078832849866306
90412,0.9092699677816408
90413,0.03533318925647901
90414,0.026079344870571078
90415,0.02257692586298573
90416,0.19469405347185684
90417,0.07883245914636941
90418,0.07256379004131172
90419,0.03293868711885022
90420,0.026808628842747387
90421,0.017092103393774052
90422,0.03765951133280141
90423,0.08716546166705172
90424,0.23263355754119439
90425,0.02475645768188374
90426,0.338871635349246
90427,0.07694793114024356
90428,0.03406707010665588
90429,0.012822453881539252
90430,0.008520759303482773
90431,0.023461395501633012
90432,0.01791095944113163
90433,0.04920703723868651
90434,0.2117946854513082
90435,0.02685292199599743
90436,0.009688882777343866
90437,0.13726262884675788
90438,0.014846032141794387
90439,0.042930427206188726
90440,0.014228662911130466
90441,0.0324189055730198
90442,0.01756951080708901
90443,0.046392494129186584
90444,0.0196386530555176
90445,0.01674163116392543
90446,0.09598784046109804
90447,0.030894932905627368
90448,0.041428158816557675
90449,0.033174836340871997
90450,0.016889287172511282
90451,0.04397254100027619
90452,0.07757770821252043
90453,0.06530147467487026
90454,0.151797598052533
90455,0.03872688607194342
90456,0.047417194916231274
90457,0.030794713263051325
90458,0.03055109962812076
90459,0.08965590173995315
90460,0.04541307005205859
90461,0.1925920292206744
90462,0.04137850700280431
90463,0.03121862665906129
90464,0.04252902339924789
90465,0.07452286242792593
90466,0.14211415738988772
90467,0.01529093053128509
90468,0.045850870899463665
90469,0.024824033248276804
90470,0.029421837346266987
90471,0.288011976895472
90472,0.027994945618918354
90473,0.11811335800485759
90474,0.34368291445388954
90475,0.04350917000459639
90476,0.02431509857033264
90477,0.03149155803573864
90478,0.04570215970872185
90479,0.028218160828339237
90480,0.013959533679005164
90481,0.018009472690349318
90482,0.059863711750172376
90483,0.6062977902852746
90484,0.04112225764830352
90485,0.03464799869082567
90486,0.017813057709129745
90487,0.05414369398134357
90488,0.02153123489014936
90489,0.13895014006837283
90490,0.01477373397168566
90491,0.10974002559766247
90492,0.05988737322821735
90493,0.05395207867869093
90494,0.05415198295253439
90495,0.02324677628804592
90496,0.020300551524065152
90497,0.023060184628994902
90498,0.06354593186685589
90499,0.05484724771435187
90500,0.027036754683840633
90501,0.047395341756686034
90502,0.0717913867625611
90503,0.0719600743404048
90504,0.04772640892030061
90505,0.11421343867604423
90506,0.02629097760925925
90507,0.0441362546702425
90508,0.01743998206720222
90509,0.047331258293016314
90510,0.01463182388875212
90511,0.05469118076277743
90512,0.012243830304808474
90513,0.04141584568194988
90514,0.07129189076592773
90515,0.013956237211061312
90516,0.05832116857024264
90517,0.03616876217253373
90518,0.0269846002320625
90519,0.037052903255056426
90520,0.056852701269945634
90521,0.07179984933876936
90522,0.010645445429443326
90523,0.08788223304816115
90524,0.025176265812084656
90525,0.028187742721480082
90526,0.11380684630638799
90527,0.10148826090557689
90528,0.01606846618412243
90529,0.11133841265558157
90530,0.10773364237068522
90531,0.02213665431867787
90532,0.023915916073903178
90533,0.015533789983945348
90534,0.023650148496766592
90535,0.056571064739099286
90536,0.36972871532027196
90537,0.048493538787190815
90538,0.17672803063159476
90539,0.025191697990373782
90540,0.05705244572348014
90541,0.07756118599938981
90542,0.05745012451608822
90543,0.0285636481212787
90544,0.012716092231854183
90545,0.23753673814044832
90546,0.06317668327883191
90547,0.01900022676669868
90548,0.02023254838636559
90549,0.02939924729326255
90550,0.08451043639267
90551,0.02936819262672455
90552,0.01828921788054131
90553,0.041117042967201596
90554,0.05397449241336101
90555,0.04364729658920639
90556,0.013409397424714573
90557,0.01971948580919436
90558,0.08337004743551814
90559,0.018261644840642435
90560,0.012738658148167851
90561,0.0922868401224419
90562,0.021651252929878163
90563,0.10382956385879437
90564,0.034462484881475686
90565,0.1675275735866022
90566,0.18610976637983287
90567,0.829306085982684
90568,0.011298639485423515
90569,0.1268212539411772
90570,0.05978994210232514
90571,0.031267500737829225
90572,0.026283158995050973
90573,0.02401777284447274
90574,0.02722534191884514
90575,0.03261852147469478
90576,0.0162120365762402
90577,0.10528960460442298
90578,0.06282458277865244
90579,0.02640924248592611
90580,0.07396708149678574
90581,0.02284478868448249
90582,0.009594513573365993
90583,0.024680557401410137
90584,0.0221409578174986
90585,0.1527753347463006
90586,0.10469443944686319
90587,0.033045099971007234
90588,0.058245375553879195
90589,0.009533583715413586
90590,0.026256864852255125
90591,0.041798696312061095
90592,0.06995284539988393
90593,0.032789059725556215
90594,0.011059675105698701
90595,0.026698950342163255
90596,0.2521454670687862
90597,0.17622450682830917
90598,0.027428882299271203
90599,0.06090744894775282
90600,0.02594032862785111
90601,0.019007470182365337
90602,0.03438348378626606
90603,0.17730125112543021
90604,0.03367329354847353
90605,0.053942006630779776
90606,0.12401925157080909
90607,0.19462241872901684
90608,0.024125850600698297
90609,0.6768038463472713
90610,0.028535894383440306
90611,0.0433186430440167
90612,0.020243446421582007
90613,0.030561180974175917
90614,0.018060876859244873
90615,0.060302617088411004
90616,0.05433260512961589
90617,0.045408015342298276
90618,0.0895562768627849
90619,0.03890085096661593
90620,0.38963279498272185
90621,0.2849256974564308
90622,0.05394013998992657
90623,0.044056400220460576
90624,0.010424794105255937
90625,0.029276087968232042
90626,0.015517726470607679
90627,0.02438096462217111
90628,0.07417612738891517
90629,0.3775283896185083
90630,0.06795695616090222
90631,0.019660773326928133
90632,0.06453461284159077
90633,0.01743020711808476
90634,0.1338741198970304
90635,0.018124076611586555
90636,0.11554446584758052
90637,0.03677477175568829
90638,0.02488221706914657
90639,0.06895091018127032
90640,0.06430887056660028
90641,0.03807183257135693
90642,0.011814265235900578
90643,0.01704404889260227
90644,0.03118320544048108
90645,0.03622377175804319
90646,0.034788850471225104
90647,0.06537931242595621
90648,0.03718137394628544
90649,0.045301365626431445
90650,0.0627492995188978
90651,0.08830102746492965
90652,0.03438205010919228
90653,0.04110948215754487
90654,0.18767020464532308
90655,0.035348197189419533
90656,0.09777466039698149
90657,0.18675292794451717
90658,0.05045065928846185
90659,0.028469650376015312
90660,0.1657566190839771
90661,0.06588942896433561
90662,0.1704260036832812
90663,0.0630235412091707
90664,0.18289834238609878
90665,0.02215110908418118
90666,0.06775347436892992
90667,0.11364271735910562
90668,0.0550313621274193
90669,0.02830199843921323
90670,0.040642681155359656
90671,0.20030504597661958
90672,0.0221301531860325
90673,0.042344246998756635
90674,0.013124676527947186
90675,0.12699298215950375
90676,0.18565733613300275
90677,0.03163104041162771
90678,0.021710250799698065
90679,0.016403348858010952
90680,0.02289150350336576
90681,0.2449886661251823
90682,0.03095489983528269
90683,0.07327784371744091
90684,0.07235363986406945
90685,0.0818321741412629
90686,0.07976305780306278
90687,0.09902088364591977
90688,0.0321558156972198
90689,0.02062561620939137
90690,0.018174883353844
90691,0.06914351308594299
90692,0.034430763949710425
90693,0.11222761640100479
90694,0.05750487590202238
90695,0.043201817675775536
90696,0.04271308861242933
90697,0.029059041465429043
90698,0.04651377324581717
90699,0.04561398271281248
90700,0.047377063745712676
90701,0.1115859088863651
90702,0.01943997081917743
90703,0.0801913409772583
90704,0.04578774684772414
90705,0.09515897856343744
90706,0.026744167095098633
90707,0.28705939383230517
90708,0.015212283731799172
90709,0.03068401878945995
90710,0.042023244568732944
90711,0.020524532641391417
90712,0.085526830853518
90713,0.0186511886794869
90714,0.11665074910226224
90715,0.07423118868422354
90716,0.05461805311560444
90717,0.016842984012314127
90718,0.03230473351887272
90719,0.055930747817147665
90720,0.02293464180099827
90721,0.010808247172102884
90722,0.14719084152726963
90723,0.01895396506465898
90724,0.0236423578694106
90725,0.14262704163351642
90726,0.009822041661632554
90727,0.024350203622828328
90728,0.05326650983371508
90729,0.07424358617317575
90730,0.05167172408975687
90731,0.01711077654047032
90732,0.04206763491835281
90733,0.05050308512233119
90734,0.055486402128945914
90735,0.15584562589852005
90736,0.054533845339749275
90737,0.19105687871201724
90738,0.014719023946515072
90739,0.07346919563411214
90740,0.03522433811070641
90741,0.10143263536847431
90742,0.07606222642824442
90743,0.024639266085286098
90744,0.04140846794045893
90745,0.05077339206795313
90746,0.15605108523970432
90747,0.06490108713423134
90748,0.12555132993871929
90749,0.018150463634880844
90750,0.02284840648627117
90751,0.09746600289392354
90752,0.04001489523305132
90753,0.07320308108401893
90754,0.05805069872453905
90755,0.0168015187483261
90756,0.08886178195665283
90757,0.011665279979197477
90758,0.09154182821488689
90759,0.03774200190463574
90760,0.24159332123915608
90761,0.06730922637075024
90762,0.016637644897261692
90763,0.06207301198418889
90764,0.018656560070510798
90765,0.02693308995810987
90766,0.01877692569004377
90767,0.034365564262344606
90768,0.18133926481085522
90769,0.11897517825752804
90770,0.0342486970185978
90771,0.10201356914029217
90772,0.1078889554591151
90773,0.026464023947151905
90774,0.04857087201217319
90775,0.03321962870162978
90776,0.04871911317227142
90777,0.061691685311936306
90778,0.03356142186454997
90779,0.22706059515715676
90780,0.1325403559649891
90781,0.03528878926899794
90782,0.01904774208196742
90783,0.2521752112889478
90784,0.01808900409934061
90785,0.045391199389360856
90786,0.08659824848075119
90787,0.031722280196132845
90788,0.03218923859771318
90789,0.015010921922559827
90790,0.07026788383074187
90791,0.02574754188985411
90792,0.04873149420844004
90793,0.05149392948982789
90794,0.01667071077166736
90795,0.030214600037264925
90796,0.021715566375693628
90797,0.023761819052158715
90798,0.10006573854441661
90799,0.1540809786468835
90800,0.08014066485472858
90801,0.07222614440952088
90802,0.07866612823902482
90803,0.02205009802796468
90804,0.1679559523299397
90805,0.07035700704128167
90806,0.01729204502832481
90807,0.08848455618420707
90808,0.025273757100927035
90809,0.00910221624309251
90810,0.039173463238969725
90811,0.026191172671035462
90812,0.059152087875388476
90813,0.020545477549752566
90814,0.01027789390455413
90815,0.026346521513139074
90816,0.04466017768457993
90817,0.018760811810738978
90818,0.014844517981201105
90819,0.05899456012650883
90820,0.1458861151216297
90821,0.04588853881653743
90822,0.013076964473306939
90823,0.05685830178144033
90824,0.011927524046651648
90825,0.028276708666600845
90826,0.046711510700828164
90827,0.09853911176968155
90828,0.030131744002433573
90829,0.1441551946393737
90830,0.10226787596551208
90831,0.062386196434580314
90832,0.03449133907202846
90833,0.06218472695856009
90834,0.038034973784480744
90835,0.028575832193759886
90836,0.29112765667049595
90837,0.06189321432050191
90838,0.01395226515937244
90839,0.015963415189208005
90840,0.11920169856117863
90841,0.03451602283410983
90842,0.01828381315164465
90843,0.039992863208965966
90844,0.044763269122131355
90845,0.22200516800396436
90846,0.02726047607273315
90847,0.05922367907833266
90848,0.07359771854343768
90849,0.021215856351496035
90850,0.028087119290905477
90851,0.04209753582448375
90852,0.03712536792573319
90853,0.027499899071999758
90854,0.04793352418584449
90855,0.014805873386811708
90856,0.07533043025758536
90857,0.017968641317554594
90858,0.04835043551324096
90859,0.013159975828156138
90860,0.06951196279378485
90861,0.023094725543910975
90862,0.08832848827862481
90863,0.0937870455549911
90864,0.03541258978929684
90865,0.06937135425759494
90866,0.017460807720121957
90867,0.02630092104752358
90868,0.04810769571512566
90869,0.02097528850535891
90870,0.03424383582391366
90871,0.028806118303002524
90872,0.07375753399679044
90873,0.04386311686262441
90874,0.03050246288105227
90875,0.042709800817219354
90876,0.023161293321465007
90877,0.025965523432056208
90878,0.031484151614978126
90879,0.10854579751537892
90880,0.010961038116092791
90881,0.03379443760280997
90882,0.016542894036226795
90883,0.03024131814758891
90884,0.09254725447246058
90885,0.017578161322316682
90886,0.027343873663591145
90887,0.1478513591343845
90888,0.07423532207981869
90889,0.03498133938261116
90890,0.1218645207172401
90891,0.02605277931671946
90892,0.03432101348527346
90893,0.05077271192515196
90894,0.14483990252225964
90895,0.12847770939602982
90896,0.06961699066545882
90897,0.02750451765618277
90898,0.015423287344988981
90899,0.06806213672995826
90900,0.028076535867552842
90901,0.02845119679125037
90902,0.04348716366779791
90903,0.0237342393422811
90904,0.12331671802987088
90905,0.015531611610374682
90906,0.06191202370598181
90907,0.04617950377193873
90908,0.03372847128402753
90909,0.019281130622009673
90910,0.027732076992426614
90911,0.014473661775285964
90912,0.018757945353823184
90913,0.0450628401772583
90914,0.029669770471075295
90915,0.12805880832439287
90916,0.013889136284757787
90917,0.03591058333571162
90918,0.05753955044227718
90919,0.04106281859183841
90920,0.03903518984997573
90921,0.16207887073486724
90922,0.02777883158308791
90923,0.025821230250605943
90924,0.09579301239242576
90925,0.09988772452939496
90926,0.05414533871740208
90927,0.07169259567092065
90928,0.07688149818735113
90929,0.1563535594683905
90930,0.044296291478703426
90931,0.09628766757711166
90932,0.05196673752012687
90933,0.01954188384579799
90934,0.10761507092251191
90935,0.11016613045262726
90936,0.034671955663082024
90937,0.3493125093782103
90938,0.032448163028614516
90939,0.03522935470009851
90940,0.08073578277537422
90941,0.02474430889681442
90942,0.03201216907990903
90943,0.08648255852623324
90944,0.0840157472070133
90945,0.035614438278772274
90946,0.026226252091752066
90947,0.03349369537036072
90948,0.08315379009337184
90949,0.014650255314692055
90950,0.08606858430938276
90951,0.054594735402588676
90952,0.03277416716675207
90953,0.12047795434454574
90954,0.1515402750304471
90955,0.017233007977293453
90956,0.02690888192850403
90957,0.03279126173895426
90958,0.0725240366601364
90959,0.019920559357630672
90960,0.0812108068633228
90961,0.06154892113855685
90962,0.03300307123507082
90963,0.04135549228223874
90964,0.03421214855550299
90965,0.057705027999523935
90966,0.050374220770492334
90967,0.026166519549415842
90968,0.020100543878807445
90969,0.09890344536404337
90970,0.03619903042192878
90971,0.05181210518327117
90972,0.17708914529451633
90973,0.01798930493290823
90974,0.10257090851050324
90975,0.04713890765268313
90976,0.14433878412335302
90977,0.02910996390833143
90978,0.027612136834404617
90979,0.09390164838735857
90980,0.019344204944118065
90981,0.04290789387409452
90982,0.02289983546782584
90983,0.05787113242219614
90984,0.28975734880168114
90985,0.013008181408323364
90986,0.0749699489760189
90987,0.023854060009660488
90988,0.05650657841456274
90989,0.031392606244779235
90990,0.12335971367002227
90991,0.036315926854798605
90992,0.016366437794869855
90993,0.18883329111562952
90994,0.018831568257459394
90995,0.03333888135325766
90996,0.21480418143884572
90997,0.052731472644371793
90998,0.1533197886175495
90999,0.033785020860264824
91000,0.0737900043795813
91001,0.06077469469806726
91002,0.13581154283582908
91003,0.0195631027541706
91004,0.050656195990896886
91005,0.034135398888922704
91006,0.07019761229952184
91007,0.13809524546096033
91008,0.1396367549774401
91009,0.04847515658729247
91010,0.0737624339579568
91011,0.20812736089745348
91012,0.024316883557444408
91013,0.02459385623660059
91014,0.07318261209065982
91015,0.014121441838297989
91016,0.08987310419203698
91017,0.05532119522059825
91018,0.010628666585142431
91019,0.013320590960115002
91020,0.10393704832523193
91021,0.026343994882725943
91022,0.021888316479661836
91023,0.03548100970036784
91024,0.04621408921570848
91025,0.019573882655283172
91026,0.019211427500166273
91027,0.039315016810413723
91028,0.04083423258803725
91029,0.03372797204506695
91030,0.08440163633052186
91031,0.020758657234958736
91032,0.051522391261742906
91033,0.052358553841388364
91034,0.045892667907146766
91035,0.11277415717022955
91036,0.08529430291921604
91037,0.02350165813483726
91038,0.052016248311866825
91039,0.02333754181778551
91040,0.015413119182438158
91041,0.021091791123735375
91042,0.050925413680057284
91043,0.016815388047481217
91044,0.7022753536785741
91045,0.12610953362351268
91046,0.010237732774847571
91047,0.0719136963243593
91048,0.02432919720801646
91049,0.03875631316434873
91050,0.014194036245120605
91051,0.07082545618692587
91052,0.06018147244654725
91053,0.08960967673135492
91054,0.024086355351705523
91055,0.02305672380247996
91056,0.0367884177659087
91057,0.06062658367092578
91058,0.010705151117210699
91059,0.14985596205106283
91060,0.02565232041543052
91061,0.01953934472358126
91062,0.04494461087644061
91063,0.18314511413213272
91064,0.10211839051481932
91065,0.030044746095787413
91066,0.07449017059212373
91067,0.020450979927021544
91068,0.057481340602844974
91069,0.03712991113370176
91070,0.11852762285241122
91071,0.051095774920930793
91072,0.10869658534414717
91073,0.03439097689052845
91074,0.05655814993341461
91075,0.0795549756924703
91076,0.00949609542917544
91077,0.029771667089660992
91078,0.20867132639923847
91079,0.03544571141212191
91080,0.23973355125639884
91081,0.0160244671622116
91082,0.01804283501642841
91083,0.25472866923336535
91084,0.1486500464137197
91085,0.20067173263505922
91086,0.15771546418580992
91087,0.07500790649639921
91088,0.13178618085127125
91089,0.03135359345102556
91090,0.014180774909894268
91091,0.2406424162129231
91092,0.10256968817372045
91093,0.17003771835523573
91094,0.05765988659082444
91095,0.03194640861457926
91096,0.05586539071861954
91097,0.011888908553311376
91098,0.09453039249459286
91099,0.02858013023889891
91100,0.02074861507124489
91101,0.019835192862106204
91102,0.16772112997631333
91103,0.07130303968243486
91104,0.16165987334320545
91105,0.02914245788302528
91106,0.0842758755332131
91107,0.02908250174635194
91108,0.011649100395653202
91109,0.06139177603495159
91110,0.07353060732718567
91111,0.024019399533739414
91112,0.21309012953668272
91113,0.20667767662692066
91114,0.04456772065908094
91115,0.03559043258999674
91116,0.05847651204341714
91117,0.04686246138005519
91118,0.05480928725104151
91119,0.02207741745428129
91120,0.05842349447406715
91121,0.05718075278322575
91122,0.0641312228388293
91123,0.026652153087938203
91124,0.018580673621157482
91125,0.04629724973752972
91126,0.23800696506587954
91127,0.1209504854115206
91128,0.03804341800247772
91129,0.16746050137250273
91130,0.2240168431564784
91131,0.05248762374424547
91132,0.06141364001241619
91133,0.014574614252547757
91134,0.1440109097568622
91135,0.02269506796047082
91136,0.1285170269191788
91137,0.08345954163885935
91138,0.029015596956217884
91139,0.022901513964024255
91140,0.011016534885791204
91141,0.08999737702570967
91142,0.032088641052868364
91143,0.041819909718550013
91144,0.01734892406610781
91145,0.009882627388869176
91146,0.016907502238416455
91147,0.040398937154426634
91148,0.034974182599475837
91149,0.007890615233416429
91150,0.19957648715764298
91151,0.008126792874183119
91152,0.02490896839063458
91153,0.033454297914015385
91154,0.020868112035206013
91155,0.08309571337912842
91156,0.0398739689436409
91157,0.13888517459189986
91158,0.02020207927258212
91159,0.17052953492404654
91160,0.060497869244714425
91161,0.030205707900927744
91162,0.02572137284663467
91163,0.054578432333361224
91164,0.19052027149965808
91165,0.012667682704585166
91166,0.03882444209745048
91167,0.1671296750070773
91168,0.1137213690464026
91169,0.01824300034476498
91170,0.07649099536999247
91171,0.01892713415563343
91172,0.0342660256058002
91173,0.08073944605151831
91174,0.04763750129602726
91175,0.05557394460428525
91176,0.25526713707920223
91177,0.1548453215717575
91178,0.027731298015361665
91179,0.034994171771415006
91180,0.0505576919739115
91181,0.08094945179703411
91182,0.05042464428399485
91183,0.06350118915664199
91184,0.021094123742981166
91185,0.01924016500756713
91186,0.01752859249401941
91187,0.023136988720345093
91188,0.048182775744321574
91189,0.023270080430009672
91190,0.029085889150409633
91191,0.06999161890681069
91192,0.09941953976375743
91193,0.05318247586466181
91194,0.013455437100825472
91195,0.015502832971081777
91196,0.05377189932585606
91197,0.09583509603371043
91198,0.03199281676348493
91199,0.03654445699185769
91200,0.1789975233864378
91201,0.03071726877962859
91202,0.01771501424772414
91203,0.19675020505706164
91204,0.026566492399330857
91205,0.015423100108614998
91206,0.04572304878950577
91207,0.012760666430828734
91208,0.035199144492634546
91209,0.053799665657632625
91210,0.14062442180580847
91211,0.04330495825593739
91212,0.09296442866210172
91213,0.06587817354193191
91214,0.05889809263743523
91215,0.021674477583559226
91216,0.14987761598607147
91217,0.06329229177334741
91218,0.1745573147854625
91219,0.018862190477831824
91220,0.16995716362375668
91221,0.04869665415794763
91222,0.010235157474311609
91223,0.011608118766884598
91224,0.06337668975212904
91225,0.0067148449985809456
91226,0.14903042679059908
91227,0.018641342055921255
91228,0.014093899909593827
91229,0.024115207271772444
91230,0.11495477938709842
91231,0.08248568957448993
91232,0.43504580483165867
91233,0.34584054458558433
91234,0.03546051584757219
91235,0.02328291246709705
91236,0.012377759066518626
91237,0.18811360392463433
91238,0.3108451042632077
91239,0.03461973397826577
91240,0.023239623190664093
91241,0.1337208281297931
91242,0.03935423085671124
91243,0.054730073101962796
91244,0.017665422242151427
91245,0.012893127053475359
91246,0.06460563702200753
91247,0.10281015779038695
91248,0.04193681936349497
91249,0.06615048273017646
91250,0.033810552630910484
91251,0.33350855103985105
91252,0.018071907506695534
91253,0.022203924815940003
91254,0.09408522471138538
91255,0.044261564793942915
91256,0.03160379383962105
91257,0.03820007371490415
91258,0.043772188341016253
91259,0.0797801481581343
91260,0.008456490864191216
91261,0.07477737701193553
91262,0.051587573796730256
91263,0.09317966296423867
91264,0.1313278647737429
91265,0.034408548601594514
91266,0.03813596319917449
91267,0.02553253896210572
91268,0.046919314321787794
91269,0.12455217053115841
91270,0.053359124315625464
91271,0.03706716089609903
91272,0.1359115026032105
91273,0.053315859630395285
91274,0.4617862664303839
91275,0.03782181469929791
91276,0.13922363754408176
91277,0.04471700687517137
91278,0.1033313812129871
91279,0.03673460778863292
91280,0.015603213188682429
91281,0.061860290820654834
91282,0.2844050806554011
91283,0.05793288113245901
91284,0.023416301404930742
91285,0.022620943059821968
91286,0.10714734184247167
91287,0.02767860657176037
91288,0.05697927539808541
91289,0.008980949843260073
91290,0.022199213484827715
91291,0.15236045414921615
91292,0.1208984039985741
91293,0.265884640644575
91294,0.01591115555162514
91295,0.011284336625186681
91296,0.03437498605587988
91297,0.028679006713098674
91298,0.09263545058417567
91299,0.0541576057195622
91300,0.04251133125671975
91301,0.03612650992678927
91302,0.030207293455263313
91303,0.10322415390038288
91304,0.051838126541929014
91305,0.12217118979665045
91306,0.15252677394815464
91307,0.01969167181523186
91308,0.017560860923619373
91309,0.0365203001565467
91310,0.0214138177547523
91311,0.14486460308712734
91312,0.03750573942613959
91313,0.029786282222045
91314,0.07052125808904633
91315,0.026954728896905866
91316,0.08299574706623467
91317,0.02719500496114772
91318,0.030775940486688552
91319,0.19278966703462008
91320,0.01727226453918579
91321,0.011505523227841711
91322,0.07372771878842661
91323,0.057586316186095984
91324,0.020210149684607482
91325,0.09866043407099141
91326,0.02290309689869983
91327,0.02656477820690782
91328,0.11803366385751918
91329,0.02454324030578335
91330,0.26360274226473873
91331,0.03780071957480938
91332,0.10908416996296924
91333,0.03173415404444886
91334,0.05932287260186015
91335,0.058272787307252084
91336,0.014732254403432215
91337,0.08512154784286866
91338,0.06619120894616767
91339,0.01013748540696531
91340,0.03141478387824521
91341,0.06281188451501465
91342,0.022104073579873082
91343,0.03504014506977809
91344,0.0417280483203899
91345,0.1648715304437089
91346,0.009326182485662646
91347,0.037006003646129916
91348,0.6361135072378868
91349,0.03809798107099841
91350,0.05340442196544963
91351,0.04480966192323062
91352,0.22526352830199214
91353,0.012249497533984847
91354,0.0695544647068178
91355,0.08175016801814503
91356,0.06534397655085726
91357,0.06603717258514073
91358,0.019930214101820085
91359,0.22449424570124854
91360,0.03734806453008874
91361,0.1877437176476664
91362,0.04049393015024113
91363,0.01828590493457407
91364,0.4103765244191473
91365,0.051426417151409665
91366,0.09863762109520746
91367,0.11470145578708336
91368,0.1433515432170627
91369,0.049085092993232673
91370,0.07087970415912098
91371,0.08730197462166095
91372,0.20462462293096922
91373,0.061584588559279854
91374,0.045550718058885935
91375,0.009320622339666837
91376,0.0356705702531757
91377,0.5789408701102707
91378,0.012698323168605894
91379,0.02996036518881863
91380,0.07346989621546299
91381,0.17646245198143629
91382,0.033268434555770825
91383,0.029627644431092948
91384,0.0704523229974921
91385,0.1246845969438988
91386,0.15977957966368314
91387,0.1502210151417474
91388,0.16706739251388697
91389,0.08540180617877827
91390,0.053376520592236215
91391,0.0377976294839269
91392,0.037719432726212594
91393,0.08354554175143192
91394,0.015337582934733708
91395,0.06337739385684073
91396,0.028525483915440065
91397,0.05193272659236707
91398,0.018776556740965615
91399,0.024127230392643077
91400,0.030354077861122503
91401,0.12622666521871537
91402,0.07219855955631814
91403,0.04461900660104347
91404,0.06188272275567836
91405,0.062347209145997964
91406,0.021741712249452212
91407,0.09929720113468785
91408,0.042934141440321684
91409,0.049915448667472245
91410,0.12019122160512975
91411,0.09012200139774779
91412,0.14144108804224081
91413,0.023786103285522123
91414,0.032925533123241355
91415,0.08012764485181907
91416,0.03910661742875925
91417,0.017828140178036994
91418,0.022312186541544564
91419,0.053177492944039575
91420,0.2339081257374948
91421,0.059538279451873
91422,0.01382135312489572
91423,0.014874296726473862
91424,0.09690432946745778
91425,0.042516997890635864
91426,0.07703120255436818
91427,0.02558777803955047
91428,0.014450674534533805
91429,0.07446479472265291
91430,0.046958926950242334
91431,0.04073735500830036
91432,0.04010427283789088
91433,0.049570664378070936
91434,0.05680545338463692
91435,0.019273317890709518
91436,0.01200946457316859
91437,0.020526333047365793
91438,0.017201951442327744
91439,0.010998539241087303
91440,0.0341757683761942
91441,0.3166719222077164
91442,0.1152530761198412
91443,0.045634455332259016
91444,0.061608799014945224
91445,0.1391832687050658
91446,0.07732376504702904
91447,0.022405678269903133
91448,0.04151994133893047
91449,0.01858887247942134
91450,0.01820843524141874
91451,0.047549288085606135
91452,0.021191224988894107
91453,0.1315479908440797
91454,0.06641023987656396
91455,0.03713459462925411
91456,0.08202587471970349
91457,0.012259966162904043
91458,0.020226166614164223
91459,0.02479229889032002
91460,0.0695598486406679
91461,0.08316179994609307
91462,0.025032158340833992
91463,0.0254494987424079
91464,0.07160725341318276
91465,0.5082103529580646
91466,0.017677575967312155
91467,0.012542855086475766
91468,0.03066671270452764
91469,0.07046668248503907
91470,0.02321306951297547
91471,0.032744786546116386
91472,0.033809112678610566
91473,0.049479029401634914
91474,0.12574214839940892
91475,0.02681308413621593
91476,0.025988631580527093
91477,0.018819840374775607
91478,0.018740761686039796
91479,0.01598723507500636
91480,0.10717878289065771
91481,0.013147647859670278
91482,0.1000529377217739
91483,0.20992103056007
91484,0.033488168599943004
91485,0.03839240388454475
91486,0.12257077795265513
91487,0.01466244092191641
91488,0.020927140628027377
91489,0.034708718610082
91490,0.025457691598668553
91491,0.1451490645802236
91492,0.017742668726358532
91493,0.05339300651308815
91494,0.09018445597102644
91495,0.05364608691945398
91496,0.014145320778630057
91497,0.019178799812928957
91498,0.07268035384055793
91499,0.06436121980975976
91500,0.04870029250829788
91501,0.14804723206968842
91502,0.18498210097840928
91503,0.11520933440933356
91504,0.03523647339012072
91505,0.03754956456174726
91506,0.031042240999488185
91507,0.1718135870879824
91508,0.0317652724789901
91509,0.18349785875058586
91510,0.03218502689170875
91511,0.08062733211160794
91512,0.08928137602286901
91513,0.05182219748912811
91514,0.016274134735693297
91515,0.02707747432579628
91516,0.03991004553765
91517,0.05347023149675183
91518,0.016623944599864673
91519,0.037971682383334315
91520,0.015501183102257976
91521,0.01285919411048061
91522,0.023356733517165777
91523,0.047051789978192045
91524,0.039763664490493913
91525,0.022818764391465386
91526,0.05391305361581934
91527,0.037588132456782046
91528,0.1005367656312927
91529,0.1482563161590651
91530,0.05930335698434752
91531,0.21277866514316948
91532,0.11766385499659066
91533,0.018587790049485953
91534,0.08063481104662956
91535,0.05996662993318924
91536,0.029900330574364708
91537,0.027269376226695074
91538,0.05738879943903346
91539,0.2573779121556519
91540,0.6243761384860509
91541,0.011302249277060446
91542,0.021327787359606776
91543,0.02898942111854981
91544,0.020821894137665595
91545,0.0772839660603801
91546,0.02729076627543411
91547,0.050278272802648204
91548,0.02192250345241674
91549,0.07960926920420293
91550,0.029583732653764995
91551,0.037068091376169066
91552,0.058500871631468956
91553,0.07137853841161627
91554,0.034813962676559757
91555,0.0252507111488628
91556,0.020239465960004373
91557,0.019763841088574444
91558,0.02518787164033326
91559,0.020248444641311564
91560,0.055968615885447645
91561,0.02070032909752615
91562,0.07827400972499689
91563,0.022137716751914716
91564,0.03947988309625634
91565,0.06008944859712509
91566,0.0905556277514008
91567,0.24335013498703834
91568,0.10625530480476
91569,0.01305840532336331
91570,0.01137883155824336
91571,0.08337620611161758
91572,0.022903041405106395
91573,0.2515394057523392
91574,0.05719825071860163
91575,0.0230173472954123
91576,0.06644038668874258
91577,0.03050271338517171
91578,0.08532450097060852
91579,0.12407063535984991
91580,0.03109527363770985
91581,0.011783364195168315
91582,0.0243633828764375
91583,0.04158887740174335
91584,0.0851702015187516
91585,0.0871291256521347
91586,0.0726030301181846
91587,0.1074425735923657
91588,0.023176266775938988
91589,0.020813747818077624
91590,0.009339324240880107
91591,0.1487879713723447
91592,0.12284196582268621
91593,0.03344461673561073
91594,0.019552587931601584
91595,0.0453753614338861
91596,0.058162557899613214
91597,0.11937262628391443
91598,0.021293772843027088
91599,0.01893549160739281
91600,0.09066362853052189
91601,0.027928751921680747
91602,0.15724780313133646
91603,0.010440168073403474
91604,0.027567409780322044
91605,0.03841548779408953
91606,0.015786791754329173
91607,0.07415915132904599
91608,0.04158780541779894
91609,0.02296056339678853
91610,0.022842042709922013
91611,0.1001053831516295
91612,0.017979726641762325
91613,0.05630212596172392
91614,0.03287203914343997
91615,0.10009202155809765
91616,0.013743469604160303
91617,0.09021647645948466
91618,0.026907142682556947
91619,0.04273310757744772
91620,0.03802812884936352
91621,0.014838777302009297
91622,0.018785776374342457
91623,0.05117937945076928
91624,0.03316914819740866
91625,0.08285905845511427
91626,0.03509602302395584
91627,0.03981521959320444
91628,0.059478436220453276
91629,0.09134700483350908
91630,0.045024129240429436
91631,0.020950955116941394
91632,0.03435130124972745
91633,0.0764987007981035
91634,0.033099538379168306
91635,0.08420594386811935
91636,0.09213133928583923
91637,0.01844295383105486
91638,0.05484830603224984
91639,0.05225579625594705
91640,0.01907392750049715
91641,0.0490470153080665
91642,0.06945874947600922
91643,0.032283855630597505
91644,0.05610587703019905
91645,0.1669041187588541
91646,0.06955201543116053
91647,0.023606580366653262
91648,0.05200019563020016
91649,0.04678535724240186
91650,0.01428963528912916
91651,0.01346443132431703
91652,0.03566931867283854
91653,0.050881193293673445
91654,0.5151328002429827
91655,0.029379853344440182
91656,0.010684750681535217
91657,0.02659390444111065
91658,0.05049328095893549
91659,0.019779020287593065
91660,0.014520201983255744
91661,0.039859996833483
91662,0.08469141622675722
91663,0.023296701380277365
91664,0.02791310526405241
91665,0.14671111379769242
91666,0.032243474802448935
91667,0.037730757773607994
91668,0.08612443511706702
91669,0.11396213807106928
91670,0.04724742504612877
91671,0.09310199598003668
91672,0.021735977434033632
91673,0.036200340357080744
91674,0.04728957559659346
91675,0.01608359416180197
91676,0.022338426133857135
91677,0.07667335391643114
91678,0.035815970203509045
91679,0.014675969395406104
91680,0.047265398584103106
91681,0.13207060291975753
91682,0.014816279669648678
91683,0.02786510606601343
91684,0.015821838620531874
91685,0.029726855377806324
91686,0.3608266349941353
91687,0.08774492399552856
91688,0.023000245033356778
91689,0.025144065339096307
91690,0.05493845972442647
91691,0.017770305325893687
91692,0.012041379534037677
91693,0.2520398747872436
91694,0.06000121258432308
91695,0.010046788901766366
91696,0.1612325130133071
91697,0.011664322233780305
91698,0.017412410234870515
91699,0.027529837426355706
91700,0.013754371260471205
91701,0.05538315018193912
91702,0.09209218942188455
91703,0.14717526375544143
91704,0.05774630264968849
91705,0.07982110618081416
91706,0.0928762298074119
91707,0.053809669292420384
91708,0.21274820488935203
91709,0.17176660778801134
91710,0.026792486675824238
91711,0.053414171296344605
91712,0.2882610383114445
91713,0.05079268563438599
91714,0.45404536350866087
91715,0.02286236549421255
91716,0.044722292968420556
91717,0.03939210524003582
91718,0.0439898714541022
91719,0.04074038705755006
91720,0.023561019024523303
91721,0.10551757628053457
91722,0.21478206864478283
91723,0.06032373764260686
91724,0.019089944615784726
91725,0.009607983991817885
91726,0.012722415593385602
91727,0.012815610748051206
91728,0.11103926097158119
91729,0.05274989363678574
91730,0.0074368940581455
91731,0.02102865730138017
91732,0.01360651764457457
91733,0.025186930723570335
91734,0.01652002205205718
91735,0.014163666781509415
91736,0.11694528534759749
91737,0.16354655504904048
91738,0.03724641459926825
91739,0.35410373424023583
91740,0.014352317926489819
91741,0.0887402638601065
91742,0.06448662573345026
91743,0.020692886216320282
91744,0.020405212378568887
91745,0.01980021803837884
91746,0.01968295601708738
91747,0.03541833339403332
91748,0.0703036473369904
91749,0.05142075683930059
91750,0.06525906417186353
91751,0.03916635060457119
91752,0.03917141953550855
91753,0.17024193034601806
91754,0.017461456708836882
91755,0.03795269934016086
91756,0.04168224524426955
91757,0.07704900470915993
91758,0.06515628402298684
91759,0.012336434338195796
91760,0.08606741472539788
91761,0.024874654635639055
91762,0.2631981360010762
91763,0.048981678376288244
91764,0.07201276678885285
91765,0.03718981694935161
91766,0.07694972707361364
91767,0.0307951228349106
91768,0.042929692052580716
91769,0.019822962962228918
91770,0.02059193071793782
91771,0.025174408929306228
91772,0.01102760913316045
91773,0.10340028969614325
91774,0.029601145688707968
91775,0.06719571081771325
91776,0.06235240352366748
91777,0.019973153146221855
91778,0.04283398034792199
91779,0.15929821979584025
91780,0.11036248608817696
91781,0.12115159823768024
91782,0.08196705700852971
91783,0.016794334399502037
91784,0.015779648291211902
91785,0.13411262718170947
91786,0.03331214335019539
91787,0.011440027342188212
91788,0.011086407500882077
91789,0.040823718568164344
91790,0.03247121652879238
91791,0.128789234669058
91792,0.049588363932475135
91793,0.046441619564704696
91794,0.024551855457769573
91795,0.06284196504660018
91796,0.05171689955199096
91797,0.037997892110575596
91798,0.05551930033700522
91799,0.10488291651154981
91800,0.017619252660792485
91801,0.04116553740154617
91802,0.12544803508724067
91803,0.059869929045153855
91804,0.03557452866191746
91805,0.04854642420180791
91806,0.04630669855428275
91807,0.0468448061668707
91808,0.028318150261604183
91809,0.019984993603889365
91810,0.027222327008203387
91811,0.18520240359121845
91812,0.01981880529563922
91813,0.029596874488137727
91814,0.9708816395658305
91815,0.020537428350387982
91816,0.07811704245118485
91817,0.052222207240895505
91818,0.09951443783021047
91819,0.0429611731493654
91820,0.18518520402995156
91821,0.08496068921495327
91822,0.16381869477899863
91823,0.08388424952517615
91824,0.7399775004336722
91825,0.0382650188470419
91826,0.24630370159823678
91827,0.03926265673453866
91828,0.016302872872775286
91829,0.019070102099427288
91830,0.02880109996805877
91831,0.018858307511274073
91832,0.04429575035198395
91833,0.04228681583914941
91834,0.015831409319608605
91835,0.09585772878375033
91836,0.3064190058066539
91837,0.13251771533694595
91838,0.013604488571375858
91839,0.01924259063283424
91840,0.18204190699562345
91841,0.19902339861312363
91842,0.025228653383020248
91843,0.05081938645392433
91844,0.07286365633330119
91845,0.08108983733135607
91846,0.11831206003832359
91847,0.03744609378052262
91848,0.024095174943778882
91849,0.14587111246856763
91850,0.015912017620093276
91851,0.06040700127548046
91852,0.07298954539565418
91853,0.052813762067208864
91854,0.0671844387797797
91855,0.03261606561966126
91856,0.008407471897806166
91857,0.04205736116161941
91858,0.0360490409658803
91859,0.04129217327971335
91860,0.037138617164984705
91861,0.04726770543842803
91862,0.10455636644284487
91863,0.0534549259468575
91864,0.024934891424205484
91865,0.011274500950950323
91866,0.017529645479881308
91867,0.03996347083899798
91868,0.036725570310315814
91869,0.12760374973027527
91870,0.16041468620786684
91871,0.015523394361544493
91872,0.0704680206128392
91873,0.31845282048976653
91874,0.1268652796484225
91875,0.022100269980262703
91876,0.025448176879151303
91877,0.01958503916524919
91878,0.05118491560647357
91879,0.02451852096052654
91880,0.3071969076249108
91881,0.039445368417100876
91882,0.05804281084452468
91883,0.03882451207782077
91884,0.023275440278552294
91885,0.02497250566739912
91886,0.020915705447512225
91887,0.07855875776037514
91888,0.022861238355422288
91889,0.02845574093387345
91890,0.011463867065054518
91891,0.04313312161210375
91892,0.06797642731877113
91893,0.05833549592940411
91894,0.07791382107946246
91895,0.059317670193518635
91896,0.04385189342419287
91897,0.20063623897469302
91898,0.16399398043786054
91899,0.028176127074741767
91900,0.13698090544231709
91901,0.03888802008368196
91902,0.27303261652655086
91903,0.025973392544419657
91904,0.019620734862557006
91905,0.028017864069263956
91906,0.04099889848996657
91907,0.015428677115982281
91908,0.14373724517239206
91909,0.08711010306552648
91910,0.009225076671130504
91911,0.030541856875676003
91912,0.20123158993047463
91913,0.011667476300134288
91914,0.033492938923945705
91915,0.11299823232557016
91916,0.08143470667099297
91917,0.060786541929013026
91918,0.11832588391823758
91919,0.07400559718122487
91920,0.09161278652981084
91921,0.029947975167275452
91922,0.05535302911046412
91923,0.021715775254745703
91924,0.07716015744749499
91925,0.03447037308629515
91926,0.028372638843585752
91927,0.04755210197907947
91928,0.10835114123122987
91929,0.019433715924109807
91930,0.04274111313868355
91931,0.09111327882566073
91932,0.06629678873781197
91933,0.09296169707215267
91934,0.05964977236817416
91935,0.022820211375037775
91936,0.029138720566334413
91937,0.05704016533454649
91938,0.060694537404632404
91939,0.07860033129951231
91940,0.07152257517901582
91941,0.02955798074843903
91942,0.027184173600375186
91943,0.10101338541188096
91944,0.19185970027085095
91945,0.03160172927105452
91946,0.13895120603907551
91947,0.014873080204144563
91948,0.03767719262743861
91949,0.022007137162597053
91950,0.0910452481805484
91951,0.04827351569155287
91952,0.2207260827771571
91953,0.15728837395237547
91954,0.03965212323032917
91955,0.06382289608812311
91956,0.09123511289994225
91957,0.03197451332856191
91958,0.0616271509377419
91959,0.2096040745987624
91960,0.05982695296717517
91961,0.047651212731679785
91962,0.058681054507282095
91963,0.12726723153249797
91964,0.24725746172049815
91965,0.044529553593991446
91966,0.1415071740689166
91967,0.09261983374774392
91968,0.037286207582647585
91969,0.063806903327771
91970,0.041690392867257266
91971,0.26142541951871373
91972,0.030298609469301657
91973,0.12203193944793728
91974,0.018670207424635238
91975,0.03155799527474355
91976,0.012981086139713861
91977,0.030430863055079346
91978,0.07415831346434823
91979,0.014859624261291438
91980,0.028270524206457707
91981,0.027991484437414567
91982,0.11189997088241055
91983,0.08122863383879547
91984,0.08992117822110829
91985,0.033087582871488816
91986,0.07582919853207964
91987,0.04554692105516013
91988,0.06516867885091722
91989,0.01757976527744909
91990,0.021491179633450645
91991,0.033126370898490895
91992,0.04565845203732007
91993,0.38670590425686063
91994,0.212310500982105
91995,0.126305923960002
91996,0.13156623614144322
91997,0.033415579159858995
91998,0.08174803848309714
91999,0.05554719809689995
92000,0.030695174186805438
92001,0.02217378775219407
92002,0.28323192217203946
92003,0.09178197905995383
92004,0.053684678859640414
92005,0.06592989884445302
92006,0.0237082692385411
92007,0.07128718959507596
92008,0.03450888228016362
92009,0.0935918501847569
92010,0.07337250764289473
92011,0.024407351701588333
92012,0.05485519412178463
92013,0.039684926429416616
92014,0.03399756970867585
92015,0.016802987953032596
92016,0.03067599142680527
92017,0.044086857353670454
92018,0.19503906968452495
92019,0.04035968463136129
92020,0.18927001258785592
92021,0.34282227381266267
92022,0.17405624413275667
92023,0.07162105842690318
92024,0.009768401988597998
92025,0.03879751215094557
92026,0.03754265606697637
92027,0.01818489248815324
92028,0.019419226318286967
92029,0.02948581526697066
92030,0.018317577034015597
92031,0.021681836401982835
92032,0.026525403515572324
92033,0.04533188389567728
92034,0.05525311065282974
92035,0.08466318285705801
92036,0.027281389327175817
92037,0.04135715057617337
92038,0.02060364880733624
92039,0.012981071338595163
92040,0.0190664559261259
92041,0.05287152844881566
92042,0.009015243364382839
92043,0.09448141082500801
92044,0.09732810785012003
92045,0.11152294249263944
92046,0.012322738475247133
92047,0.023238859793981437
92048,0.03016116644911443
92049,0.01936674572427498
92050,0.15206128456653184
92051,0.05839291999092711
92052,0.027320192702723397
92053,0.0519849578366498
92054,0.036620587795322596
92055,0.12883631061314962
92056,0.041992693815070245
92057,0.07247930632398564
92058,0.09416954678914123
92059,0.0701485644014128
92060,0.020717903985180572
92061,0.18912716908528746
92062,0.026146502433149577
92063,0.20211895286054105
92064,0.09411645154365714
92065,0.09005781726992418
92066,0.035712317262849
92067,0.014219760046993662
92068,0.03704000150876384
92069,0.014830287161133483
92070,0.07703741543962594
92071,0.029760133755863998
92072,0.0413499577162652
92073,0.022943145990317812
92074,0.03570174110030783
92075,0.030796864452821537
92076,0.03410775416850129
92077,0.08315442605575482
92078,0.039546505510361624
92079,0.04275800701184114
92080,0.07104611554619504
92081,0.06002879476689424
92082,0.020303002181799222
92083,0.021805170285664883
92084,0.03315678986243446
92085,0.05059074812804874
92086,0.022391304231679135
92087,0.016653074579074206
92088,0.014671688780380776
92089,0.027298724581793797
92090,0.038860437228316703
92091,0.04279437692607646
92092,0.052811708412361075
92093,0.013923733551690576
92094,0.17717781193568516
92095,0.03212620086015011
92096,0.0841678573864198
92097,0.012545809859519527
92098,0.07592797179363603
92099,0.03882949888289314
92100,0.010657167328806054
92101,0.11569584710275319
92102,0.18071151590950463
92103,0.050322109048575994
92104,0.04350055152064522
92105,0.0877812481957714
92106,0.12905370495356117
92107,0.10445138137880053
92108,0.02386981874701037
92109,0.029716328562239207
92110,0.1865353156049253
92111,0.11039519721642517
92112,0.12142306448416604
92113,0.04111787951697722
92114,0.03702184570443434
92115,0.04585699409950826
92116,0.053369079799029336
92117,0.054314264347421884
92118,0.08407841981744589
92119,0.02271539585282304
92120,0.046177098007405146
92121,0.044386329699483106
92122,0.036209913311162155
92123,0.013835318630984165
92124,0.12617692012927925
92125,0.20516211366315504
92126,0.03775776254034545
92127,0.011423989980990675
92128,0.012857243791926667
92129,0.017796596177866483
92130,0.07553223738524838
92131,0.05151070452365333
92132,0.029741117587345732
92133,0.03660752862574668
92134,0.05357986732409314
92135,0.04345440921397137
92136,0.024353528879408174
92137,0.021302447031413308
92138,0.031690495185327926
92139,0.04441002512663854
92140,0.05145014523274538
92141,0.04947598691822487
92142,0.0166465945388621
92143,0.04058040618745948
92144,0.12531251956227168
92145,0.08282287162573265
92146,0.3019888442569392
92147,0.03606864483324203
92148,0.03015346304166263
92149,0.12102151501562969
92150,0.020635282265644858
92151,0.03459088337414731
92152,0.030469946633208428
92153,0.28620984744305755
92154,0.010270706960392539
92155,0.031218828236382227
92156,0.03773253973811896
92157,0.027402513131877013
92158,0.16021298865327754
92159,0.1321531403375128
92160,0.02606737109559544
92161,0.06628494330795928
92162,0.018893041209212376
92163,0.03727193594849368
92164,0.12073296389350527
92165,0.012428873471122847
92166,0.01176134904086655
92167,0.03328745854125491
92168,0.1961858230687042
92169,0.02884972281302783
92170,0.059559780231727644
92171,0.07723373682012001
92172,0.04356988539050283
92173,0.09594910456246436
92174,0.036603190459000366
92175,0.10820559579966205
92176,0.018986001740977674
92177,0.171049368292168
92178,0.02704444959241957
92179,0.008482150169131526
92180,0.029142519584678266
92181,0.015065133049707403
92182,0.025550490684863862
92183,0.05245115415994717
92184,0.0898904620317449
92185,0.03354181037506531
92186,0.07976485013070427
92187,0.04044036252171197
92188,0.04746485166923206
92189,0.21561243794456902
92190,0.11118117396654997
92191,0.0857342251912565
92192,0.019379290910729943
92193,0.20775017950535957
92194,0.09389416452632017
92195,0.02717442875066535
92196,0.15339280840808012
92197,0.007894187849636532
92198,0.010399777326709705
92199,0.046920325264603324
92200,0.025986212586752995
92201,0.01627507323419463
92202,0.1851741412105795
92203,0.22144959210775744
92204,0.1255211812171636
92205,0.00962764281997493
92206,0.03685635266279926
92207,0.024688896591643576
92208,0.02897810953376042
92209,0.08066480059320633
92210,0.0663116005897439
92211,0.11175778760412022
92212,0.02124456328226697
92213,0.12069638546842104
92214,0.05317010799927775
92215,0.06622323334070736
92216,0.15100545288319134
92217,0.05693509319903995
92218,0.015571453790882941
92219,0.018631861825250704
92220,0.03532467999488782
92221,0.05351242538632266
92222,0.01562750195455562
92223,0.021445475214345255
92224,0.19725771511654164
92225,0.11079031359281397
92226,0.2878182285409344
92227,0.023674811486104626
92228,0.034620331340791594
92229,0.018407704851883793
92230,0.04365698273023962
92231,0.03321216857726942
92232,0.07335430246029775
92233,0.05400761311830444
92234,0.039443417799897594
92235,0.027389907464868985
92236,0.026770949220517322
92237,0.3082017512558013
92238,0.04702764573426977
92239,0.07997464353891161
92240,0.09620036063079886
92241,0.04811983109699075
92242,0.07617785215602293
92243,0.12843303383305954
92244,0.05043554123109436
92245,0.06353010068215412
92246,0.05396941842183166
92247,0.012857665190541386
92248,0.03656560985411729
92249,0.07220924724462609
92250,0.03645304560002834
92251,0.04902850070041123
92252,0.3803176046364385
92253,0.10286109906089216
92254,0.04190885012981882
92255,0.11697589574733396
92256,0.017356481446242033
92257,0.6502132825533189
92258,0.05671812370432171
92259,0.12668697704472714
92260,0.05060134517576052
92261,0.060239995860992435
92262,0.0622513358563624
92263,0.031874887096755414
92264,0.023166017283670376
92265,0.03621471928431111
92266,0.04638781724130509
92267,0.030179348610290313
92268,0.1032247075081405
92269,0.48256834290076084
92270,0.03632214627636128
92271,0.053130617155411175
92272,0.03966394221605334
92273,0.029687155120336477
92274,0.019222055445560864
92275,0.0453411169990786
92276,0.02886716672276084
92277,0.027656296890371017
92278,0.05129747869890337
92279,0.10129219836405014
92280,0.015080690750730562
92281,0.023929591315928065
92282,0.03592787468066543
92283,0.03393942403574389
92284,0.03425344685203516
92285,0.019113265407889466
92286,0.07566840492891849
92287,0.016519924304057954
92288,0.03516551969589617
92289,0.2107260076109278
92290,0.02631505825420772
92291,0.04167215775894413
92292,0.011682318192351574
92293,0.011120401152542154
92294,0.021477651155201928
92295,0.027543621509062387
92296,0.20693879892474984
92297,0.02851899151878539
92298,0.036791712057015036
92299,0.037837387129984676
92300,0.02087282479450437
92301,0.07869375229049629
92302,0.021126502016545035
92303,0.05025799555765818
92304,0.0255651789018429
92305,0.015932010674469838
92306,0.014845334755697678
92307,0.39931638312159934
92308,0.02072673732087223
92309,0.08446666075818178
92310,0.016678997703885992
92311,0.10883271075323288
92312,0.026569263833855546
92313,0.11958208793405725
92314,0.04591280194769443
92315,0.08213361332163388
92316,0.07534382671861946
92317,0.09452803320978773
92318,0.013786641003705663
92319,0.04732491436947531
92320,0.09645400376892843
92321,0.05818333919226377
92322,0.07334116062674435
92323,0.12399989329503112
92324,0.043101166307066466
92325,0.1592869691772405
92326,0.04383973490139639
92327,0.0956170329111127
92328,0.07165744089321635
92329,0.09882071755836846
92330,0.03414760959678344
92331,0.021363854392911767
92332,0.18691973654882177
92333,0.06650892488903454
92334,0.03194223686368712
92335,0.2204211471805962
92336,0.12624656323101896
92337,0.01293750526947235
92338,0.04002573829853813
92339,0.09667552031701752
92340,0.051796812943128885
92341,0.08279307302090198
92342,0.186745993064594
92343,0.02371670782078813
92344,0.02398621533750838
92345,0.027612774333318095
92346,0.037369627069642204
92347,0.0796929602416509
92348,0.17447181414108404
92349,0.13197779608588284
92350,0.019470963211225996
92351,0.013224457112462501
92352,0.022604904382713273
92353,0.37824871537391275
92354,0.026387908569819263
92355,0.021504295622232147
92356,0.028920538119730818
92357,0.05452042883425433
92358,0.06478586165721678
92359,0.1710288983443947
92360,0.09055878439302928
92361,0.05843906676787223
92362,0.07810806049323428
92363,0.052248018584857905
92364,0.3925481355866587
92365,0.024702744481209724
92366,0.017492713794344503
92367,0.030033028100619974
92368,0.08231127655205293
92369,0.17533641974555206
92370,0.12294526479873465
92371,0.040308021387743594
92372,0.06101976038639515
92373,0.03091635098670795
92374,0.02516978419038446
92375,0.03873682782441662
92376,0.07710888255393997
92377,0.0888286611675906
92378,0.7508584196450987
92379,0.07206699050551882
92380,0.02352838018200642
92381,0.0580523926874959
92382,0.018163683992875296
92383,0.11031250086901402
92384,0.2622739406892274
92385,0.13941491657200084
92386,0.09998258082681373
92387,0.01581836938833838
92388,0.02782781001126171
92389,0.024199855764905638
92390,0.031225130528495508
92391,0.015833871994753793
92392,0.10676168236324389
92393,0.009704523625825481
92394,0.032549100152500246
92395,0.25305212852525305
92396,0.033177481720143585
92397,0.0410024074711539
92398,0.031026566912006146
92399,0.044814364681660626
92400,0.030131155641852366
92401,0.027340886670325727
92402,0.0238168032897365
92403,0.15928021751142707
92404,0.041229207759835775
92405,0.1021183100047175
92406,0.07601363595648102
92407,0.012099431084187501
92408,0.014107388890662795
92409,0.02972300488438806
92410,0.012992466910343212
92411,0.3790368020439871
92412,0.11137921088031913
92413,0.049685152149885295
92414,0.04051140314899526
92415,0.06187794579722762
92416,0.01697480560902276
92417,0.06718484220918125
92418,0.03990709146926673
92419,0.04521261854957979
92420,0.13251945509198393
92421,0.019169896258353095
92422,0.019223615046897
92423,0.08920244941021563
92424,0.040040595966172585
92425,0.12873094240338184
92426,0.030605494983939108
92427,0.07508263232493659
92428,0.05525533114788575
92429,0.3119165994292825
92430,0.011025590606808263
92431,0.10622462446262404
92432,0.018678711714332278
92433,0.09814512731216404
92434,0.019994957558485352
92435,0.04055523031308789
92436,0.05610113272173381
92437,0.32881944176429145
92438,0.055738897066440474
92439,0.13188260825179357
92440,0.028156448952583783
92441,0.061400499560051475
92442,0.07531036101453528
92443,0.07207812019507309
92444,0.06617199341712146
92445,0.025268323962954642
92446,0.12342815184004718
92447,0.03446306982646053
92448,0.031166155913651534
92449,0.09837090200765547
92450,0.016821731924807955
92451,0.09380640323106562
92452,0.2615001880642712
92453,0.2883108648019871
92454,0.05803202571362545
92455,0.1408262031760212
92456,0.03425385159179888
92457,0.06657424083111932
92458,0.06538377956247855
92459,0.46104072445353794
92460,0.02026559625706023
92461,0.0290847397441931
92462,0.036550051644880226
92463,0.07148180800878724
92464,0.02827379725597382
92465,0.15362032030306028
92466,0.01977934959016847
92467,0.16247227232953618
92468,0.1213829911900286
92469,0.01615084939061898
92470,0.029774756208083272
92471,0.08703533016850187
92472,0.03916914342388402
92473,0.01361680937645899
92474,0.01739632501447632
92475,0.04924702546904208
92476,0.4035460392770433
92477,0.05779589911023961
92478,0.03616934396702209
92479,0.03174509928027019
92480,0.049533186608217206
92481,0.029166886747841902
92482,0.04244325020067386
92483,0.03645560679966247
92484,0.024816955816975645
92485,0.011792005957244648
92486,0.06934412912102642
92487,0.046409679504836925
92488,0.013852420082299685
92489,0.7249631480309698
92490,0.054714123204229165
92491,0.06268683337861453
92492,0.018742193073465304
92493,0.4276336935485648
92494,0.018488390531429852
92495,0.12060080946663299
92496,0.014017383724481362
92497,0.04348267349105147
92498,0.1458534786848526
92499,0.14849872978050466
92500,0.03315708386028244
92501,0.03335198515068139
92502,0.02321269733144532
92503,0.014064637177690992
92504,0.0439772536608205
92505,0.014497314376943436
92506,0.07438198300797504
92507,0.06874086845840913
92508,0.07746687597000215
92509,0.029725251405906438
92510,0.04198517965853838
92511,0.04642044233325812
92512,0.03961740214027499
92513,0.132267663120048
92514,0.02332124375010949
92515,0.09094367924890583
92516,0.026107705668660105
92517,0.05880021765209263
92518,0.05461880814203417
92519,0.021179184386123186
92520,0.07041034194409468
92521,0.012066199418421159
92522,0.09248901145636992
92523,0.04489466607256391
92524,0.031380380901766265
92525,0.08306075932171506
92526,0.04124374035760986
92527,0.22963462013326102
92528,0.08838319939183026
92529,0.03635586397874234
92530,0.05045217229070502
92531,0.09305168809530232
92532,0.07081121134421842
92533,0.04797656037247979
92534,0.02981077412836923
92535,0.033667234534663
92536,0.03715712775396204
92537,0.029045891844270783
92538,0.052338955078095266
92539,0.23700641599640382
92540,0.0167839706573385
92541,0.014839150074929572
92542,0.16927515325401038
92543,0.024773381901969607
92544,0.013255142844222538
92545,0.0687264433132685
92546,0.018728587561176263
92547,0.032299012609353535
92548,0.036187102758166466
92549,0.033831535084167204
92550,0.05121640168730723
92551,0.04962609736204513
92552,0.026501626001881145
92553,0.0420357742482346
92554,0.016430346319280344
92555,0.017246112586975063
92556,0.02985878775384352
92557,0.02319379148738094
92558,0.020014152470571783
92559,0.05620439916324388
92560,0.09317948431261538
92561,0.0443664635936218
92562,0.06511479842357455
92563,0.010471925549751288
92564,0.06743839842822363
92565,0.0176626303016771
92566,0.09131241923064834
92567,0.047360227152191695
92568,0.08459575747612624
92569,0.0436586724571679
92570,0.11949562035707095
92571,0.03004429306468606
92572,0.023018414591886232
92573,0.18419735135565662
92574,0.03338939667386259
92575,0.01660336304325894
92576,0.01831885651185928
92577,0.04923867906424359
92578,0.042140675722943964
92579,0.05987339967245843
92580,0.1292520037508539
92581,0.03758910414678899
92582,0.016433906536597192
92583,0.02642942592627126
92584,0.10520755928830701
92585,0.07802620400182764
92586,0.10372209196038752
92587,0.046963371697150175
92588,0.061761777926875636
92589,0.12910859610473277
92590,0.026658674605902693
92591,0.08637754750266276
92592,0.061313355061850525
92593,0.014982609853481613
92594,0.07814720136135145
92595,0.09559389532928486
92596,0.0399418736185521
92597,0.012236555629437366
92598,0.135978778851052
92599,0.284256466288188
92600,0.03562465173281562
92601,0.025312840111852294
92602,0.04554516962677127
92603,0.18042745004412103
92604,0.1817589014998334
92605,0.10222348928363116
92606,0.06677328509549582
92607,0.032580135167374596
92608,0.04589944199340575
92609,0.02718714579423564
92610,0.053728886901957505
92611,0.08133997712338459
92612,0.02624765815524379
92613,0.019543035998330974
92614,0.1538294496884805
92615,0.11859275129481703
92616,0.16234404166364969
92617,0.01938831684852964
92618,0.037945417072395404
92619,0.063575997642692
92620,0.19615965056046514
92621,0.07264495618939082
92622,0.03285602366874571
92623,0.03771809018479801
92624,0.02828363095852379
92625,0.01662448721018036
92626,0.03109589256652298
92627,0.11276513351716182
92628,0.21819612398280594
92629,0.07608382299412578
92630,0.0920697700272606
92631,0.1941424241518928
92632,0.12937171803632813
92633,0.03356570054510153
92634,0.17529675032721495
92635,0.21891109026075492
92636,0.03600405265574849
92637,0.01862741206239488
92638,0.348249912199354
92639,0.02954977710477546
92640,0.03403341100922155
92641,0.0493723884656964
92642,0.015774481039215478
92643,0.09186517175438091
92644,0.09614354673677453
92645,0.1200271024847678
92646,0.03489548412287431
92647,0.10968658542863342
92648,0.026049229681901452
92649,0.03781374181057012
92650,0.02370404421622935
92651,0.01380493688084809
92652,0.049942088266809896
92653,0.021316082428028918
92654,0.011540653325553828
92655,0.013333214900754762
92656,0.05090050042094559
92657,0.030676486914434108
92658,0.03670044813513328
92659,0.012394538628599214
92660,0.10031382145070583
92661,0.04310973512208126
92662,0.03547559688869829
92663,0.015878766643843342
92664,0.05866949403153819
92665,0.048035550279664344
92666,0.12126209931196745
92667,0.03471371242782477
92668,0.1157552767381953
92669,0.0591870516421257
92670,0.04777110229203461
92671,0.11653482578232627
92672,0.05747857417700445
92673,0.04874807771502115
92674,0.011497838657908113
92675,0.06066522380625313
92676,0.1280457097026031
92677,0.04291350999305326
92678,0.015497136644869344
92679,0.012483096612888624
92680,0.03852283890086655
92681,0.03471645717709469
92682,0.06566776308660562
92683,0.048384149681098707
92684,0.02819737102891387
92685,0.052815516150268256
92686,0.3826334011998918
92687,0.010779641877954726
92688,0.03838226274776868
92689,0.016684061544491778
92690,0.014887676185356812
92691,0.039741777576171915
92692,0.24476736099087837
92693,0.04083095782285312
92694,0.03988195498339023
92695,0.04830740777499266
92696,0.021168547517974753
92697,0.04878255670041895
92698,0.03834363625218359
92699,0.030024273926723917
92700,0.032348535635718205
92701,0.021886915084020655
92702,0.03326130812065037
92703,0.03907754237183583
92704,0.021482411766348932
92705,0.0697840356798316
92706,0.018412038545116895
92707,0.033964298211836955
92708,0.1029027181833244
92709,0.05814700983597793
92710,0.04948519927568178
92711,0.013487725405633049
92712,0.01843832265970303
92713,0.14196181637235564
92714,0.07069695206735559
92715,0.039234229081664226
92716,0.03701357179245618
92717,0.3276625630455985
92718,0.15284368140558832
92719,0.02484149068295529
92720,0.086821642495014
92721,0.20687828679671308
92722,0.026148078317150047
92723,0.08856958524779979
92724,0.018904496203255093
92725,0.03311500503653948
92726,0.014550179686513226
92727,0.039962502872759056
92728,0.11307462790513016
92729,0.023793508491087523
92730,0.07685417196386876
92731,0.24712121539991336
92732,0.02782548877461942
92733,0.0295684887115195
92734,0.10582841995209254
92735,0.21288936322215957
92736,0.06700293461903464
92737,0.1249560361526584
92738,0.04502491822953375
92739,0.04392242502527283
92740,0.039924601203984174
92741,0.025062703900620903
92742,0.15818106533098214
92743,0.017191786940186308
92744,0.03185591815522773
92745,0.11210315530148908
92746,0.0276073414510854
92747,0.06953576620371718
92748,0.013105392584486576
92749,0.18978876477394038
92750,0.05002049989348508
92751,0.022365681817780307
92752,0.04998291430237183
92753,0.09885430192949957
92754,0.029850554390244845
92755,0.11476243882195437
92756,0.12862169838274304
92757,0.013309185671059608
92758,0.030779988465575753
92759,0.03267049362590405
92760,0.10041453645714118
92761,0.04554982739367777
92762,0.036106915224963815
92763,0.023972366753021203
92764,0.0625792158387275
92765,0.08571447312536483
92766,0.06232027563695844
92767,0.1253379802392577
92768,0.027783631849450627
92769,0.024997843084658508
92770,0.05200251421038287
92771,0.037861235385164456
92772,0.01688842741894372
92773,0.09823857853248615
92774,0.01738970093418645
92775,0.1758888224178265
92776,0.13720538544599808
92777,0.09935752741410578
92778,0.06835884469957329
92779,0.008471333950457498
92780,0.0575778143129097
92781,0.1013462016815133
92782,0.10649459629654733
92783,0.024129512715237722
92784,0.1319349764632179
92785,0.06200432974533909
92786,0.3812414777986266
92787,0.09848508865508118
92788,0.04607293530382928
92789,0.014264491761497917
92790,0.02798898934040981
92791,0.022553845556942155
92792,0.12251284250802694
92793,0.01921118622928365
92794,0.06259971814601238
92795,0.0436726167730792
92796,0.052434527423992336
92797,0.04457045482254236
92798,0.036804377605782826
92799,0.02379470723714889
92800,0.026147862258253753
92801,0.048740093188246306
92802,0.09594538518859692
92803,0.029779906724154488
92804,0.08991978256593285
92805,0.1470195197643714
92806,0.03637063608686561
92807,0.09254059653242064
92808,0.16993593517815714
92809,0.3226051152626723
92810,0.13865086502784493
92811,0.1553420145602549
92812,0.020104077255406586
92813,0.23939441741990478
92814,0.1475070050065414
92815,0.042938088134274084
92816,0.02725327539498327
92817,0.03909257568578893
92818,0.06030354064729605
92819,0.033677351320404406
92820,0.09423972276106599
92821,0.03233154642470504
92822,0.05947763767856213
92823,0.05784682272814887
92824,0.034282371851967565
92825,0.06146560059435735
92826,0.07121234827176232
92827,0.016987547562110968
92828,0.09429390081179845
92829,0.018120211823618722
92830,0.009252777360093282
92831,0.0511397217400167
92832,0.023853583883937154
92833,0.0326001531300689
92834,0.019263977377571198
92835,0.06990463610362083
92836,0.0317357339341605
92837,0.012707718980556993
92838,0.03745579774145915
92839,0.10356578986158446
92840,0.02184493331761839
92841,0.024395756036250233
92842,0.04683871730790043
92843,0.014025228111364451
92844,0.08379436683913785
92845,0.020775893897589395
92846,0.12326869981512073
92847,0.020788147543246444
92848,0.06592343201197473
92849,0.04165981260279805
92850,0.054584916671668926
92851,0.06572985001065496
92852,0.02932759714571429
92853,0.020342673274993193
92854,0.20494462005308378
92855,0.21413894130367173
92856,0.03247196604728429
92857,0.08414518859735283
92858,0.041984104110466214
92859,0.05648905579120168
92860,0.07269288276061997
92861,0.023819419474170846
92862,0.19256865036462048
92863,0.028889873486215
92864,0.017211254114164687
92865,0.024039323791333007
92866,0.04989029960375406
92867,0.08508568889729244
92868,0.06908708545767095
92869,0.03126724736158483
92870,0.07210843917113761
92871,0.0704596335832913
92872,0.07723780414757744
92873,0.11967164262697405
92874,0.02906159139194286
92875,0.04314951815464164
92876,0.05093432642907343
92877,0.0496409502130207
92878,0.018108086545361612
92879,0.0389690892861628
92880,0.017391607240386357
92881,0.024710635859992048
92882,0.025948191092258745
92883,0.06400618540930798
92884,0.13055459860030122
92885,0.060129830813213665
92886,0.018073943930274415
92887,0.03748776302236671
92888,0.07393705704213852
92889,0.09397167682832389
92890,0.030343018210125177
92891,0.09504554008751771
92892,0.157211486832826
92893,0.02731949491094056
92894,0.04758999068903641
92895,0.062078073140293094
92896,0.05072671583324264
92897,0.020501722603641755
92898,0.062140416933556104
92899,0.14701519198846716
92900,0.04164968804940619
92901,0.07603031030227363
92902,0.06181542733928994
92903,0.09554539704293312
92904,0.035659040344784905
92905,0.11572640823103299
92906,0.014461109802438804
92907,0.3208266364986298
92908,0.05586804989525487
92909,0.08660596187636498
92910,0.016774835898363077
92911,0.01996811168284799
92912,0.14488662489497794
92913,0.13362556570501508
92914,0.013845490230579197
92915,0.032864863660829774
92916,0.25799010721175214
92917,0.4216041762052334
92918,0.12090655412973356
92919,0.028327893915267556
92920,0.07436302497667172
92921,0.039714379920362294
92922,0.039830979431909386
92923,0.09441523523480576
92924,0.020846405369629353
92925,0.06497517347516257
92926,0.021225756475210737
92927,0.027898703618096397
92928,0.034547920984471084
92929,0.13546066463395745
92930,0.08018739913440984
92931,0.04647299105265922
92932,0.10900983705998508
92933,0.013301388357462357
92934,0.022608195361013488
92935,0.022475332510501864
92936,0.0689877042946915
92937,0.12366588583405058
92938,0.0437611365830677
92939,0.10351990197656025
92940,0.10638325084357106
92941,0.07168791377586553
92942,0.053894411172366354
92943,0.06912693207725415
92944,0.20273378013873714
92945,0.08458424788763022
92946,0.12344103995957516
92947,0.030010380714473074
92948,0.018368411127132757
92949,0.012610817593829574
92950,0.0366506596264163
92951,0.03580009872426475
92952,0.15392870435854236
92953,0.037589736929875855
92954,0.06569603877599281
92955,0.0665366924022393
92956,0.03715139555991408
92957,0.027392952658444342
92958,0.14553659054579823
92959,0.02382126419057174
92960,0.015779720378569957
92961,0.025733179387162054
92962,0.012845707120212546
92963,0.03396479793690154
92964,0.054901730445192476
92965,0.17181918832790077
92966,0.05879301019946366
92967,0.042368884892675616
92968,0.04118200369146166
92969,0.07731599142878763
92970,0.07671002006008049
92971,0.03571634959823474
92972,0.19038034116185482
92973,0.05230200969702766
92974,0.09764632164994855
92975,0.13500861143712797
92976,0.02055364621963234
92977,0.11270004544585602
92978,0.030500899556968032
92979,0.08440529780663902
92980,0.02515282816592047
92981,0.07475230162331876
92982,0.10330142493585268
92983,0.06451667717703019
92984,0.022909444589860474
92985,0.14454229752525086
92986,0.010107490305275295
92987,0.06136111450724152
92988,0.032852435579388606
92989,0.024538811663319834
92990,0.14400657794954505
92991,0.08273034985661491
92992,0.01567844016131203
92993,0.025680912219359347
92994,0.07715569899070818
92995,0.010958440726007592
92996,0.01650540807033751
92997,0.03278043946829605
92998,0.03198195522170415
92999,0.07039638157715325
93000,0.01572574635071029
93001,0.023718790504681824
93002,0.038769886256698985
93003,0.03392523321282506
93004,0.08260569439807809
93005,0.13739530507216113
93006,0.05688490193653315
93007,0.03852679683663941
93008,0.015443729289724983
93009,0.08290954348274167
93010,0.011871496881822104
93011,0.03985137130433138
93012,0.04608574674184097
93013,0.15097364079002548
93014,0.03939912150568877
93015,0.09014575830375854
93016,0.010843987971376628
93017,0.02017472815676421
93018,0.07000592113425501
93019,0.06998449219674069
93020,0.015791923986181046
93021,0.03150783280438116
93022,0.1869890305517742
93023,0.051298018118559885
93024,0.0610025579895411
93025,0.009619898431541719
93026,0.0920614760166229
93027,0.17744406282223663
93028,0.1088450673976374
93029,0.04039537781833451
93030,0.11045178076075376
93031,0.07346685982722126
93032,0.034587223242001496
93033,0.05770905916302096
93034,0.079566914459339
93035,0.03768176285146753
93036,0.03519689743564995
93037,0.04402113013725062
93038,0.05230388962739821
93039,0.033557527589486574
93040,0.31462168264663337
93041,0.034338338237944264
93042,0.038712828359770864
93043,0.07150477839131728
93044,0.022071136095971826
93045,0.14976379080456784
93046,0.02001360945970256
93047,0.08326011394911284
93048,0.027252915094821417
93049,0.2613919944287602
93050,0.04138177823904952
93051,0.0753344284721196
93052,0.028494047893789124
93053,0.09713587922813526
93054,0.025526496771546985
93055,0.061392859674296
93056,0.013804249464358459
93057,0.00995831553137566
93058,0.019139590250496753
93059,0.05457068343887389
93060,0.09471721333285994
93061,0.033134709619184397
93062,0.057482719710899244
93063,0.21654164484933897
93064,0.055962763076416164
93065,0.051339910426759144
93066,0.057672474068511254
93067,0.03731235314605033
93068,0.046579160426917475
93069,0.05999855331692308
93070,0.1014123675898547
93071,0.1735832790781225
93072,0.03029991250885422
93073,0.090619974967289
93074,0.03257415003497442
93075,0.024062486555402874
93076,0.09190272548109689
93077,0.07474240394754816
93078,0.28659093170995636
93079,0.01974185760431248
93080,0.037558300390615425
93081,0.02392273575848247
93082,0.03361427356044325
93083,0.11127961500869972
93084,0.03072307471286953
93085,0.03166539970606255
93086,0.01658074734710696
93087,0.024442249719831142
93088,0.10393989216047839
93089,0.061240832464659625
93090,0.08253456522544331
93091,0.0188679758588337
93092,0.03280542194913856
93093,0.081134756947032
93094,0.016742336189624327
93095,0.04007554784447961
93096,0.13198697322635713
93097,0.017363361569174257
93098,0.14746400957008476
93099,0.1481821021071992
93100,0.03201238738622118
93101,0.08272490731010604
93102,0.04446673731328253
93103,0.015753139262429154
93104,0.02196656625910237
93105,0.0130605168991833
93106,0.03635191120516916
93107,0.0396534266568446
93108,0.060544691260932884
93109,0.13422575133838727
93110,0.11998431159667844
93111,0.05497564286339957
93112,0.06393999756160729
93113,0.06295908549651458
93114,0.20985589438481794
93115,0.03667412333219507
93116,0.2050690287176984
93117,0.023197911479251637
93118,0.01964740979240772
93119,0.012439447886366526
93120,0.056394383691930644
93121,0.08690811005809418
93122,0.04220575937314631
93123,0.04926147507978727
93124,0.028385294504423182
93125,0.05149422931223551
93126,0.09134578232379748
93127,0.05992584200166137
93128,0.1363057918014793
93129,0.06536659956694915
93130,0.09959104870383415
93131,0.05357966096912081
93132,0.048441645945389245
93133,0.036346779410154066
93134,0.011378922266163195
93135,0.033770820570551294
93136,0.06115652322101104
93137,0.03438683732999996
93138,0.03606842709259421
93139,0.014233113014000692
93140,0.031618556326759535
93141,0.03941025010515743
93142,0.05180479343277016
93143,0.06448976826127135
93144,0.07577179962778184
93145,0.052191353009066896
93146,0.059606809587316484
93147,0.03825045931213062
93148,0.0761541490491868
93149,0.013808384626711672
93150,0.027397584365213543
93151,0.14011331954478803
93152,0.2356858080420076
93153,0.029318534534304063
93154,0.07776843937315761
93155,0.02676735670393212
93156,0.011936782978505487
93157,0.11308430928263746
93158,0.17910806723386336
93159,0.08969007908198909
93160,0.012266520924378996
93161,0.06478653285413412
93162,0.011995911546450928
93163,0.2145338588748073
93164,0.04446174376905383
93165,0.027625665311857745
93166,0.1372482765958401
93167,0.09840837608438471
93168,0.07764964211919737
93169,0.15297076446523583
93170,0.0212821301155716
93171,0.03477338927303998
93172,0.050671426674377365
93173,0.35412281380917
93174,0.06623282475917613
93175,0.06737063496763591
93176,0.01836401964357435
93177,0.08302961594693001
93178,0.07299065528693846
93179,0.01959805376117442
93180,0.04710062839712542
93181,0.17548647878127666
93182,0.04213830790036767
93183,0.016935639325863398
93184,0.07911225341613613
93185,0.020414994898609776
93186,0.03144990319932009
93187,0.03992556288866718
93188,0.056336164589947973
93189,0.07033322158330844
93190,0.027905334525134665
93191,0.02791282474652713
93192,0.013674068210802132
93193,0.10780676434735796
93194,0.0230742082839115
93195,0.21671997820104028
93196,0.009938321359435402
93197,0.13172891852167384
93198,0.023342832211945844
93199,0.0432518777541021
93200,0.049320081270809155
93201,0.05830472269177703
93202,0.12209112849778042
93203,0.011757781314094894
93204,0.16243988535886655
93205,0.040007524448912854
93206,0.032862385104110714
93207,0.021589135773217784
93208,0.07323030507133114
93209,0.05946334501078909
93210,0.04345690543994338
93211,0.07623806767937852
93212,0.08063051696712416
93213,0.0477991128890663
93214,0.27493845866990957
93215,0.08706964557891249
93216,0.011973324812470343
93217,0.08094777321852126
93218,0.02858423785043221
93219,0.020587351838859156
93220,0.1294015675894621
93221,0.09503495685181518
93222,0.05009063896050733
93223,0.04735027992019197
93224,0.0979494337369238
93225,0.01795542720472501
93226,0.23863717882185134
93227,0.027564671523278718
93228,0.19587038490645015
93229,0.02983043221152784
93230,0.030272452931392652
93231,0.033399436225468246
93232,0.036746484826285696
93233,0.015842104895395052
93234,0.03556855595177608
93235,0.028578964030662832
93236,0.017849259146961293
93237,0.23504949524479857
93238,0.024045135594601443
93239,0.053615640815877975
93240,0.05441445235824534
93241,0.014949831710987571
93242,0.05460670092157304
93243,0.009648551226948566
93244,0.05653922381441649
93245,0.047449044549540104
93246,0.03717049176474793
93247,0.03509869302664814
93248,0.02096303015739207
93249,0.043030821816303015
93250,0.04782233769029537
93251,0.016424296853081107
93252,0.05191488692987513
93253,0.07018842730851742
93254,0.04295911326129795
93255,0.03134077406078064
93256,0.09361535990797033
93257,0.025682146658152084
93258,0.053675678416267615
93259,0.06185138997018999
93260,0.02237452390488926
93261,0.02848417848413627
93262,0.0628139000309391
93263,0.020643848141422953
93264,0.2648782743038046
93265,0.04788142704521148
93266,0.041280017413743625
93267,0.0823175655524666
93268,0.0650466143543033
93269,0.06333597042957154
93270,0.13488559895081692
93271,0.017949172167179433
93272,0.08293994936472812
93273,0.038763522376159515
93274,0.13095231608736857
93275,0.02634173053813245
93276,0.06813773813930704
93277,0.042339129256154684
93278,0.04042815160152437
93279,0.16521132311001302
93280,0.07776700327788887
93281,0.03189226919333809
93282,0.027664008861155193
93283,0.03725673093659991
93284,0.021908391351125177
93285,0.01842509032961053
93286,0.023938045575161174
93287,0.0517920928323264
93288,0.00985073045726418
93289,0.03001705021907723
93290,0.0629767331031112
93291,0.016837287164882305
93292,0.01761769847550999
93293,0.05799445614824549
93294,0.009989425892251687
93295,0.05803672426359466
93296,0.0430621530812782
93297,0.06453576650022069
93298,0.021148480731719505
93299,0.023937511468520915
93300,0.04100224838525722
93301,0.01922512494396387
93302,0.08580774390892812
93303,0.10994333904439002
93304,0.03187935491383161
93305,0.059315660717961224
93306,0.013315150732664776
93307,0.15459958010740166
93308,0.016057166227600755
93309,0.025464428260437575
93310,0.012363677871077956
93311,0.07202588224385968
93312,0.07090978768846923
93313,0.034313280791015366
93314,0.017357566388766378
93315,0.06397250997268229
93316,0.030478514535276155
93317,0.05269920130592017
93318,0.12842144298913205
93319,0.03997878950932077
93320,0.0369717799710362
93321,0.04911167671116807
93322,0.11174058674222244
93323,0.021511894228390043
93324,0.015523256776947405
93325,0.025815185333848252
93326,0.3284418960346602
93327,0.07727947001003409
93328,0.031372125273480905
93329,0.07083771543635503
93330,0.05212650394440888
93331,0.02714245583894501
93332,0.06991891073664235
93333,0.02492807781460627
93334,0.08534271185657247
93335,0.09340050977281647
93336,0.040206709540485414
93337,0.03230808129217263
93338,0.08020215620195852
93339,0.10319635805209709
93340,0.05637864677260884
93341,0.01372044789169867
93342,0.016471664967472103
93343,0.04388197202762445
93344,0.02110008246755374
93345,0.06861183070129102
93346,0.038780996176243615
93347,0.04943812506891287
93348,0.14369397225868982
93349,0.023256949027905975
93350,0.06894688836008199
93351,0.02654134647466897
93352,0.03558712256615869
93353,0.027078301859105744
93354,0.03645851531925462
93355,0.02658080043841817
93356,0.0636798009469605
93357,0.21483552883412502
93358,0.030523218578826387
93359,0.014095197590122416
93360,0.06148131304269525
93361,0.03163391496086719
93362,0.07455982634125738
93363,0.4034856163004503
93364,0.047975061164914026
93365,0.07858512842882616
93366,0.023115894762768173
93367,0.054947816504333606
93368,0.06996457953601115
93369,0.05997782252788887
93370,0.11850883193688473
93371,0.03122750027654542
93372,0.017295489954374632
93373,0.06396422202491002
93374,0.0647063360089022
93375,0.14915455968143662
93376,0.08579323075276894
93377,0.07660885104603621
93378,0.16738604912014404
93379,0.2902980293367623
93380,0.05403731101343011
93381,0.14978391164732524
93382,0.05122272001487853
93383,0.03602890300159236
93384,0.05073665750735331
93385,0.11578463852746615
93386,0.14308942852876763
93387,0.06321643011965958
93388,0.061337953193163375
93389,0.01822902475346772
93390,0.035630604458988274
93391,0.03433397178523705
93392,0.03400836885244121
93393,0.05288906310334647
93394,0.015560209170927526
93395,0.08193952094813395
93396,0.03128969304302434
93397,0.12241282338238894
93398,0.054112963021847274
93399,0.011508493271761466
93400,0.024448685111181843
93401,0.071873483388525
93402,0.023593053394430796
93403,0.06015594102913502
93404,0.02315943107854753
93405,0.11353519273436562
93406,0.015568948158097846
93407,0.08684183729958407
93408,0.49587257748093677
93409,0.014114502379162676
93410,0.11669594680296022
93411,0.01992454132154444
93412,0.17203158101842736
93413,0.018923206039483755
93414,0.04259050087470963
93415,0.022563054132392665
93416,0.27164047309673905
93417,0.06895266582102494
93418,0.03921173614347979
93419,0.028462731331413346
93420,0.10207416452189096
93421,0.06536974348205704
93422,0.0671003072076167
93423,0.1773774003590442
93424,0.03458563264946767
93425,0.07072702517778232
93426,0.021737579912362734
93427,0.02713403897174113
93428,0.021008083785214113
93429,0.009205057474711436
93430,0.027610245926190418
93431,0.04996608518789934
93432,0.023967743875436785
93433,0.029232371075107795
93434,0.13185533959474321
93435,0.11405766366010218
93436,0.058804866672540514
93437,0.07305455337018708
93438,0.08823846920682982
93439,0.15680107800425477
93440,0.007632606233988303
93441,0.0547816913102746
93442,0.10053166891569765
93443,0.06919333327722167
93444,0.009408180852809507
93445,0.014566821758685403
93446,0.07296322022304683
93447,0.08228682071419836
93448,0.06948569781914368
93449,0.08523595700781658
93450,0.3311286052168886
93451,0.06030318667619353
93452,0.15695072935999801
93453,0.04640910914287122
93454,0.020299146645701534
93455,0.056217777242753175
93456,0.025200641020696163
93457,0.0873530807381772
93458,0.04656987475621108
93459,0.07262075526239802
93460,0.036942245285264644
93461,0.07946059236743043
93462,0.01577492133574589
93463,0.017475608438287476
93464,0.0322222102382523
93465,0.006812489999874523
93466,0.014648671393887962
93467,0.09716332346589997
93468,0.12654340954376614
93469,0.09013932809896136
93470,0.02361077422195856
93471,0.17288285203429588
93472,0.04600479432680809
93473,0.02533048217347586
93474,0.029872126215417905
93475,0.024580316033003747
93476,0.08535485398511068
93477,0.032203605904139634
93478,0.060798369211410214
93479,0.027215902676127227
93480,0.0642320863628936
93481,0.08441723283178426
93482,0.16907659180189846
93483,0.03179504114629938
93484,0.044351740526827034
93485,0.08864623254831952
93486,0.019460879121184802
93487,0.07588948492436638
93488,0.015329546480166803
93489,0.09304769517349264
93490,0.03229854887871608
93491,0.04701551517542048
93492,0.013907740881373648
93493,0.07731910056889219
93494,0.02009559139773215
93495,0.05949856048832478
93496,0.01517626898171359
93497,0.04295395138248049
93498,0.028328937793789904
93499,0.07925763723694274
93500,0.02302103928772228
93501,0.09421675815285926
93502,0.01552313123982658
93503,0.06797420819111903
93504,0.03131589847853966
93505,0.06250552705145049
93506,0.08336012873069709
93507,0.07429723272462413
93508,0.24879992468542933
93509,0.014675807106771034
93510,0.04041257565780815
93511,0.052930016040063844
93512,0.01158983539689342
93513,0.04103570193624872
93514,0.12222842555149137
93515,0.017015577802913275
93516,0.035567642044070806
93517,0.015975559139985347
93518,0.10551908752158354
93519,0.023089012764773945
93520,0.08536487551025579
93521,0.032864422448031685
93522,0.011381012216045911
93523,0.024283042634168216
93524,0.03733418632552522
93525,0.041155335411379945
93526,0.06657662877029283
93527,0.01657621610749666
93528,0.072317359036312
93529,0.03464586929900888
93530,0.21161303522964325
93531,0.0845557761390499
93532,0.024708817305525776
93533,0.04004674799053169
93534,0.05324607334317448
93535,0.02813862791427335
93536,0.04070414565493888
93537,0.02926556118021074
93538,0.046028003706507524
93539,0.0657365438575348
93540,0.04686410841931274
93541,0.013515049725818216
93542,0.023746949977141912
93543,0.11033007898108656
93544,0.012405032673625702
93545,0.03173663505752092
93546,0.04030927770487398
93547,0.04321241753137877
93548,0.04271266160094846
93549,0.028432797725390754
93550,0.037238012455868365
93551,0.08109360116132702
93552,0.040555465597397616
93553,0.02862301742568997
93554,0.02954393636819276
93555,0.08208468674195181
93556,0.11620648676435441
93557,0.024650139330202252
93558,0.16811785919738048
93559,0.009316777674295952
93560,0.04006252584289518
93561,0.016417355796118603
93562,0.04624351319618797
93563,0.7345173394831884
93564,0.09965259910191178
93565,0.02463574156812357
93566,0.10112407556477107
93567,0.06325400765662738
93568,0.04291605723265533
93569,0.05249181660723871
93570,0.4179050884454939
93571,0.08800400832402269
93572,0.017632131049117518
93573,0.20293217832061916
93574,0.07170672567440839
93575,0.04056097269480079
93576,0.148178413935763
93577,0.06675869550905646
93578,0.030402323022738643
93579,0.11272367439438474
93580,0.04054653701225612
93581,0.031730326604994384
93582,0.060727606598016716
93583,0.06560866632731113
93584,0.5410328468442719
93585,0.06494146103521083
93586,0.07246758825256933
93587,0.02601870410416947
93588,0.010747920064539488
93589,0.12005990119634707
93590,0.04963217361991277
93591,0.043850917938854594
93592,0.06673732359667865
93593,0.5283882391596958
93594,0.11779111399768509
93595,0.04672358331569113
93596,0.03272870428705038
93597,0.09807798937817193
93598,0.01580260042108586
93599,0.05051044991556575
93600,0.048506592368124976
93601,0.12049829353801889
93602,0.009025877625761493
93603,0.044312131312912305
93604,0.09392335190328999
93605,0.03513944316720836
93606,0.03497285020928446
93607,0.049552657803703576
93608,0.02058740223390438
93609,0.05010509580357548
93610,0.026252460262527356
93611,0.019782824463128894
93612,0.05246419985189314
93613,0.020259911074619052
93614,0.028876241301750157
93615,0.01522851034088521
93616,0.01679182464127363
93617,0.03095417602168455
93618,0.05319217710635861
93619,0.03453309045886678
93620,0.038166254885467925
93621,0.028808552238731133
93622,0.05571586718536398
93623,0.0419490118782672
93624,0.050961288076994904
93625,0.02616961788148211
93626,0.018650862196019365
93627,0.09951713037578253
93628,0.049908081541883496
93629,0.15161388961063899
93630,0.09635009051291404
93631,0.047623311715053296
93632,0.04056264412881511
93633,0.017774374642160126
93634,0.10090490074196633
93635,0.020700872215711
93636,0.04316609385801237
93637,0.21288394083296414
93638,0.018386514316661752
93639,0.013802433055535857
93640,0.03704615068387303
93641,0.04938510535470294
93642,0.050215923093936896
93643,0.23600407133600618
93644,0.058777090055162975
93645,0.03462006500257746
93646,0.03895930437874089
93647,0.03180942467297035
93648,0.02364398304429762
93649,0.07011281164664811
93650,0.030087323740043734
93651,0.0692476131266994
93652,0.06451043614823654
93653,0.044111197073614494
93654,0.030328205882283993
93655,0.06463742565817629
93656,0.17435145555615844
93657,0.03151715596128917
93658,0.017068457922800442
93659,0.03116813953179837
93660,0.023000974173431582
93661,0.03380190983667581
93662,0.026154252742370154
93663,0.10101216951461658
93664,0.1318617655865824
93665,0.060836396613088886
93666,0.09390130410811187
93667,0.027643718076719753
93668,0.03592168796673241
93669,0.05000771102450938
93670,0.14718288993357298
93671,0.007108980930794037
93672,0.017403999300508434
93673,0.01922772248257036
93674,0.12170388952065328
93675,0.05507926158122678
93676,0.048423712029699556
93677,0.014677166127668142
93678,0.09295819987407838
93679,0.05433675669085559
93680,0.10258070888625313
93681,0.04342171047220431
93682,0.07687880525127706
93683,0.4037846156938313
93684,0.07522602508188408
93685,0.052661344392520425
93686,0.022283353008168125
93687,0.016067595754110188
93688,0.019923032834122265
93689,0.07796434064824606
93690,0.06911024687225818
93691,0.01177481790708258
93692,0.20870781194704607
93693,0.06374979795867892
93694,0.12535729011519428
93695,0.017652282126964874
93696,0.05384339305405854
93697,0.0399473198254166
93698,0.02427984244953698
93699,0.023125816346091982
93700,0.017095638213062408
93701,0.041228269383166594
93702,0.018151314399950675
93703,0.12100044281448348
93704,0.05606852614507929
93705,0.032884067757095986
93706,0.01279315603490645
93707,0.02337033802218002
93708,0.032682045434573495
93709,0.02318673219919539
93710,0.17891997093799034
93711,0.019643594139895974
93712,0.08341859494656252
93713,0.0831116120760001
93714,0.0363920231164298
93715,0.023737498359835962
93716,0.05301584706148489
93717,0.020712391993809004
93718,0.041860211107871595
93719,0.03313307489528425
93720,0.09569250139765927
93721,0.07026009003623442
93722,0.0262747115517337
93723,0.12251121168722937
93724,0.10359478835613106
93725,0.04946596388538111
93726,0.0863689656869414
93727,0.01968289236729112
93728,0.027955922861832825
93729,0.08554736107294748
93730,0.21471044195692204
93731,0.011332849673432427
93732,0.030862795021254157
93733,0.03431036985833501
93734,0.021110923776932602
93735,0.032385923110001325
93736,0.0381386179826555
93737,0.08544315237049221
93738,0.10403755687500715
93739,0.2713294040421748
93740,0.021052051705252914
93741,0.1081409283136943
93742,0.048224277428811045
93743,0.018393885252489417
93744,0.019342759720869688
93745,0.11414754843949965
93746,0.04070601615181256
93747,0.045156502590805954
93748,0.019579828110760582
93749,0.03923177456864939
93750,0.06376831403108722
93751,0.12214099946358771
93752,0.06680564906500838
93753,0.025384239891922893
93754,0.10608573463340035
93755,0.7312574989362404
93756,0.02995811952281099
93757,0.030466111384996594
93758,0.0650022228211008
93759,0.07956414793421271
93760,0.09094179809285144
93761,0.02755818440264776
93762,0.05591666736541607
93763,0.026378014471909718
93764,0.02455675789383682
93765,0.02557884037990482
93766,0.04619215193384162
93767,0.0094872730468331
93768,0.09212486644550152
93769,0.11153105364430467
93770,0.11644125081790399
93771,0.02824139504078038
93772,0.04090101561833914
93773,0.05509313141972903
93774,0.027145200616863027
93775,0.015204063262934855
93776,0.11787598726815642
93777,0.17398491841972377
93778,0.02955012120430333
93779,0.06780485974242925
93780,0.0780861570718047
93781,0.018249770769997103
93782,0.022424129521785546
93783,0.0354420040645161
93784,0.09226771587281299
93785,0.08908834768032392
93786,0.11387441819410302
93787,0.02617015613601764
93788,0.049204820480157944
93789,0.06134442344279299
93790,0.02576584583278782
93791,0.022620102668915038
93792,0.04485093092260361
93793,0.026580973959372547
93794,0.11754220060097705
93795,0.16288169049142426
93796,0.07073883385467977
93797,0.03186497062796199
93798,0.028493248495405875
93799,0.014067280249202828
93800,0.011626807123592858
93801,0.04744013085829174
93802,0.0712822593883063
93803,0.052677485908287365
93804,0.03499838547464931
93805,0.02441621288293719
93806,0.045896663280602566
93807,0.01440019388886439
93808,0.12219517740234825
93809,0.02295708596465957
93810,0.08090875574168949
93811,0.20216121418390753
93812,0.020917513869555183
93813,0.07507896403177228
93814,0.020615644756067815
93815,0.045386685179368655
93816,0.22663827794280564
93817,0.0713161612366114
93818,0.8515813479787671
93819,0.03254084615372044
93820,0.08240056587215108
93821,0.011234470160807548
93822,0.04159580013159467
93823,0.03408051263467188
93824,0.01814991783585039
93825,0.0383887974640043
93826,0.023905287205740092
93827,0.0487869921936985
93828,0.07700993048276988
93829,0.049688949931692636
93830,0.045373943694081854
93831,0.08732916903312248
93832,0.10754464207390006
93833,0.09012017386599144
93834,0.04848475386983683
93835,0.07020925398442887
93836,0.03925147089629874
93837,0.024224459863182883
93838,0.05185967149651141
93839,0.07929373496457578
93840,0.02307260041840035
93841,0.03520356125908979
93842,0.01764151269665093
93843,0.02302034711317685
93844,0.06504212904018525
93845,0.04969932530932093
93846,0.11581610781102628
93847,0.009982848001164047
93848,0.02305503228656916
93849,0.03156124647237221
93850,0.014236511927268923
93851,0.26994868973494174
93852,0.01767871699160372
93853,0.06217142642916822
93854,0.015514712278088118
93855,0.08066442104617379
93856,0.08943757237959714
93857,0.20064872266049733
93858,0.08157484632811869
93859,0.059259169488090874
93860,0.027741677828720744
93861,0.016818117082525952
93862,0.06629585193255173
93863,0.022279750261860503
93864,0.026023230354698057
93865,0.03483583408475649
93866,0.08877964045830568
93867,0.060071115674095704
93868,0.053769093555768296
93869,0.06904626215033632
93870,0.01737309106901312
93871,0.0676415435322359
93872,0.017105656673899836
93873,0.49095767338075247
93874,0.023278345107423774
93875,0.02398539889533894
93876,0.06353796890529805
93877,0.06235616906948846
93878,0.01608125171596792
93879,0.2523653265233524
93880,0.16042590156464354
93881,0.04641665619753596
93882,0.08974514604443112
93883,0.676994512605405
93884,0.02242428786991712
93885,0.048083222268278644
93886,0.10409302102763876
93887,0.020819589211517105
93888,0.02816812961206519
93889,0.05150353042000208
93890,0.058505335581171776
93891,0.03852291288030582
93892,0.12371499491603513
93893,0.03249904784609078
93894,0.03183627846020766
93895,0.016491284752666875
93896,0.10672840600641877
93897,0.03402437853192297
93898,0.05660337493100834
93899,0.03327902150114191
93900,0.20707294126958983
93901,0.009613777987841417
93902,0.025660911258514853
93903,0.036272791936145625
93904,0.06134523509229986
93905,0.057930090345213694
93906,0.03083579819353786
93907,0.009984653889977605
93908,0.04911464757710933
93909,0.04811505546019286
93910,0.01728716640608221
93911,0.06034155849696353
93912,0.09292166692843558
93913,0.08340423472254027
93914,0.06512186555220094
93915,0.08355633308029947
93916,0.03195442423974284
93917,0.06540537549461872
93918,0.23695015175947298
93919,0.03902454990795425
93920,0.04979150772315266
93921,0.0842306993677757
93922,0.08617586845420644
93923,0.028158581177399045
93924,0.07862215955900215
93925,0.0294812406367725
93926,0.016840362440170377
93927,0.027328205987464764
93928,0.04326882178155946
93929,0.046122847709304846
93930,0.015564793852265576
93931,0.06685147182585922
93932,0.35750780179086983
93933,0.18000996040090134
93934,0.02833003291337345
93935,0.017063998042129012
93936,0.045720569863128335
93937,0.04660985116881934
93938,0.07566298450761103
93939,0.03979658630104214
93940,0.03128435795650861
93941,0.04696469786354749
93942,0.05717262418532196
93943,0.13008383000985574
93944,0.012394365984260696
93945,0.018362036128879284
93946,0.10360641690776028
93947,0.033239823773738984
93948,0.2899394546275303
93949,0.10333296526561479
93950,0.07421819265410509
93951,0.04313949536811734
93952,0.022720636982037832
93953,0.03232970466133162
93954,0.0295352670291395
93955,0.25551123820100885
93956,0.020585559313862904
93957,0.13374472342918153
93958,0.028820783294190917
93959,0.0353204155613666
93960,0.1611435530429009
93961,0.02873318909157243
93962,0.05083439340409686
93963,0.014363843193742905
93964,0.03926576871666837
93965,0.029850057289557315
93966,0.021102036352921134
93967,0.02406826427014743
93968,0.11247562192967318
93969,0.08535586319863339
93970,0.07847476327091875
93971,0.16320554416092153
93972,0.1583633925916764
93973,0.05363497224392233
93974,0.1190834888859988
93975,0.06060257260825312
93976,0.023318574157787795
93977,0.01768651207274619
93978,0.05689121292493668
93979,0.01845635378321899
93980,0.27967426595974015
93981,0.008560479126078994
93982,0.10470954588233528
93983,0.07990183786292984
93984,0.03462928695192495
93985,0.023615142319443692
93986,0.09874138677467773
93987,0.02042081385523832
93988,0.07751352979866306
93989,0.035795170585346675
93990,0.08272480018691288
93991,0.018297027046643734
93992,0.14765850079755866
93993,0.30875220437294243
93994,0.04540542636355136
93995,0.08716352340528408
93996,0.29232950295578797
93997,0.022171780825648565
93998,0.06996757129832389
93999,0.01072707720056948
94000,0.02715502000364524
94001,0.34598839964128014
94002,0.023744753501701063
94003,0.04536629677670873
94004,0.013206908402973977
94005,0.01834897536722686
94006,0.06716121044263115
94007,0.013609623514219484
94008,0.011332308859141197
94009,0.014391548016892002
94010,0.06205219078486085
94011,0.04166476163679083
94012,0.06072130024696421
94013,0.05058522512557913
94014,0.10316400604848226
94015,0.06324469271761606
94016,0.11680606772343798
94017,0.05990368410092717
94018,0.05910260289557409
94019,0.16812493811832774
94020,0.021008856812685918
94021,0.06356555198405432
94022,0.5702540389023164
94023,0.07415796940356667
94024,0.02981349494299683
94025,0.023481004510945522
94026,0.010666470908348437
94027,0.02611322387299617
94028,0.018982303073373903
94029,0.09033760936359075
94030,0.015932335474173158
94031,0.020579838941226027
94032,0.03476211283752176
94033,0.14750890407023556
94034,0.045007723451888124
94035,0.03215566953464747
94036,0.016942372138591844
94037,0.028190470875730962
94038,0.016314466126084344
94039,0.08217232759856086
94040,0.10868360190986193
94041,0.024660004636894883
94042,0.01829472041041769
94043,0.024701695596582078
94044,0.07093918415674547
94045,0.06323312390500763
94046,0.03752298848482372
94047,0.07630086459498146
94048,0.020607371093738818
94049,0.03396190781645215
94050,0.025747958275458838
94051,0.05364738083307773
94052,0.34680583496224643
94053,0.0339278156894452
94054,0.07479579454721347
94055,0.12125923536918908
94056,0.08813974360395774
94057,0.043715738941606554
94058,0.06098087655160263
94059,0.03067570376552485
94060,0.07890216226145715
94061,0.03327978774304129
94062,0.010164484158043746
94063,0.02378007958708382
94064,0.037510473927770176
94065,0.07021361908712975
94066,0.01600944415316589
94067,0.16033645642612376
94068,0.10563592937729982
94069,0.11783474656346439
94070,0.011536784713036164
94071,0.07007196554510449
94072,0.029287894268512235
94073,0.02323548484167673
94074,0.34989840527269755
94075,0.02580063398393261
94076,0.02571603502266719
94077,0.038758327211206686
94078,0.137742537598636
94079,0.02768993515901104
94080,0.07232416435892988
94081,0.05950706215310541
94082,0.011564655978113694
94083,0.030907353012323245
94084,0.04806764741631357
94085,0.05555037065367327
94086,0.01942674417275869
94087,0.2695119519308403
94088,0.04780378062155561
94089,0.025331672796834282
94090,0.056985551579252336
94091,0.052101702499539486
94092,0.07803463106080644
94093,0.07391932396105189
94094,0.027446534667444084
94095,0.043560664299353596
94096,0.01607053955590848
94097,0.02948150243230551
94098,0.031639248985445165
94099,0.034076519212654637
94100,0.07019381862926889
94101,0.14802664607280266
94102,0.04073106350016835
94103,0.029461482330913537
94104,0.11320592827599996
94105,0.015404711740598896
94106,0.10175326163533512
94107,0.06538331517152492
94108,0.021019723133616396
94109,0.040042996326405275
94110,0.044135874063346264
94111,0.04749373832422914
94112,0.04863579890351859
94113,0.09965974975879335
94114,0.07968003815196337
94115,0.09412365949386545
94116,0.022989199547059185
94117,0.10373557258147102
94118,0.008692373287698571
94119,0.012464775999682973
94120,0.05010432782289498
94121,0.015696484809955006
94122,0.08672729237620218
94123,0.04616960484237136
94124,0.02944064407482593
94125,0.07173016981078187
94126,0.07052515999004022
94127,0.06912277457336984
94128,0.014653693045838774
94129,0.053968261512695036
94130,0.12501504945543876
94131,0.043288191730457906
94132,0.13608986889206326
94133,0.038370595324544024
94134,0.05012326811573565
94135,0.12942298348046183
94136,0.07017431232955135
94137,0.44233101448111867
94138,0.10451199070733469
94139,0.15205683123956634
94140,0.04837495348874889
94141,0.046522509532062516
94142,0.04604205344705872
94143,0.024118975670460535
94144,0.01380504928190078
94145,0.01440070191197807
94146,0.06824840091945261
94147,0.05141884979836191
94148,0.01311437363329827
94149,0.10377444601520672
94150,0.06505449110100901
94151,0.03564083600666848
94152,0.08459248122714222
94153,0.053099967000901235
94154,0.012049528207863713
94155,0.028634968569197214
94156,0.026530262527457688
94157,0.1425714434888418
94158,0.42626737374795476
94159,0.05792726092312658
94160,0.09179077240405312
94161,0.06500709064709331
94162,0.05560782450619783
94163,0.029381961082912973
94164,0.07252699208664999
94165,0.02102063953338404
94166,0.08941989727199864
94167,0.164518129287055
94168,0.08244011581846337
94169,0.06016618492970912
94170,0.34000679415197527
94171,0.07363972472904036
94172,0.049253856040808244
94173,0.040482532865571574
94174,0.03155474465286907
94175,0.012627745561653865
94176,0.014215468063365135
94177,0.015301205243714927
94178,0.01804888526283427
94179,0.04000039703809969
94180,0.011871243456698603
94181,0.05938971489264214
94182,0.0837982996098099
94183,0.04978415421381591
94184,0.2003482218923529
94185,0.09449671328051445
94186,0.062229833349096875
94187,0.13508935225829605
94188,0.12107194499728632
94189,0.032665602900421316
94190,0.06529400848994721
94191,0.048792041754191745
94192,0.021910793110407525
94193,0.08690425803418537
94194,0.030670792325765937
94195,0.11834786240087056
94196,0.07831842181330026
94197,0.28368878683968474
94198,0.08406878607120455
94199,0.14494352287372844
94200,0.033951471922255595
94201,0.01936312606714001
94202,0.040429828532061826
94203,0.03575446459412556
94204,0.037904442463167966
94205,0.017486976760541798
94206,0.04143959114813957
94207,0.03369087031602641
94208,0.1194914112914605
94209,0.16712716798284458
94210,0.058621700763449594
94211,0.04430363969869462
94212,0.012137173649519217
94213,0.19211705895791314
94214,0.03427102626952594
94215,0.12307319199182845
94216,0.025922940893543536
94217,0.07549900080609079
94218,0.05048148858070799
94219,0.040284888781845885
94220,0.04311727223220968
94221,0.22546588010757307
94222,0.04329101015149849
94223,0.0428128636594688
94224,0.034953576719098836
94225,0.041564130827167416
94226,0.02273142063251089
94227,0.1434653707846744
94228,0.027744171182353703
94229,0.10745595756586782
94230,0.11114716300038813
94231,0.2628768540265123
94232,0.07677320524238233
94233,0.05124244834784482
94234,0.016095318552619035
94235,0.01813682116983123
94236,0.07218127021694357
94237,0.016899352145854345
94238,0.06110024974064592
94239,0.03159580085763089
94240,0.030086035036728388
94241,0.14382556001882257
94242,0.053673467588687206
94243,0.08140362832451906
94244,0.035929294267518536
94245,0.20279520510576998
94246,0.06570284888680063
94247,0.2574872361085505
94248,0.05592346803027191
94249,0.0369089387319089
94250,0.09141109155078998
94251,0.02321800218726295
94252,0.031744436296886565
94253,0.08790926976999368
94254,0.027540720709649167
94255,0.23574679985643904
94256,0.021129166878547705
94257,0.04671057816759782
94258,0.054647984060972266
94259,0.02493385850623961
94260,0.01308359027337006
94261,0.04598374966573071
94262,0.07532192033172093
94263,0.026919586548294322
94264,0.059711541866537515
94265,0.03460215862197625
94266,0.18185831099966202
94267,0.04254033915429737
94268,0.046096943519020585
94269,0.182350843350899
94270,0.2646320907173631
94271,0.04384381864155107
94272,0.0669895598668896
94273,0.011148893123960588
94274,0.014292923014731514
94275,0.03024521101878456
94276,0.1003487544838989
94277,0.028252049517945212
94278,0.16704323988422548
94279,0.05079736524679858
94280,0.01838497077755382
94281,0.033229198810191825
94282,0.05330194302365336
94283,0.018885207133358565
94284,0.019923323915236338
94285,0.07544285519006574
94286,0.023192149456149763
94287,0.08397040949450597
94288,0.04685853797486107
94289,0.03015352988831473
94290,0.3583735456673685
94291,0.04152098328681303
94292,0.09632678602394668
94293,0.014636512208259664
94294,0.06840436889419706
94295,0.02169689706924555
94296,0.04517707257071502
94297,0.025318134573717104
94298,0.05249885584777913
94299,0.0798311175337346
94300,0.031602722664835034
94301,0.05110433276211469
94302,0.023917133418054574
94303,0.16513794967295914
94304,0.038630444509045375
94305,0.06295142588018965
94306,0.031273659250227154
94307,0.08743105976410713
94308,0.03422018529508216
94309,0.0281540150766051
94310,0.10484594441631354
94311,0.013757810831290877
94312,0.04782452498355817
94313,0.054758413310757814
94314,0.1391514357592189
94315,0.0835385724965435
94316,0.035261351300373
94317,0.05850449282409046
94318,0.02416426181716593
94319,0.04733603680069484
94320,0.10114783776585676
94321,0.020866966778686515
94322,0.02844225827918393
94323,0.023052742712138422
94324,0.3262332717036649
94325,0.030759964066028038
94326,0.014032694114108814
94327,0.019707514363445283
94328,0.049020019198408954
94329,0.049238876686016744
94330,0.04161516633635315
94331,0.06779523188704589
94332,0.03252961749821946
94333,0.025480601526737562
94334,0.16203099353036143
94335,0.05913786993988292
94336,0.09134932996288982
94337,0.025912332129294183
94338,0.02062068962857369
94339,0.07484733767552604
94340,0.09594354138142679
94341,0.014202827211744977
94342,0.06395567009744864
94343,0.0681920470003924
94344,0.043706881007034876
94345,0.02959439122463781
94346,0.012591901727242727
94347,0.07885614426769397
94348,0.05383895743971071
94349,0.011612565775697126
94350,0.011824438574431287
94351,0.025037716761164737
94352,0.03242644886036002
94353,0.10912410788843026
94354,0.04571626902483272
94355,0.9737292134793302
94356,0.012428409749570867
94357,0.008700944329841167
94358,0.09160241582999382
94359,0.09540176521834612
94360,0.138670418346513
94361,0.07266427828530839
94362,0.02517354769564819
94363,0.06716476282047497
94364,0.03599237122119825
94365,0.01882290799950777
94366,0.04396839495429045
94367,0.04668449440199021
94368,0.018084481326143754
94369,0.02306426785940177
94370,0.0500899002875175
94371,0.025677594091317164
94372,0.04412713929497287
94373,0.055637915477250596
94374,0.034004601897074986
94375,0.849951325200341
94376,0.10309148789096059
94377,0.5605911537769211
94378,0.012103393160763913
94379,0.046189701332350876
94380,0.036055337944964995
94381,0.01683575777525618
94382,0.21855898914685556
94383,0.032090506859610804
94384,0.021102791453735708
94385,0.02725489859646994
94386,0.053169381874799276
94387,0.09140304845423514
94388,0.034025725612683175
94389,0.01993235993245833
94390,0.05518837723884746
94391,0.10820983636287676
94392,0.022952087109645726
94393,0.09897046170911764
94394,0.038889037636272786
94395,0.037564977809993544
94396,0.03426794294072823
94397,0.011089517537567102
94398,0.02249882632712369
94399,0.1672346070801838
94400,0.06987576620774835
94401,0.037136940975797096
94402,0.01932130137268071
94403,0.07961167833727503
94404,0.03727197487851111
94405,0.04419999246066213
94406,0.033789457300353785
94407,0.04870109907971788
94408,0.09341689241047756
94409,0.2712378060002841
94410,0.07384848210157102
94411,0.09021148416178489
94412,0.050842795738714246
94413,0.030090149404607927
94414,0.027774539453165097
94415,0.012041051052398803
94416,0.20092100061539647
94417,0.023364710708824683
94418,0.02176696164132354
94419,0.0609686493263603
94420,0.025633399891470468
94421,0.03866943057883021
94422,0.032933544764392066
94423,0.07819111639797352
94424,0.04091512422898002
94425,0.11030455081243797
94426,0.022465419174842252
94427,0.02045586953685704
94428,0.035845997163636026
94429,0.03683912271609189
94430,0.05372994029750951
94431,0.08310700399759549
94432,0.0761761111722643
94433,0.05994331614766475
94434,0.035011345640262356
94435,0.010739468477233869
94436,0.03668386438191778
94437,0.045386039086547605
94438,0.008553011738054908
94439,0.015037198458057312
94440,0.08226089481229447
94441,0.034372835145194756
94442,0.17354379864963035
94443,0.2886596726246709
94444,0.018481287324952297
94445,0.08248383246047578
94446,0.0527418302602803
94447,0.18140778542317498
94448,0.2960470718979842
94449,0.015133529168946778
94450,0.02665743318287514
94451,0.015206545891656225
94452,0.04494591406436719
94453,0.12766705247185298
94454,0.01840215448049842
94455,0.037911165000654
94456,0.04358877076565035
94457,0.037160707859723995
94458,0.30771079671053286
94459,0.02464420045640898
94460,0.11251972244870743
94461,0.03375785020435346
94462,0.07352835009625315
94463,0.09633675946175861
94464,0.09812400388605366
94465,0.027891597840875665
94466,0.044743899057760175
94467,0.017235498539394864
94468,0.01732831644035863
94469,0.04523335603839637
94470,0.04608555657335992
94471,0.13586903267388106
94472,0.06054437374639853
94473,0.038949412594130955
94474,0.0527372218853321
94475,0.02292480797169595
94476,0.015650713891427206
94477,0.051440993715172474
94478,0.02406831321329745
94479,0.05638701920972948
94480,0.11861188446554088
94481,0.03198184749123031
94482,0.04745885895094881
94483,0.1268734536654357
94484,0.03675305473812314
94485,0.023407106695239238
94486,0.03643551923767841
94487,0.14341058132500872
94488,0.023826950713156544
94489,0.035694705091142656
94490,0.03571498555032262
94491,0.03003405903326794
94492,0.03712939649755555
94493,0.056552608988367795
94494,0.021954399879280658
94495,0.03823250435039796
94496,0.020433755500675728
94497,0.024775343476689964
94498,0.06222973002702327
94499,0.04874283007883546
94500,0.0529114004032838
94501,0.041754382899087804
94502,0.0368838027399163
94503,0.04656797625444839
94504,0.06997070636883768
94505,0.04077912612977361
94506,0.032044334843272626
94507,0.059547802954834445
94508,0.09962443831559736
94509,0.025710558975946853
94510,0.050579112287693795
94511,0.015474358157426534
94512,0.05880684857238029
94513,0.0820343841829137
94514,0.10422812526873249
94515,0.032126255328844305
94516,0.16919466725837493
94517,0.008365617052416932
94518,0.02871174410663821
94519,0.024681652867503113
94520,0.017604698683504897
94521,0.03165189945025702
94522,0.11013727650162132
94523,0.06525446514192954
94524,0.023756460297836055
94525,0.017842899118258385
94526,0.041683790936159294
94527,0.0497713758830228
94528,0.016921563754924332
94529,0.11443481838832897
94530,0.028128246503828953
94531,0.024438599822497707
94532,0.019502357868894787
94533,0.01725962978327203
94534,0.07487123841601458
94535,0.11076545496694509
94536,0.02251449702055798
94537,0.024452908462523244
94538,0.07342842098556784
94539,0.10036293427167307
94540,0.15682929999143905
94541,0.0373269307703851
94542,0.3098126408792563
94543,0.07937756632241416
94544,0.014165284535451069
94545,0.02379237815303662
94546,0.04691208683018042
94547,0.07705770943745036
94548,0.1014621920477514
94549,0.013540135373990998
94550,0.0267369586219408
94551,0.06297285150159433
94552,0.03829127227017594
94553,0.03266554631502461
94554,0.04786098758166314
94555,0.11496143706876974
94556,0.027800485665469263
94557,0.12722251482748512
94558,0.015983368874538786
94559,0.1251684239200173
94560,0.036609971032091515
94561,0.05312965294811568
94562,0.041697071515096676
94563,0.054832077993259114
94564,0.03526749019833757
94565,0.022227361847835733
94566,0.032833892812905024
94567,0.052184251677092085
94568,0.08871102104452021
94569,0.04601177266887062
94570,0.02709659205137062
94571,0.020456043954791434
94572,0.014018313701899862
94573,0.031143427364114164
94574,0.03667068607205337
94575,0.125810390291767
94576,0.038614516293850994
94577,0.023856017700820492
94578,0.021853352256782737
94579,0.04548539566064345
94580,0.04311349369236672
94581,0.28245546728279414
94582,0.01473051808558658
94583,0.04680041847533175
94584,0.04593140291705038
94585,0.05686372821864456
94586,0.03209322472508894
94587,0.015801568228059205
94588,0.12013123786489005
94589,0.02957221703434923
94590,0.028701031201912214
94591,0.21212753056621625
94592,0.0646964749594324
94593,0.08929888892136331
94594,0.05780113249682765
94595,0.054026192448626845
94596,0.018800563774723396
94597,0.043197321517327275
94598,0.1092918337909428
94599,0.030870255759970777
94600,0.08283122119847804
94601,0.07002387244805328
94602,0.012232688841654755
94603,0.1118646181844624
94604,0.06442385159313693
94605,0.022547436665028096
94606,0.0472396744697067
94607,0.1864102413186828
94608,0.029853761942943504
94609,0.027494708099489177
94610,0.06847748813940092
94611,0.0518289880381823
94612,0.13929720853683877
94613,0.08105634163438544
94614,0.05863637200354742
94615,0.03098125532581353
94616,0.19616468825125966
94617,0.012454841828573534
94618,0.031042282741970358
94619,0.032967532454269255
94620,0.07127748850423135
94621,0.06429183734534814
94622,0.17175530696075905
94623,0.04089056978562181
94624,0.12237155419834296
94625,0.24542642621467492
94626,0.07543524679023751
94627,0.01926023712874933
94628,0.018454562987009697
94629,0.1104982751847273
94630,0.025483757747078856
94631,0.08557173820371855
94632,0.08052424232373694
94633,0.16854305461149371
94634,0.05653221093821234
94635,0.03453285388983686
94636,0.019256074811659588
94637,0.02883894148065097
94638,0.01044969972978245
94639,0.04024928161764484
94640,0.08951208599699878
94641,0.044300770516257935
94642,0.03557416005563524
94643,0.03795995658956324
94644,0.14206378831092115
94645,0.0081764914302474
94646,0.01734168064390869
94647,0.023302352480300086
94648,0.061135946028576416
94649,0.013010619398478074
94650,0.017740069954620095
94651,0.03630259183515018
94652,0.05330281979945606
94653,0.03167929008160564
94654,0.017859794382572763
94655,0.047553179195706
94656,0.018738027523467746
94657,0.02980006654150163
94658,0.3388860224831593
94659,0.03836708311133018
94660,0.029238281576328476
94661,0.02000781108208772
94662,0.02639270916194665
94663,0.06086032942754507
94664,0.04961532929729563
94665,0.08828385114504872
94666,0.04824193920978994
94667,0.05558868441042071
94668,0.007651772423602203
94669,0.017321081519897693
94670,0.03190290159320468
94671,0.019555895057558486
94672,0.12687058399004303
94673,0.6067062205778764
94674,0.025289014862337048
94675,0.16950080220452607
94676,0.06481605303404922
94677,0.03447274330557245
94678,0.023428140446928224
94679,0.039640581440703274
94680,0.015422737160851463
94681,0.044865924873348756
94682,0.04627759110065277
94683,0.14293260401213229
94684,0.016519656400183907
94685,0.07759110649875964
94686,0.046830049227962176
94687,0.04408989585321538
94688,0.011330067600804098
94689,0.05109702722666308
94690,0.05855925690299764
94691,0.04052679749525081
94692,0.04882078054363282
94693,0.07992449902657581
94694,0.017588390423555637
94695,0.08156376796557913
94696,0.014597288675320725
94697,0.23855098686180626
94698,0.09712213480230125
94699,0.016008728337357975
94700,0.02659334430212602
94701,0.034603550499985605
94702,0.010785827942881906
94703,0.10113508972769214
94704,0.027471300555173606
94705,0.0503139852563254
94706,0.02701769947592119
94707,0.038562369046970565
94708,0.05962961690655287
94709,0.04931753693033054
94710,0.05954099613453526
94711,0.04408333241073911
94712,0.021903885952009653
94713,0.02819361154775165
94714,0.02774853790613973
94715,0.034999317418843864
94716,0.014394421241842693
94717,0.20760341666867366
94718,0.02852769650725642
94719,0.02470262864795919
94720,0.05175531576057204
94721,0.057493367519124663
94722,0.04660809546233474
94723,0.03217802969661617
94724,0.045717783792124954
94725,0.07321922551953301
94726,0.05886849625992484
94727,0.019047100494297437
94728,0.04876650746037686
94729,0.060257459641804234
94730,0.04680053981537961
94731,0.04582427437603543
94732,0.22194091570559266
94733,0.08002339457683433
94734,0.04192227638418141
94735,0.01809549788768742
94736,0.027450980835492945
94737,0.024210674104244642
94738,0.019477504805657405
94739,0.047427912644926976
94740,0.024629996053335455
94741,0.07689748190154586
94742,0.027846610394077598
94743,0.09817827012730888
94744,0.06181791431120286
94745,0.2365354063979906
94746,0.10544303000352573
94747,0.10643165214334907
94748,0.20234214885126245
94749,0.46548600229027537
94750,0.06851079610463572
94751,0.037132530185933085
94752,0.11357620376499152
94753,0.0669917064004856
94754,0.08917180908917835
94755,0.015773075162617677
94756,0.010486132078286772
94757,0.016535052518418424
94758,0.007638395602693714
94759,0.030109339425687193
94760,0.050656672055495136
94761,0.022885898605156878
94762,0.030026019224152233
94763,0.011102438595405823
94764,0.11248566398067034
94765,0.029848227275310536
94766,0.036765566229740546
94767,0.36273852677198926
94768,0.022855469600865447
94769,0.034660951595829013
94770,0.024825442849978424
94771,0.04878791758975903
94772,0.09068219544200262
94773,0.05301533359148808
94774,0.05154204089104875
94775,0.11590889040784483
94776,0.03588179346324349
94777,0.06273602642812345
94778,0.1020274867546696
94779,0.02227275963700895
94780,0.041004587025269906
94781,0.05724980096065548
94782,0.45665334383111766
94783,0.021355056308814502
94784,0.06251439832692866
94785,0.03327327349180753
94786,0.08699097737467196
94787,0.0801371406326715
94788,0.021321245787909927
94789,0.10203736667213223
94790,0.021643584944419408
94791,0.025533618191044057
94792,0.04971773848849904
94793,0.07720529774558449
94794,0.08149059889749895
94795,0.04652288186691195
94796,0.09846902668572872
94797,0.034201570007338825
94798,0.024440552025570154
94799,0.01535193087568441
94800,0.03148802305048588
94801,0.025701699115413597
94802,0.3458076349920508
94803,0.0951309000127141
94804,0.1234427981061655
94805,0.15055881475625024
94806,0.034510562171021324
94807,0.09363790494076485
94808,0.0809356539648611
94809,0.014955009594837768
94810,0.09078628859375079
94811,0.048899849726148976
94812,0.015289553590799063
94813,0.035217392774436126
94814,0.32046913380804115
94815,0.018524851994371552
94816,0.10830036956302655
94817,0.032006208283541976
94818,0.16755182586149894
94819,0.032634277813430035
94820,0.02019335309267121
94821,0.051082062228793745
94822,0.05010476085735877
94823,0.05948299297401517
94824,0.027616799034834244
94825,0.008766674746823
94826,0.036967489884696975
94827,0.03930031201109534
94828,0.010447650069066748
94829,0.09261080057455051
94830,0.06670811306372423
94831,0.02619976347184031
94832,0.09932144704546184
94833,0.019068752537976436
94834,0.05276076111975272
94835,0.020168171040617966
94836,0.0691381636109203
94837,0.1432489992534549
94838,0.0625556255207873
94839,0.15687653841861934
94840,0.024594435815917817
94841,0.08026078714095168
94842,0.07762883869606016
94843,0.056597320079622926
94844,0.014550738117828718
94845,0.12373280910284942
94846,0.04022416243065971
94847,0.02518239481330098
94848,0.11402799289327911
94849,0.1745210151471506
94850,0.1597241348493349
94851,0.03351956234382022
94852,0.012929837391481985
94853,0.04205181964495966
94854,0.03535063438932124
94855,0.052267840435568466
94856,0.021239899021482836
94857,0.04363564754103458
94858,0.34108650963489545
94859,0.04954001892482357
94860,0.03605612102849502
94861,0.2301386345896973
94862,0.011893505421867357
94863,0.0178530139848803
94864,0.012700051993841825
94865,0.036871229857432575
94866,0.05911191272507817
94867,0.07943492113850983
94868,0.03606796931392988
94869,0.012730289921337897
94870,0.07890258886510657
94871,0.10659908737379176
94872,0.027780551654933476
94873,0.01829424831164209
94874,0.034354914369305094
94875,0.4350933299845579
94876,0.034184213857005305
94877,0.03475872911619811
94878,0.028024066230490415
94879,0.028636550638611084
94880,0.044387407041708855
94881,0.0434960178584159
94882,0.0117548939487967
94883,0.0986842065748293
94884,0.05337377920731841
94885,0.32766709563858987
94886,0.03969503835772836
94887,0.03797635996413828
94888,0.3191477167285969
94889,0.0931522144310244
94890,0.28078203319158823
94891,0.17628306262129215
94892,0.04680068048308076
94893,0.07648835742786773
94894,0.012074148761324656
94895,0.028279145316767326
94896,0.01584614015853338
94897,0.02392303025543118
94898,0.0738452987651749
94899,0.012522858201330755
94900,0.16252753240888046
94901,0.04298616951100385
94902,0.016022860023911244
94903,0.03242130826893634
94904,0.08358616168721947
94905,0.019787553108668282
94906,0.030816501373475007
94907,0.04600068581580331
94908,0.09638995911337789
94909,0.14086769775426922
94910,0.07040341020138888
94911,0.059030392905682114
94912,0.03200228773667555
94913,0.03799925219466111
94914,0.019519487917029562
94915,0.11449601992669836
94916,0.018143743360923496
94917,0.011767661047059884
94918,0.04060405146214811
94919,0.12964802528331612
94920,0.099777600380164
94921,0.019794683720604656
94922,0.03590378354501864
94923,0.04807110156818499
94924,0.036483451257371374
94925,0.04797641818997093
94926,0.03335855478579669
94927,0.10910347465229
94928,0.12238336251571699
94929,0.04468374091342764
94930,0.040472748763590825
94931,0.03821807336629892
94932,0.0912181267229384
94933,0.20118221304812878
94934,0.07386057063373955
94935,0.08263363592983752
94936,0.026778163043174322
94937,0.04312419955612179
94938,0.02496765807536444
94939,0.1295871006390149
94940,0.034941470876001565
94941,0.036736208517832325
94942,0.10704678402860449
94943,0.01896863703707524
94944,0.035701055936120815
94945,0.017063139737259397
94946,0.05417030698061825
94947,0.10012243668433937
94948,0.10021352932726821
94949,0.06737373359186441
94950,0.013817236662900984
94951,0.031815196736442425
94952,0.039963372937484795
94953,0.06860572437939272
94954,0.04180838384361209
94955,0.0620813206652782
94956,0.012112338731872953
94957,0.04861338766505263
94958,0.012068526771638676
94959,0.13233374482169957
94960,0.05708980642531067
94961,0.009605747682410626
94962,0.02462839593084079
94963,0.06628628027145522
94964,0.014538290572638236
94965,0.03510718189231926
94966,0.025341566041267395
94967,0.050311180587484974
94968,0.03584684593129728
94969,0.17672926407243114
94970,0.01643944565659365
94971,0.2088943456460069
94972,0.13293233181829636
94973,0.012361494012191006
94974,0.079801142827331
94975,0.036981870380821055
94976,0.029566990401394738
94977,0.16003290977948076
94978,0.05638798667876642
94979,0.0123312149005015
94980,0.011252829040804763
94981,0.07651043097596569
94982,0.05407031033536781
94983,0.02533047960687039
94984,0.026464036900457545
94985,0.0671519387942888
94986,0.07462944983748082
94987,0.10444182402039323
94988,0.029595802965539483
94989,0.028415929032489275
94990,0.09678209387929149
94991,0.043287426374835944
94992,0.04288331811767094
94993,0.10324220548341301
94994,0.009116323462711087
94995,0.055792419852447324
94996,0.021759849188962857
94997,0.02108104359983603
94998,0.05074282797377356
94999,0.05890958857048866
95000,0.010197524242188668
95001,0.05518352288032208
95002,0.1182336253219248
95003,0.015440154229629162
95004,0.02817480199498221
95005,0.07661040074658343
95006,0.04164942176958953
95007,0.08059181088202208
95008,0.02896745040835428
95009,0.07499857449979902
95010,0.042444296429019986
95011,0.06432224521718681
95012,0.0285790234203921
95013,0.19541011229655947
95014,0.06813662273018709
95015,0.27605982210447805
95016,0.024042593356590272
95017,0.025038558739223615
95018,0.02091082389505215
95019,0.0812524949147315
95020,0.031928851368286416
95021,0.047756181130228295
95022,0.021895232993018827
95023,0.029459936701128578
95024,0.027396720959904673
95025,0.03925205198246236
95026,0.049961148078728305
95027,0.018491683820071034
95028,0.10647363580054142
95029,0.03638254324334491
95030,0.08100075074498508
95031,0.03434967151580837
95032,0.02609487275877151
95033,0.04082521869162144
95034,0.07292392655354996
95035,0.10917186400390547
95036,0.054138210210508894
95037,0.03881066365625799
95038,0.032220609466939235
95039,0.03756613668214886
95040,0.038297292057598006
95041,0.035518778984344565
95042,0.17103773106265344
95043,0.15241912239046634
95044,0.054320276020552484
95045,0.04828038423738422
95046,0.046566644098276946
95047,0.03418100998497063
95048,0.09803123786361179
95049,0.02089083479842174
95050,0.14546386478430048
95051,0.12315479558998207
95052,0.13332684765837916
95053,0.07860977360168211
95054,0.018921553666587054
95055,0.04421650501628348
95056,0.03583564589655901
95057,0.03665630166642786
95058,0.035387079259248146
95059,0.05355273024395734
95060,0.32180663845025587
95061,0.017455043679795917
95062,0.24252548531860332
95063,0.052612296504496905
95064,0.02529810581705102
95065,0.01568736618152462
95066,0.22592062155148845
95067,0.050605021004079126
95068,0.03793588728082356
95069,0.051771255845561505
95070,0.07283901751725212
95071,0.5909200635434985
95072,0.05474851449053235
95073,0.12916995613943438
95074,0.033259874660183125
95075,0.013535506980965608
95076,0.07655427868547963
95077,0.02517492238508623
95078,0.3844839271682881
95079,0.0559773745448891
95080,0.10952933877308028
95081,0.026828108579489595
95082,0.3642810384928014
95083,0.022502202534100547
95084,0.1373926772301803
95085,0.01688183022899945
95086,0.027309966399426445
95087,0.03056260452457254
95088,0.0426524201357351
95089,0.11340699449364695
95090,0.025551520718383163
95091,0.030165739208747214
95092,0.09517518655725732
95093,0.10716529443397205
95094,0.02323744712314052
95095,0.19432066943568702
95096,0.06912933859831197
95097,0.022500032973149536
95098,0.04563190385596484
95099,0.027214921396513096
95100,0.0978764998443829
95101,0.05590356540472005
95102,0.03625587310667867
95103,0.012450606555145398
95104,0.020191791725703536
95105,0.03290182668993925
95106,0.030167726009650425
95107,0.06298300591235716
95108,0.06101626587452834
95109,0.10344162779456487
95110,0.03656674139124742
95111,0.02453746315051685
95112,0.028578380008592336
95113,0.11590980658105829
95114,0.13336267254644624
95115,0.015639172646160188
95116,0.02567384039108625
95117,0.10285575410933358
95118,0.03387282453544721
95119,0.038127939220188464
95120,0.040774880005823744
95121,0.033041847428460315
95122,0.03320254762424963
95123,0.18120629396685914
95124,0.09064647842110221
95125,0.032924925663460496
95126,0.09918002428058807
95127,0.025441821614538875
95128,0.051219258728027586
95129,0.20097399324424692
95130,0.09050268774836145
95131,0.15476622537568563
95132,0.10824057346443396
95133,0.01828106324472927
95134,0.02260041402958819
95135,0.05757720241783038
95136,0.06834064267433168
95137,0.05887502032023925
95138,0.024903211073568986
95139,0.0760272483194414
95140,0.029071965715211256
95141,0.03388123076095405
95142,0.026150440304969585
95143,0.08023881776501296
95144,0.25590646728467703
95145,0.030674059592145555
95146,0.03054377166115587
95147,0.01707769718207989
95148,0.03712552696449904
95149,0.025073544138259803
95150,0.021029271843865258
95151,0.0437718952475382
95152,0.02617904394000155
95153,0.017436309741514572
95154,0.0974328552687807
95155,0.284126969193519
95156,0.04845291815285642
95157,0.19692576598652073
95158,0.12408110459409658
95159,0.049522035657796476
95160,0.18025060648922286
95161,0.1228664780776921
95162,0.1932554862568851
95163,0.04022689716158211
95164,0.027054922332321454
95165,0.014955644175020662
95166,0.03367985262992866
95167,0.058957317638532986
95168,0.07559633413105912
95169,0.10456320145714336
95170,0.29341906987323585
95171,0.08641674685080267
95172,0.5353549023671671
95173,0.031137263455472054
95174,0.02118504476020515
95175,0.016186261360323133
95176,0.13823521435291516
95177,0.023608536983566512
95178,0.013700419528002442
95179,0.07056870040147609
95180,0.052349993025688116
95181,0.039607660072136605
95182,0.10743775438629458
95183,0.03138140620755084
95184,0.03501096283160838
95185,0.04323295438248362
95186,0.030345015336289895
95187,0.08047532129722018
95188,0.015119144125095955
95189,0.03699757151772577
95190,0.027595795982781165
95191,0.05412809474593301
95192,0.008999833619791738
95193,0.05289243332830221
95194,0.06736213559124957
95195,0.06684167452959969
95196,0.037222227669248584
95197,0.10891744299965596
95198,0.0301644572373384
95199,0.17958433708702823
95200,0.03120003095855311
95201,0.028134203354774748
95202,0.09201288705039774
95203,0.15247205143623543
95204,0.2900467642799264
95205,0.12440290368818871
95206,0.03802414158684786
95207,0.013669617937866571
95208,0.0598158514491622
95209,0.30406565822539644
95210,0.08531533620528357
95211,0.016366700990332668
95212,0.012794482025006982
95213,0.03818479736629406
95214,0.13056264237585793
95215,0.07612678140753085
95216,0.030353303757946027
95217,0.18340450597456068
95218,0.1273428451490689
95219,0.04602762607046667
95220,0.06373192669233847
95221,0.08454513684881082
95222,0.24695060240972225
95223,0.049073874277970594
95224,0.02741354476133264
95225,0.2273406278046156
95226,0.22588166080005456
95227,0.03079604809874157
95228,0.09001440845761342
95229,0.04175451524991186
95230,0.07140517799144931
95231,0.023249415074776236
95232,0.06288391535474208
95233,0.09591838331227846
95234,0.04368647939962912
95235,0.037525313065002605
95236,0.1098513393959886
95237,0.008819978751303042
95238,0.019860019384759023
95239,0.017570474640191236
95240,0.013530297274528817
95241,0.040542021818710174
95242,0.02249506486158001
95243,0.04827100709482446
95244,0.014926307916279635
95245,0.11613721241183436
95246,0.054100424097045414
95247,0.17492988744747726
95248,0.03655549859701898
95249,0.04341719596771847
95250,0.05935904919078429
95251,0.050786237277697446
95252,0.021780021762441797
95253,0.07289424968715101
95254,0.014009733591914268
95255,0.039855943229395376
95256,0.029731293333624724
95257,0.017033107611023793
95258,0.06582730700294753
95259,0.02770440797549792
95260,0.10907700006320162
95261,0.030502357550284367
95262,0.051792735681556804
95263,0.05047844977397267
95264,0.22626191885969285
95265,0.12054412373122668
95266,0.07180102979181023
95267,0.022462007759319374
95268,0.02253516684599123
95269,0.06071050808069506
95270,0.05255101553596039
95271,0.09809404841795274
95272,0.033681397848084826
95273,0.038039248479530795
95274,0.0880920075466691
95275,0.14426620162251202
95276,0.0727905770190665
95277,0.04610024883854539
95278,0.02384593949691324
95279,0.03762247884539358
95280,0.024571719539165898
95281,0.018238885574685424
95282,0.04433505558190011
95283,0.08205050511364576
95284,0.8611771527861352
95285,0.05687982517578075
95286,0.011156236303292318
95287,0.026402133099724334
95288,0.17609378841861736
95289,0.029758128898110952
95290,0.09212834454524559
95291,0.026594847449698502
95292,0.018323316716793676
95293,0.021954555810086002
95294,0.0573262768630285
95295,0.03348007787882325
95296,0.022571885740048404
95297,0.02651306962679028
95298,0.17612231569456838
95299,0.043983338334671045
95300,0.03709683482502039
95301,0.0961117575844556
95302,0.04061627346427546
95303,0.012957071546332693
95304,0.08131090583019801
95305,0.03610856353098497
95306,0.052063122880127474
95307,0.045689645581804675
95308,0.01917458885666603
95309,0.015573129544467493
95310,0.05522618687269578
95311,0.394155459904476
95312,0.14906091587186526
95313,0.08450529350858055
95314,0.024350508842572876
95315,0.01120876887209852
95316,0.20290719052431322
95317,0.020448071124839692
95318,0.05185666040202675
95319,0.03810852920623886
95320,0.1182499089150232
95321,0.01246161217024105
95322,0.014260445531084888
95323,0.019987054940615413
95324,0.0934934844397136
95325,0.012067111088633266
95326,0.18553184317091775
95327,0.0368054254864803
95328,0.24230211502848645
95329,0.014441609029457457
95330,0.049021872763454474
95331,0.16361692507002962
95332,0.057453787696097214
95333,0.023410244348620705
95334,0.24824685999970614
95335,0.055394334927272804
95336,0.13880925909819192
95337,0.027644220408573783
95338,0.01843887895692346
95339,0.0739495650117581
95340,0.3752110983867524
95341,0.0479749531713648
95342,0.17599904963325932
95343,0.01998075577679969
95344,0.027935940866815383
95345,0.03665034117927775
95346,0.012763550877847599
95347,0.01659983647731747
95348,0.048372912907112764
95349,0.1494920444816006
95350,0.14425101949793415
95351,0.06180684928993975
95352,0.1719088774487514
95353,0.22962027525267648
95354,0.03070954324561992
95355,0.016043420632124966
95356,0.009237271711507561
95357,0.026175396325952872
95358,0.04695557053239663
95359,0.1056143830956353
95360,0.1046755109843993
95361,0.04459665283143776
95362,0.05364304855693321
95363,0.028327560278189313
95364,0.152876302361295
95365,0.4676167530648191
95366,0.030841252008226273
95367,0.03159677837985329
95368,0.04812749939900757
95369,0.030987719128680855
95370,0.040815830464349556
95371,0.049430433983578666
95372,0.019022418904702663
95373,0.031084377930963348
95374,0.007922944751303687
95375,0.028298617432314932
95376,0.05551679783975582
95377,0.11125073228251448
95378,0.024105562811039868
95379,0.032049001092079255
95380,0.2088552780858309
95381,0.04089197557208137
95382,0.011984755487300866
95383,0.04336364191495437
95384,0.13410060202161303
95385,0.3623392815230586
95386,0.0453310061579318
95387,0.025039938157872144
95388,0.03442938756310729
95389,0.02411407974370954
95390,0.07175034776131028
95391,0.024089762411300873
95392,0.05718695230237521
95393,0.2996890942509798
95394,0.059405502580774004
95395,0.08048469344643441
95396,0.039481016587780055
95397,0.014667247041301824
95398,0.07372035632864786
95399,0.03319281091815868
95400,0.06387633022606018
95401,0.08748146746210829
95402,0.04551509843611955
95403,0.035232727517431645
95404,0.012592375074423465
95405,0.06183667740738948
95406,0.1310366239789077
95407,0.08221605593824012
95408,0.013330555062973034
95409,0.04575413636590095
95410,0.03880719638851494
95411,0.031116541879979816
95412,0.012792307069127847
95413,0.03180153691869284
95414,0.020535733643029425
95415,0.01673095858268928
95416,0.04397816701365025
95417,0.04832852235019203
95418,0.049074955887726875
95419,0.029220571313225474
95420,0.03347948968271986
95421,0.2588691068445439
95422,0.06588659453741078
95423,0.23178998818169416
95424,0.04016440787539294
95425,0.08699372583593216
95426,0.021329893312526216
95427,0.441278466971075
95428,0.1453699616228187
95429,0.060787706740195895
95430,0.06514049123584506
95431,0.10521686582617566
95432,0.060645966733780136
95433,0.1249758489067741
95434,0.08879568079741665
95435,0.12085411980398217
95436,0.04185856724505776
95437,0.01978239286170363
95438,0.014951575908372775
95439,0.11294350230712985
95440,0.024876817534839633
95441,0.054445883068188095
95442,0.10460727564747586
95443,0.029897017385789232
95444,0.03235804240802722
95445,0.10718522785945118
95446,0.058666981205952366
95447,0.04317594611179311
95448,0.2783888038802952
95449,0.030745004651809772
95450,0.08358426851524052
95451,0.3282286701013288
95452,0.03160257247855293
95453,0.020117818577241868
95454,0.0704021328881653
95455,0.019652374849784777
95456,0.11881750362298649
95457,0.06745811417213887
95458,0.05903962897478764
95459,0.29162144605368223
95460,0.05985069733706992
95461,0.06458862908148102
95462,0.01649920489843725
95463,0.017156710258030214
95464,0.009923845697304007
95465,0.0325260134948735
95466,0.029153381351444962
95467,0.01730223061438234
95468,0.06397888927549929
95469,0.014992424306394468
95470,0.01708193593181222
95471,0.0867407236503079
95472,0.034104253120883776
95473,0.014705601964888472
95474,0.06367414376742372
95475,0.08955337808994411
95476,0.09926634650480091
95477,0.12268745993775493
95478,0.042181337987154566
95479,0.03341788145952854
95480,0.04250873015828919
95481,0.031046981528887317
95482,0.08328679922679419
95483,0.12431416456275837
95484,0.1366314319488695
95485,0.17636023162164444
95486,0.061132186717592255
95487,0.2212517027544559
95488,0.03887807563434731
95489,0.02917541365888201
95490,0.029273328037134828
95491,0.04237335940819978
95492,0.01817187661751018
95493,0.043034015245059405
95494,0.06026605443414017
95495,0.39277198077461506
95496,0.06683270537975404
95497,0.38820312327629636
95498,0.025924288621373578
95499,0.012814489972500658
95500,0.03225013835125463
95501,0.01148749897546612
95502,0.0470456445357213
95503,0.017134564972974328
95504,0.02641737985386909
95505,0.0870635916092817
95506,0.022637708286245943
95507,0.07261779165503601
95508,0.03667551372176845
95509,0.018668317786996538
95510,0.04530689769513384
95511,0.09046438797585156
95512,0.028279530557369967
95513,0.12893632666319263
95514,0.03984756875506617
95515,0.034654304047187265
95516,0.028379650245590634
95517,0.026717034060432278
95518,0.45817343524374643
95519,0.05499436920787973
95520,0.011627732984551364
95521,0.1670331509550843
95522,0.16784683100902859
95523,0.042438171227647134
95524,0.04424637319639449
95525,0.04706619162502941
95526,0.008687995639910961
95527,0.016279212227336415
95528,0.06372500111585937
95529,0.23883510654972834
95530,0.025923758660646515
95531,0.030177149722856428
95532,0.11076692873155103
95533,0.0306416362676733
95534,0.016546406651544266
95535,0.033541680597265686
95536,0.06572434805393765
95537,0.05498287944951802
95538,0.07893335087098742
95539,0.0164869562071253
95540,0.140090135232741
95541,0.054055265095478124
95542,0.061504878017829986
95543,0.032800277185687066
95544,0.040662703818626744
95545,0.019710129820005435
95546,0.043424911038569824
95547,0.05932200635919494
95548,0.06379173116165049
95549,0.058167384209138674
95550,0.02991164200322491
95551,0.029409100084806697
95552,0.0460561064146506
95553,0.06624041807869833
95554,0.026762485966534764
95555,0.1267055063581438
95556,0.10282588321682365
95557,0.10284281315866889
95558,0.10747735326528986
95559,0.012686408675502515
95560,0.06485649758764307
95561,0.0970527837110293
95562,0.06608784217634167
95563,0.07269464544918952
95564,0.036027098691054846
95565,0.10813844149221351
95566,0.02370347105912879
95567,0.03413242276477393
95568,0.04166680229687032
95569,0.03587112372149165
95570,0.02311185562473782
95571,0.04962771665083446
95572,0.02871008717653508
95573,0.05262307805109494
95574,0.10742188241150517
95575,0.04788767600185046
95576,0.08774336976555616
95577,0.1837906428552878
95578,0.012665622039083096
95579,0.09817718766921402
95580,0.07233245159201976
95581,0.032562912561283935
95582,0.01873973887128617
95583,0.05487875117555564
95584,0.2932520900131832
95585,0.010774573823856215
95586,0.018299100181744816
95587,0.018863542450139884
95588,0.0543956742572842
95589,0.2040440306943404
95590,0.05504720491989073
95591,0.03301497857304793
95592,0.038805074808701365
95593,0.042974471799005015
95594,0.07642375800489654
95595,0.03525406647663708
95596,0.008458933644370238
95597,0.053329040960748975
95598,0.04176376442541996
95599,0.0352713496997433
95600,0.023737934327304915
95601,0.09305553352613713
95602,0.09629050773372666
95603,0.10071100581205743
95604,0.02907843403749821
95605,0.03951048082029275
95606,0.23513948325128198
95607,0.021657857613469313
95608,0.01930659775431887
95609,0.1084556409691548
95610,0.38447675892089145
95611,0.013468946223787415
95612,0.17755962856177043
95613,0.02559422608670652
95614,0.03256229418619032
95615,0.10241141786785907
95616,0.09729993815340643
95617,0.0918796594978253
95618,0.08920726657497632
95619,0.03910527593198772
95620,0.12528775231901298
95621,0.032735509673143086
95622,0.041571351906885004
95623,0.1460579140560305
95624,0.04107672491184255
95625,0.16207139209362362
95626,0.04520033870453383
95627,0.08105819456380714
95628,0.16352290056376864
95629,0.024121712274282774
95630,0.05597386639127053
95631,0.010748146668548843
95632,0.08687033178444693
95633,0.03518920944029985
95634,0.0309600953102262
95635,0.010967292016228973
95636,0.1331765302049236
95637,0.049096527586504755
95638,0.04279743355573908
95639,0.03737321336090481
95640,0.014220698317013152
95641,0.06406319529227995
95642,0.04077344500908457
95643,0.022597806663020446
95644,0.06706332918932986
95645,0.16707464642353193
95646,0.04533917319869264
95647,0.04239308880752677
95648,0.07496153702472011
95649,0.019914567086315182
95650,0.05624751358819896
95651,0.021113064117567096
95652,0.08956602940924929
95653,0.03158594787078637
95654,0.018979006129757045
95655,0.015780153738024518
95656,0.02511897040751939
95657,0.07863425967166607
95658,0.09026360772600105
95659,0.012541503123063583
95660,0.5121893231203567
95661,0.09306256433912895
95662,0.044519355479586256
95663,0.03466194616989351
95664,0.02207906194730641
95665,0.0276957777440845
95666,0.010447640356092113
95667,0.14108124215158319
95668,0.2796218756751133
95669,0.321470358838329
95670,0.032455818435894755
95671,0.06860072138919146
95672,0.04031083521682053
95673,0.07999742243619441
95674,0.02130555696065465
95675,0.04586078106207207
95676,0.03733656186253649
95677,0.04060050486883012
95678,0.10949299943393741
95679,0.011757633100002836
95680,0.03123253435539357
95681,0.07892215605214113
95682,0.009820692948407525
95683,0.04668137678747306
95684,0.06232714040220821
95685,0.014230932677385703
95686,0.07227075689200801
95687,0.019645416700501638
95688,0.21820799636234
95689,0.018726376381089614
95690,0.051644929881928946
95691,0.06807812367100184
95692,0.04926697676911211
95693,0.05908050900147526
95694,0.0961995728682206
95695,0.05081446412720128
95696,0.053881911163227776
95697,0.14345211340970843
95698,0.04597767048253533
95699,0.037025815399375515
95700,0.04522884276086785
95701,0.04100760542315442
95702,0.012638134818186767
95703,0.4702752560524541
95704,0.016897791714156674
95705,0.07855726536218294
95706,0.06013659586488389
95707,0.020651763198205282
95708,0.05415245747083378
95709,0.04941956444811532
95710,0.02382068490835608
95711,0.9097214218268833
95712,0.009927363053818932
95713,0.04838877411625965
95714,0.009552377031625795
95715,0.0884128718979049
95716,0.2731150778055923
95717,0.015210640406415264
95718,0.14361875855706108
95719,0.11663542700328719
95720,0.09431912262371696
95721,0.1501324553022651
95722,0.05502217496326718
95723,0.1957167619509823
95724,0.010884309751290578
95725,0.2270755431595453
95726,0.09896672294314218
95727,0.038043466270817464
95728,0.029858866103392997
95729,0.007204483386618325
95730,0.04615664505789003
95731,0.030833352397762567
95732,0.01870351194161551
95733,0.05745680958793051
95734,0.03646874703516541
95735,0.01359767856309228
95736,0.07696245881749812
95737,0.09035474208372767
95738,0.024469809471337266
95739,0.06572274463366695
95740,0.23414605247945783
95741,0.05088116638523005
95742,0.0688240679264633
95743,0.038041537891769006
95744,0.01949543773135801
95745,0.0513916743278606
95746,0.03262203338046135
95747,0.04994414557459852
95748,0.013455753260837288
95749,0.028634443511674962
95750,0.027550451115763125
95751,0.02933966681162775
95752,0.042886231034915345
95753,0.09648944919172119
95754,0.2901825361482856
95755,0.04538504482977054
95756,0.04197616716117848
95757,0.10394586019938351
95758,0.03218167502188709
95759,0.039551933268763474
95760,0.014280024677996835
95761,0.06641539162681162
95762,0.07474994695165474
95763,0.05147097981045875
95764,0.048859516997811804
95765,0.014196296426700191
95766,0.01175145815136176
95767,0.02824931651858513
95768,0.02752192532596323
95769,0.01423840753589804
95770,0.015879135882651642
95771,0.021731609516840295
95772,0.025105589335537266
95773,0.0734873543793669
95774,0.023465685744590577
95775,0.030530586413027732
95776,0.09834407969840253
95777,0.02941390945798556
95778,0.03796631433616099
95779,0.04683830951838337
95780,0.02403583987460078
95781,0.03537784161254304
95782,0.09639046524075584
95783,0.03881789009012257
95784,0.10330906164247036
95785,0.01467533902722439
95786,0.04762891626197424
95787,0.046486613061603066
95788,0.027414784266238376
95789,0.015543762589377825
95790,0.011423517804628996
95791,0.01599972220158933
95792,0.03589638176479226
95793,0.08128168746414006
95794,0.09446447378437245
95795,0.03891673030455818
95796,0.1995132718852084
95797,0.04085083153945254
95798,0.04210827940761328
95799,0.08632617922029126
95800,0.03654415107353185
95801,0.02810401399210829
95802,0.05608952702315532
95803,0.012780449324075951
95804,0.043524165746100296
95805,0.024390301427139778
95806,0.026889601997759364
95807,0.044395889061874694
95808,0.041985898075965374
95809,0.08711817599558251
95810,0.015347960649610724
95811,0.014104399416759507
95812,0.07976746919489848
95813,0.11585910107256811
95814,0.0396028550206916
95815,0.018035248895744684
95816,0.023740616279316264
95817,0.09040802403044869
95818,0.0572927035351019
95819,0.07419495363571396
95820,0.06449600290749523
95821,0.049195595146642734
95822,0.09737765209102642
95823,0.11399262088332122
95824,0.19028712704845857
95825,0.10645832215664142
95826,0.02826945922242475
95827,0.02775173645534053
95828,0.012552269252532491
95829,0.38794074341745033
95830,0.018460649928478047
95831,0.09527207509041191
95832,0.1082027342869949
95833,0.015340876719188174
95834,0.27908533799957674
95835,0.18240646404843464
95836,0.10675702205551757
95837,0.24030429509215856
95838,0.08252911070589153
95839,0.3181317699719477
95840,0.05942617523326899
95841,0.03416181630791778
95842,0.06052868267763524
95843,0.05099313674193982
95844,0.0319850581552863
95845,0.028843206232890856
95846,0.051863790573034085
95847,0.06686339736432123
95848,0.09186123450107975
95849,0.060270619188091824
95850,0.05895252660318351
95851,0.012971741590846391
95852,0.01570350205151812
95853,0.027415259427120246
95854,0.1054775703905728
95855,0.12996746984133423
95856,0.03388696309830191
95857,0.04230514850589919
95858,0.03560478155502861
95859,0.15484829995513147
95860,0.09335277360406613
95861,0.05931455593466731
95862,0.058006426406069615
95863,0.03161523425475595
95864,0.07663710257085976
95865,0.5934139637181493
95866,0.04998016310924269
95867,0.09134807653160112
95868,0.013889443650100435
95869,0.19786384169963206
95870,0.059265628102648155
95871,0.0316153875105817
95872,0.03628620675551862
95873,0.09662802603896858
95874,0.12381262905495533
95875,0.03139150668170536
95876,0.12875204757546746
95877,0.18012669592827313
95878,0.08061719580415476
95879,0.017736499305259064
95880,0.01678442696759339
95881,0.03530443097135091
95882,0.1876636819447771
95883,0.054716586060095045
95884,0.04665951593350763
95885,0.04774170109627524
95886,0.023812219950055787
95887,0.030543730498850685
95888,0.022510534393614907
95889,0.06297484250203951
95890,0.03396244004610533
95891,0.012492791117557633
95892,0.02137183052910301
95893,0.015436870573278588
95894,0.13213875870581931
95895,0.0164473694538499
95896,0.03274498288481631
95897,0.048685981942280285
95898,0.01862471634171674
95899,0.01304764557108731
95900,0.03555360201705182
95901,0.033676320214183195
95902,0.022534905235183346
95903,0.06150531614119016
95904,0.030360174567966948
95905,0.05350976305978669
95906,0.10955550204639293
95907,0.030462934584809705
95908,0.10422833559373987
95909,0.07205200538224475
95910,0.11281098268119027
95911,0.02599648898097693
95912,0.1449260119042508
95913,0.0270863702893402
95914,0.07594089736106567
95915,0.0748011597024801
95916,0.042840615463367274
95917,0.06617649359443081
95918,0.01920318408551651
95919,0.09760890628615615
95920,0.13667854518800965
95921,0.055897685971387584
95922,0.09187318553485882
95923,0.07309116600532643
95924,0.05782060289961126
95925,0.24004810693636694
95926,0.017080549387900167
95927,0.05579395925865296
95928,0.1112933117387726
95929,0.013142012445933101
95930,0.03956618831830731
95931,0.01997321747008979
95932,0.0733075505752002
95933,0.06967727729864727
95934,0.07027180225697292
95935,0.13593306908419947
95936,0.08313111566102904
95937,0.11046459329926443
95938,0.009639514220371894
95939,0.2277954919700348
95940,0.0643653996250753
95941,0.02188288869706681
95942,0.061129361899612114
95943,0.045649734448111254
95944,0.040098978076341815
95945,0.07565695878528395
95946,0.1771704856833588
95947,0.06226993404012138
95948,0.20722267010392184
95949,0.052303814909759085
95950,0.020920323481874493
95951,0.07923187676628168
95952,0.011601678790870047
95953,0.14279413714696906
95954,0.03732662915124822
95955,0.3936360435778352
95956,0.03712582740800538
95957,0.08401897159088868
95958,0.22539823079839655
95959,0.2643661047825929
95960,0.028895564828334677
95961,0.016052720235614774
95962,0.029694504474010112
95963,0.012873149398209226
95964,0.015072575815112767
95965,0.08944177827573982
95966,0.08299942440667352
95967,0.02205666216218618
95968,0.11578814751494045
95969,0.07031356017568166
95970,0.15657206236310223
95971,0.05710874405757352
95972,0.16182499023446992
95973,0.03666006935502336
95974,0.08010477903892557
95975,0.06148680493761845
95976,0.19192138018366275
95977,0.044224111584447556
95978,0.051723350634690496
95979,0.05886104993096975
95980,0.04459890545069249
95981,0.01867295240953334
95982,0.04822563464431267
95983,0.06948347171709267
95984,0.1377510760084632
95985,0.09076163664670904
95986,0.04953702834924734
95987,0.0334694484016206
95988,0.025216208655435293
95989,0.05905125273885134
95990,0.03457581316154129
95991,0.017225053062377864
95992,0.04307401418894014
95993,0.06904790901053943
95994,0.018065824636921995
95995,0.1250881774385283
95996,0.02778757146530838
95997,0.08761769451511167
95998,0.0763522220391118
95999,0.028034129469997122
96000,0.050080733548744955
96001,0.12876889232475597
96002,0.026568610066494143
96003,0.00909148235085941
96004,0.03273660411771252
96005,0.03727474859130952
96006,0.029270091870754182
96007,0.08183853040206501
96008,0.03959403897664457
96009,0.04120774256245725
96010,0.05005661920793781
96011,0.18277516010489506
96012,0.22322209692275838
96013,0.04517791198757742
96014,0.03805424963885008
96015,0.10424060860226075
96016,0.06733275278633308
96017,0.03302769792346422
96018,0.01386901595043109
96019,0.09820904593782523
96020,0.0338521029487141
96021,0.06790689755056889
96022,0.03775339394192268
96023,0.09312564778031683
96024,0.014010109218311867
96025,0.036373879905882124
96026,0.16012537723719122
96027,0.02686914974029878
96028,0.04657188990063821
96029,0.04850225938445779
96030,0.03219313466295162
96031,0.025398965483761693
96032,0.14464184426317242
96033,0.03285870238534974
96034,0.017656296905368497
96035,0.028346002806452917
96036,0.24475536048531565
96037,0.07804939955926
96038,0.028389829250707144
96039,0.054999557142117614
96040,0.018166501956818525
96041,0.08060783747842967
96042,0.05926421827090149
96043,0.0800355693232661
96044,0.08157035223565509
96045,0.021604998662274222
96046,0.014016712477036671
96047,0.0290577875279135
96048,0.02271168336354143
96049,0.039623390433351995
96050,0.14369344627083822
96051,0.15138232657914627
96052,0.017404546060754547
96053,0.03949700357259715
96054,0.02467456104272301
96055,0.06720716558174589
96056,0.046594194084683606
96057,0.04953126363575901
96058,0.03226167791368874
96059,0.020958973423015326
96060,0.0511574595361291
96061,0.2543442660472377
96062,0.06513586343761367
96063,0.0070774064674093955
96064,0.04805104468197682
96065,0.1377353741945114
96066,0.13106125479859584
96067,0.010683380693009057
96068,0.026778846417937638
96069,0.051610030021370074
96070,0.08969228402735471
96071,0.036696920386142584
96072,0.050453529217505316
96073,0.19083677923966924
96074,0.018645908054907102
96075,0.11444026400356255
96076,0.04618035456274133
96077,0.07090652321791813
96078,0.07159099654484893
96079,0.04393893338773638
96080,0.030694073004038314
96081,0.023928257689672914
96082,0.12464076575701619
96083,0.014678789108271913
96084,0.025593971847604945
96085,0.029811884115007622
96086,0.009946644302259593
96087,0.027505477618353848
96088,0.010504668712103395
96089,0.0428176718816204
96090,0.11281614891067032
96091,0.04214514705663233
96092,0.05440925582580186
96093,0.201002316472216
96094,0.06491412879920455
96095,0.06577903143033588
96096,0.7267133232122753
96097,0.028455502586900612
96098,0.2713532837837514
96099,0.04464325261456749
96100,0.01947201464393306
96101,0.017553861590131288
96102,0.04592564046635596
96103,0.17409533794251697
96104,0.2426407485285571
96105,0.3727999335260111
96106,0.024551471705082005
96107,0.018936503859251146
96108,0.03185428736995257
96109,0.08803905442847056
96110,0.011735817644770476
96111,0.04223387853839548
96112,0.025333552377496002
96113,0.1706690206190857
96114,0.1173515990492278
96115,0.08240375920497116
96116,0.028614786941572903
96117,0.08771285604747092
96118,0.011442269544726987
96119,0.017588732405086526
96120,0.05824414511842986
96121,0.024205487055862264
96122,0.03245464295343225
96123,0.011581681892749683
96124,0.03881914339783092
96125,0.21723192970960764
96126,0.032077392510737476
96127,0.0348838624262876
96128,0.016213043599333347
96129,0.02862160719506347
96130,0.0846599888960253
96131,0.0305540273270562
96132,0.046580736195341546
96133,0.0872722742001557
96134,0.18366016057569276
96135,0.13591990138560553
96136,0.05142375604720452
96137,0.05031142046792047
96138,0.04920222574849563
96139,0.21346149807210524
96140,0.09705858557733144
96141,0.07942081258004055
96142,0.05805825371874499
96143,0.19144589326605405
96144,0.01838339363783116
96145,0.07300690589965436
96146,0.08705819632007694
96147,0.09082534904875335
96148,0.049699350462777486
96149,0.03327552904195863
96150,0.1537053349376003
96151,0.0230490429370303
96152,0.06042433020313649
96153,0.07893686991629248
96154,0.09620321780241599
96155,0.3639449581619968
96156,0.28517090609466267
96157,0.14074762741984487
96158,0.20349507872767023
96159,0.01025647924888835
96160,0.05265255402955229
96161,0.04041390039296989
96162,0.043129479490939746
96163,0.18220701460897604
96164,0.06792522680393964
96165,0.1330316461440727
96166,0.017669446146069363
96167,0.07525910053987614
96168,0.03423405302250295
96169,0.09875001676968524
96170,0.0352185100241374
96171,0.00892992865860811
96172,0.010531025103791513
96173,0.012743263115913226
96174,0.06900884197858742
96175,0.09373552336572644
96176,0.05345214904370532
96177,0.050703596569514876
96178,0.2303032078864392
96179,0.11386451914137494
96180,0.08932193465797093
96181,0.09119477990025834
96182,0.06242630631456313
96183,0.06576538610069596
96184,0.021462849413112186
96185,0.031347227621977836
96186,0.11346164771669645
96187,0.10935893883111049
96188,0.06590264292438236
96189,0.042137472341824675
96190,0.035422439076529325
96191,0.11179097802893204
96192,0.017817360447980317
96193,0.11479732258475943
96194,0.04711264124129821
96195,0.039722177605291904
96196,0.014008542441088772
96197,0.1547879903717942
96198,0.06734545803890862
96199,0.10665536614779964
96200,0.05478630092609914
96201,0.022293198218835096
96202,0.011135962037032562
96203,0.06042288702731133
96204,0.03900206999310318
96205,0.05663291024666804
96206,0.03002793722583965
96207,0.04324100445139942
96208,0.030705393806906497
96209,0.04900601095451963
96210,0.019397421178895573
96211,0.03085190028772184
96212,0.02792337572543497
96213,0.05994226037862961
96214,0.15914390911826837
96215,0.042848628146336144
96216,0.12916276753662226
96217,0.018514956940643996
96218,0.04208036347676569
96219,0.04282094470311123
96220,0.2685732981756802
96221,0.12968231905694455
96222,0.01068454121720162
96223,0.09155989063948705
96224,0.05204564386663878
96225,0.05796807257439396
96226,0.07095045680327482
96227,0.030962900738673017
96228,0.06780532465493253
96229,0.011547490300194798
96230,0.10898167600172351
96231,0.06167030778537212
96232,0.06795336862119947
96233,0.031196929951924267
96234,0.04084163016059898
96235,0.01813097942052124
96236,0.028011079996409616
96237,0.1051655846607128
96238,0.039750575310729716
96239,0.061028737375329586
96240,0.15204142019244188
96241,0.02521156091686007
96242,0.02318561683575748
96243,0.038196350252012554
96244,0.060849438127847794
96245,0.026164939859347973
96246,0.06771848172780257
96247,0.10696742970295396
96248,0.12955955305165268
96249,0.04511346154217498
96250,0.024196378858176278
96251,0.012107607611541178
96252,0.20097378497218435
96253,0.02877963435796653
96254,0.06404638696580518
96255,0.057645963852311105
96256,0.027058911329595387
96257,0.05700147102464254
96258,0.0351670608315499
96259,0.025238965520155553
96260,0.04878983269404845
96261,0.03160420782990089
96262,0.03347263131675342
96263,0.04330369875948189
96264,0.023258568330230378
96265,0.025411619976548387
96266,0.08459847862468516
96267,0.014768204268733499
96268,0.02571895828714465
96269,0.3264615410293966
96270,0.1793593889424297
96271,0.019308818075817153
96272,0.19273424544117268
96273,0.010934968526283305
96274,0.02063131846433639
96275,0.0858517472757778
96276,0.043697821634565814
96277,0.040718312977089596
96278,0.15890000277637645
96279,0.103814680709724
96280,0.030011587394402857
96281,0.03420017781735644
96282,0.025659445456448667
96283,0.07192978105050012
96284,0.08173321812979326
96285,0.07244383751210043
96286,0.033361232043888196
96287,0.024626141519656114
96288,0.1362888839969587
96289,0.04526614064937204
96290,0.05128398259752902
96291,0.019921293814667423
96292,0.037259797935522865
96293,0.04033765350674277
96294,0.028145161975390846
96295,0.05966987301832706
96296,0.05327371621548969
96297,0.08069074781613139
96298,0.020165677638178142
96299,0.025990240405258817
96300,0.058981604899043596
96301,0.04063940513081815
96302,0.024614615111164008
96303,0.04699159281336772
96304,0.021339708656366654
96305,0.02356525470826163
96306,0.04293786864396203
96307,0.15781133797082464
96308,0.02961399811748894
96309,0.05357979363333414
96310,0.024206457539859564
96311,0.013766346793090398
96312,0.01207923083301433
96313,0.05241443923971298
96314,0.07124716945839021
96315,0.05440023732804572
96316,0.03085304221740781
96317,0.07736441126122576
96318,0.043035318792929225
96319,0.029982444053188565
96320,0.014459623169067286
96321,0.027047169567369855
96322,0.1391925764299408
96323,0.02857008869668825
96324,0.037950966426770184
96325,0.024642347238304357
96326,0.05575796715956102
96327,0.03673463984412943
96328,0.08216464815783953
96329,0.018822594102272064
96330,0.030170641806419957
96331,0.032573055578410864
96332,0.07543297100089114
96333,0.02642415378895163
96334,0.06919513091421045
96335,0.038586293907085505
96336,0.06545592584808585
96337,0.01823139125203955
96338,0.01397681562609603
96339,0.0773614859756021
96340,0.10241408688448897
96341,0.09531523248528355
96342,0.7270686923026707
96343,0.08682678688387893
96344,0.10051002353401384
96345,0.05897466024943273
96346,0.05226368893811306
96347,0.1346246012118287
96348,0.06145573724161153
96349,0.03274708027668813
96350,0.2583843644149745
96351,0.04098611684951731
96352,0.02654863682015106
96353,0.01587291559880657
96354,0.039625732448592424
96355,0.11708860852182762
96356,0.04634806147522026
96357,0.08888498911108511
96358,0.3519243781314305
96359,0.08441459966724267
96360,0.058679958577403
96361,0.10127407132936156
96362,0.03368935677987265
96363,0.019180861823213873
96364,0.024030189368698524
96365,0.15913179691516502
96366,0.025599121430850556
96367,0.01723967890187872
96368,0.011404878227015454
96369,0.05602105707010266
96370,0.11752208810433093
96371,0.01895730098090819
96372,0.12135753759528192
96373,0.2353341502100716
96374,0.07359701919451993
96375,0.04421544558124442
96376,0.015959228734456318
96377,0.031917838832443854
96378,0.03165944550981983
96379,0.057673691374535374
96380,0.029867846154859715
96381,0.17964233448527034
96382,0.04331953386415101
96383,0.14102621479911662
96384,0.030362421999235823
96385,0.17046473170148582
96386,0.18762530590726761
96387,0.01317252074198092
96388,0.02409192001660189
96389,0.062003665436341504
96390,0.10298646546643837
96391,0.030193750971962027
96392,0.04661429868136296
96393,0.013221990586554908
96394,0.03170979781100822
96395,0.08805460257405044
96396,0.039850406274435785
96397,0.04692241314173645
96398,0.1180417821556489
96399,0.04964390495999571
96400,0.06427915775765936
96401,0.01748356660477061
96402,0.042543702122858185
96403,0.6306288062650112
96404,0.0644933980006682
96405,0.01857750179224291
96406,0.033347816093359406
96407,0.020142332598775674
96408,0.09029204945883533
96409,0.03943450390664853
96410,0.052806118393232626
96411,0.028122098271261883
96412,0.012398046180926568
96413,0.05041486385488318
96414,0.017258785548583795
96415,0.04162419842562492
96416,0.261442847950198
96417,0.0271106425981501
96418,0.06907191087274325
96419,0.027158126260138346
96420,0.021880204326646044
96421,0.029964418985643247
96422,0.03652206616087432
96423,0.045621609436584463
96424,0.015813065248136707
96425,0.053302397233247124
96426,0.05843530262903036
96427,0.2447170838216366
96428,0.00915763327233026
96429,0.023928202800197695
96430,0.046308601643356276
96431,0.02425575513885092
96432,0.05977852538924411
96433,0.03812035854066592
96434,0.0155608057653881
96435,0.03381671454993307
96436,0.12252722089416891
96437,0.05466673203699982
96438,0.04600878750558076
96439,0.02248295444965788
96440,0.01224159255068009
96441,0.058578779928928015
96442,0.0756571418132421
96443,0.0575266013226728
96444,0.040726538467610714
96445,0.043177275440014366
96446,0.015920234350802167
96447,0.08523573621374768
96448,0.051148059094827156
96449,0.022773167088526752
96450,0.028163918914002373
96451,0.048027798281676436
96452,0.07116778813581001
96453,0.02503123810736977
96454,0.04923689190814806
96455,0.12487033432898588
96456,0.08066758052008069
96457,0.043655283631904684
96458,0.08443611289855871
96459,0.026927804365104932
96460,0.023976719256919694
96461,0.25727055596438975
96462,0.009303668111061075
96463,0.12652722258469237
96464,0.03882939223340519
96465,0.06986439353153452
96466,0.016403562439427147
96467,0.023863829459965888
96468,0.017827144250758504
96469,0.050575342833108605
96470,0.058296496944700814
96471,0.030055084650468196
96472,0.1605861762672965
96473,0.12893964339684588
96474,0.03643166939505807
96475,0.10685393784698213
96476,0.01937357080450742
96477,0.02993251170014266
96478,0.007357750006157649
96479,0.08142382999239084
96480,0.04471800845047008
96481,0.022929743860545963
96482,0.07811861904785179
96483,0.025637475554208203
96484,0.015210423066262357
96485,0.026465958411622435
96486,0.3125196729514961
96487,0.08280952348101046
96488,0.013355890178262386
96489,0.03947667750840909
96490,0.10986075786673406
96491,0.04753549887508404
96492,0.12676496361154482
96493,0.13376316977081468
96494,0.032212751402266336
96495,0.07291963867851102
96496,0.17351268177017712
96497,0.04881646985970064
96498,0.13655179468799356
96499,0.0545729110049097
96500,0.17428314507848586
96501,0.08843059502275953
96502,0.10557927939316898
96503,0.03517204121601385
96504,0.04081028861129845
96505,0.11255583301774016
96506,0.038310430705989586
96507,0.009915504916071054
96508,0.022336902603607316
96509,0.1575696507474358
96510,0.05978199497977587
96511,0.08126638791841713
96512,0.06500061599624475
96513,0.04709993936122618
96514,0.08901004457415321
96515,0.034243889546456435
96516,0.0574137953303247
96517,0.029569648525791095
96518,0.09067726833739664
96519,0.0485492113193467
96520,0.01616002353943906
96521,0.035127184032371514
96522,0.024637146089351053
96523,0.04533590946638924
96524,0.014064244849265765
96525,0.02771778127494374
96526,0.11076948221865544
96527,0.14860755498059544
96528,0.014495115851491488
96529,0.024793695199379052
96530,0.09098033890590967
96531,0.05960665358897331
96532,0.07960962230440338
96533,0.061866818212882424
96534,0.036946601769485686
96535,0.020529654256737816
96536,0.03912579398650402
96537,0.07119144573720153
96538,0.029187301389021862
96539,0.038665288491218586
96540,0.023850833596551442
96541,0.202408317382553
96542,0.1477693062776605
96543,0.00771977335797484
96544,0.03405479594900337
96545,0.04050365425153861
96546,0.01011194479459012
96547,0.06759297274857366
96548,0.09329442638124993
96549,0.055529683971780985
96550,0.18200677854727126
96551,0.04011390301881476
96552,0.026122012158422664
96553,0.11243475597007793
96554,0.007942461107632703
96555,0.023717265327954495
96556,0.1974127844074222
96557,0.020251393709937955
96558,0.018212062760140153
96559,0.014131731566654095
96560,0.03202172914853769
96561,0.054895468426151825
96562,0.06912117324649504
96563,0.05743145208535499
96564,0.13178368336331467
96565,0.025049112332410074
96566,0.032771106046728636
96567,0.04459196983001654
96568,0.051633280790044034
96569,0.039998043216626145
96570,0.0623809676451505
96571,0.1451973616522946
96572,0.11200347849728354
96573,0.07654862513529329
96574,0.08814982046276715
96575,0.12313457017796478
96576,0.029301354712536958
96577,0.024966371187065094
96578,0.0878663246555334
96579,0.04194903389984454
96580,0.03606593777601324
96581,0.012644961978585527
96582,0.012109469072488908
96583,0.10338202690237684
96584,0.057390267096683975
96585,0.04598153417422793
96586,0.014485701904169625
96587,0.049458051782493954
96588,0.01566747387157637
96589,0.10827911488593803
96590,0.11098345477974354
96591,0.011621370466791599
96592,0.061136833234056276
96593,0.04736963580979024
96594,0.06357854565107482
96595,0.028573894787421623
96596,0.022909271134625195
96597,0.026377460507726644
96598,0.18895898557298002
96599,0.8414325731694537
96600,0.07430092953962762
96601,0.0207659930625534
96602,0.01906677194404542
96603,0.010773983213069147
96604,0.045846371060400376
96605,0.01729399585798086
96606,0.01217794036876149
96607,0.018797156649605275
96608,0.2586230444565436
96609,0.059830143189748455
96610,0.269766140677141
96611,0.021302568403533895
96612,0.16147861145334963
96613,0.054512396274386
96614,0.04252154912123392
96615,0.02262497514919483
96616,0.17898961878978087
96617,0.012476147083876541
96618,0.012454802517606773
96619,0.13886932026312088
96620,0.06599591083211542
96621,0.022730829837218754
96622,0.04850179778671154
96623,0.09372706451367362
96624,0.035538030494678095
96625,0.03606418873529687
96626,0.025681185297664843
96627,0.06637789304934769
96628,0.03193528723826026
96629,0.013924368402263607
96630,0.04114448444149067
96631,0.03304246407588961
96632,0.042407285529289525
96633,0.0737056619408008
96634,0.023137760746262385
96635,0.12975887198228017
96636,0.10881787274736418
96637,0.024746353143426672
96638,0.017776548312867083
96639,0.0611898666029893
96640,0.19401669670175892
96641,0.04014651707367791
96642,0.016216346968639016
96643,0.12210840845250358
96644,0.048237077232455385
96645,0.12750074862263144
96646,0.16860335818506464
96647,0.043037923908197294
96648,0.050701498425940496
96649,0.031184691153916054
96650,0.0541240232553971
96651,0.05307658301037579
96652,0.0466949854306839
96653,0.1339739481327158
96654,0.05208011640162555
96655,0.015584005036916924
96656,0.026394827924551386
96657,0.08583781976832079
96658,0.03277019485054781
96659,0.08070844866869425
96660,0.019632280493635024
96661,0.027116335698859243
96662,0.093083851700055
96663,0.06776971838429478
96664,0.07489251385870913
96665,0.07366047838905493
96666,0.32646803764086924
96667,0.02196032945774626
96668,0.03841782513624098
96669,0.04837613450601574
96670,0.06714000272355619
96671,0.015512781026108721
96672,0.10767342233763516
96673,0.013465360378936246
96674,0.02499826086459577
96675,0.022550051734856698
96676,0.01395134454762011
96677,0.05991589098513819
96678,0.12830748898156796
96679,0.09819918263184628
96680,0.03972820109698123
96681,0.13436712600116132
96682,0.013599294438680295
96683,0.06903109678368072
96684,0.01596258585636556
96685,0.02621386721588584
96686,0.06729718437439515
96687,0.01710545273940633
96688,0.019841724958055355
96689,0.010527374899865546
96690,0.022219663712218122
96691,0.0370426952780762
96692,0.010963767591975176
96693,0.06491994158638426
96694,0.11713176196577078
96695,0.09026767126489693
96696,0.0320181162469727
96697,0.08044804057590918
96698,0.011328069148525674
96699,0.531877276678013
96700,0.07658314953668718
96701,0.03654493942779152
96702,0.07184037436470363
96703,0.09533156298993753
96704,0.02563770831249355
96705,0.030335884272891505
96706,0.008865341012923616
96707,0.10880183111773811
96708,0.02561558478872742
96709,0.17751534045279735
96710,0.02796589864592886
96711,0.016980130640617177
96712,0.023562145666461934
96713,0.0505810411885224
96714,0.11898268497736361
96715,0.02395805143024158
96716,0.10071472181166977
96717,0.10714829215279482
96718,0.07608872417835463
96719,0.052026853400150175
96720,0.04243373354335333
96721,0.017074710735431063
96722,0.04653944605525733
96723,0.03094617253769691
96724,0.1132781122339071
96725,0.04978699069974854
96726,0.07538188008012037
96727,0.2884434562355299
96728,0.05075306541654376
96729,0.025701408783537664
96730,0.24905751146380886
96731,0.0639628182827029
96732,0.035587625368112025
96733,0.03207776091361618
96734,0.05772319810456403
96735,0.03599213812696349
96736,0.0676853105289998
96737,0.041383475662446316
96738,0.0192335451538596
96739,0.10977638635673172
96740,0.02617387825567023
96741,0.016803564629069394
96742,0.02760954682738208
96743,0.11355855453274201
96744,0.0427916595907572
96745,0.09353708600719503
96746,0.028387501274672725
96747,0.0581884231953791
96748,0.022849764275715008
96749,0.03156744972079882
96750,0.058121149926399114
96751,0.027678979280973636
96752,0.015763492120769614
96753,0.043441693355347435
96754,0.11542508268149185
96755,0.012734220702370416
96756,0.02377935670691273
96757,0.03388481326236913
96758,0.017371816872353472
96759,0.07699436063923867
96760,0.013394510570171752
96761,0.07536351224864812
96762,0.04639069368486709
96763,0.04555278679428985
96764,0.03318501360978756
96765,0.061363363836218175
96766,0.05210859203481014
96767,0.026338327880599904
96768,0.04041843353720015
96769,0.050519256988735946
96770,0.05457012332017645
96771,0.06342031568612957
96772,0.05409378669605789
96773,0.024624979142671435
96774,0.013167861775823164
96775,0.012823698637703156
96776,0.03304097098827616
96777,0.018259328078588252
96778,0.032492386161445806
96779,0.2288389327604684
96780,0.1279907846005392
96781,0.02248876061755615
96782,0.024077318197832553
96783,0.03240950689623034
96784,0.03916352211577476
96785,0.04990462569220231
96786,0.05751841881286995
96787,0.09722329883565589
96788,0.03440042024920878
96789,0.008705491107106706
96790,0.05402953949353845
96791,0.05534673897866086
96792,0.28240588351602336
96793,0.017377022855617746
96794,0.009863385458255516
96795,0.06388510963666094
96796,0.008189921573257515
96797,0.07788518517726659
96798,0.05170276612788264
96799,0.03043537134610861
96800,0.033231030795487754
96801,0.045323904747136164
96802,0.0359192344514524
96803,0.06912886057742354
96804,0.043704104245621295
96805,0.02647630904671722
96806,0.06253728870084539
96807,0.10454871145903138
96808,0.10760111957015848
96809,0.19111874045044586
96810,0.052999907058641965
96811,0.045346650224100324
96812,0.09311127138653216
96813,0.04291491415254669
96814,0.01608388224083499
96815,0.038228539714238306
96816,0.05669030225874533
96817,0.02101860926289328
96818,0.02004773907276868
96819,0.010404136960928038
96820,0.15304632781753863
96821,0.10779214688906741
96822,0.03916192697703654
96823,0.05474998835796484
96824,0.1384637290921024
96825,0.01850593697913781
96826,0.10197104104017177
96827,0.009733324470206238
96828,0.04393245732562425
96829,0.06511920711763457
96830,0.10996715912777347
96831,0.03886289512844182
96832,0.0226734176776023
96833,0.13901327103925762
96834,0.026118004059095194
96835,0.025363395916783438
96836,0.04059969426666758
96837,0.02663301029926529
96838,0.043788803815012045
96839,0.12716230806345574
96840,0.038182022173686436
96841,0.0329616358554705
96842,0.03666310640622284
96843,0.04004703112786563
96844,0.057304611557209686
96845,0.356640218496549
96846,0.034214813237360905
96847,0.10147092892994604
96848,0.14522248742087146
96849,0.027850440755137797
96850,0.012512060389917435
96851,0.011573451931293837
96852,0.02344484381962266
96853,0.06476103011955982
96854,0.018761376121619273
96855,0.1388555847287685
96856,0.030133679451786105
96857,0.053928952475572695
96858,0.03255451477761356
96859,0.026305714956624118
96860,0.03759482431054895
96861,0.06611766969607971
96862,0.12596761670147216
96863,0.07247053807067932
96864,0.09279132581312327
96865,0.01406690676258037
96866,0.013307141007397305
96867,0.04956466634669007
96868,0.04741821858287726
96869,0.017933129907341673
96870,0.028533148733108762
96871,0.007832757049365646
96872,0.04213473814652586
96873,0.023905677935270528
96874,0.078633681859444
96875,0.034445837152820326
96876,0.0726756387918039
96877,0.0369951628130961
96878,0.13212388649989523
96879,0.10651986031434821
96880,0.10312194441085429
96881,0.09451696510326649
96882,0.04193889091201413
96883,0.19961667916144815
96884,0.030498122583538435
96885,0.027282588622980917
96886,0.021014054342295477
96887,0.14808654302019283
96888,0.0553232179337241
96889,0.0497937474338961
96890,0.04160103487135857
96891,0.12531106974338976
96892,0.08692277893240441
96893,0.0909339175143522
96894,0.03018525917339989
96895,0.04452000836533665
96896,0.035422361209143605
96897,0.2598164980819093
96898,0.08689712599375762
96899,0.01625122496255072
96900,0.07274081941423029
96901,0.017445776408538137
96902,0.03412117188684319
96903,0.01440126775793598
96904,0.01918066374806309
96905,0.044457431905378986
96906,0.03793862581378661
96907,0.029049639640386586
96908,0.06672299060640588
96909,0.01457639879193755
96910,0.07312259905215149
96911,0.03319998320707192
96912,0.08743836353434956
96913,0.015737995500799313
96914,0.026434576391609954
96915,0.041077209595522274
96916,0.07986363345001428
96917,0.06079558693673717
96918,0.18373914023220095
96919,0.16326545816409066
96920,0.0238270762782119
96921,0.0420029163942555
96922,0.024238478814334673
96923,0.06870858384603318
96924,0.03013554504350024
96925,0.013262378390668437
96926,0.04469468889166901
96927,0.09065291370618614
96928,0.011564677216705989
96929,0.021530412436960408
96930,0.045453060917753786
96931,0.04051170097360673
96932,0.05435468940941466
96933,0.021467413562998906
96934,0.022467426611734127
96935,0.06408810109013212
96936,0.10078043287919497
96937,0.032653083229924364
96938,0.11176609171424567
96939,0.05310668958223449
96940,0.06647545555192476
96941,0.016399116886803317
96942,0.3111800657341103
96943,0.06579077239414667
96944,0.05590721530757677
96945,0.018181935036639146
96946,0.08494230835807182
96947,0.023460656501351335
96948,0.05336473978992115
96949,0.04754483622323896
96950,0.031732108742207894
96951,0.019087870892267635
96952,0.042570756676441515
96953,0.06854974116513003
96954,0.06266315796700768
96955,0.04875123189036853
96956,0.1831464403836945
96957,0.046681063234182626
96958,0.05667850193015076
96959,0.08344006795707631
96960,0.026218413928223435
96961,0.0685105841090407
96962,0.0940964007563578
96963,0.05178014370123607
96964,0.5986970304998638
96965,0.03899133692103563
96966,0.028503489927941522
96967,0.08237560401613186
96968,0.14284087893853967
96969,0.06258948499955734
96970,0.047875219938662915
96971,0.06545769431298164
96972,0.1370365804739068
96973,0.23720725602925857
96974,0.018388151282665778
96975,0.09138538391091211
96976,0.11241408504466295
96977,0.03710790864626176
96978,0.13292522531441067
96979,0.2703238151307511
96980,0.16707441010006824
96981,0.12044157403379088
96982,0.03556245411576465
96983,0.1106427453133865
96984,0.19708980561327796
96985,0.03412302039051558
96986,0.025022653964293946
96987,0.01880234952771382
96988,0.07336842134559682
96989,0.05572546918895846
96990,0.051400067029793065
96991,0.03120361605278391
96992,0.04733876233026223
96993,0.10730790848002164
96994,0.04025136601002982
96995,0.048954092455683336
96996,0.034730697620188204
96997,0.07327173602784598
96998,0.03480332513174328
96999,0.04352212930942977
97000,0.02775020040126612
97001,0.307279672226502
97002,0.032396260546416894
97003,0.032815349566653884
97004,0.09103845276647636
97005,0.030116698854463466
97006,0.05892291850101769
97007,0.053584895182636955
97008,0.14087263240401532
97009,0.2528323585548717
97010,0.02890508786930379
97011,0.07703788837107253
97012,0.04420292081639876
97013,0.19795484398455865
97014,0.010982812045717359
97015,0.016229766829076127
97016,0.0593990228123539
97017,0.30917636410621446
97018,0.02500036519852506
97019,0.07922089353634944
97020,0.27723187718589537
97021,0.021254880772855506
97022,0.08729470057213738
97023,0.018430964602721634
97024,0.024968636091188736
97025,0.0670551147153782
97026,0.03018268705811389
97027,0.030850415143691155
97028,0.03331140367748327
97029,0.061804461873579214
97030,0.16401908951333605
97031,0.048901742952176946
97032,0.012766906152027515
97033,0.03204035796644334
97034,0.016585709130308397
97035,0.2118186385078856
97036,0.012671256978352627
97037,0.047990048051222894
97038,0.04032868753935437
97039,0.05881432282685346
97040,0.029448679847495416
97041,0.08282125621611601
97042,0.020109358930924304
97043,0.056164183059668
97044,0.11553142071483631
97045,0.06771800254950222
97046,0.033652551536520095
97047,0.026903162228198385
97048,0.11687475389307764
97049,0.07307436846344915
97050,0.0715101732672309
97051,0.03579365040877018
97052,0.047339093053153036
97053,0.04802177497025534
97054,0.026152154628408482
97055,0.19897409448939754
97056,0.02382098448975401
97057,0.15133561369568796
97058,0.05427064494121187
97059,0.10529919055440683
97060,0.08806143762654013
97061,0.018485280940049493
97062,0.012392901572450583
97063,0.06953911882159862
97064,0.017593918408635157
97065,0.2941420619720332
97066,0.06747452200539417
97067,0.024366670736167138
97068,0.009455347149687255
97069,0.017319382337218376
97070,0.03497879169883932
97071,0.05739348983749779
97072,0.008458881764511704
97073,0.03862063001286102
97074,0.02232133717991979
97075,0.009712334706252804
97076,0.013491568343571179
97077,0.025519897912325853
97078,0.041026528606176484
97079,0.009502347098112799
97080,0.03807555050004409
97081,0.09545720172230544
97082,0.015367561841779896
97083,0.26461436974667163
97084,0.010940989988166023
97085,0.012170317538183342
97086,0.058530860577076904
97087,0.02048026395077441
97088,0.08453088589003067
97089,0.03558452973563293
97090,0.027731527612782463
97091,0.08492077486258821
97092,0.1167809489700187
97093,0.07135097368123824
97094,0.015621211985808731
97095,0.10210881706540609
97096,0.057537331854438045
97097,0.08693681350734034
97098,0.05247588150378942
97099,0.025124095443693668
97100,0.01932139301960958
97101,0.07822468930448642
97102,0.037055777466722103
97103,0.02240934890194633
97104,0.37658808288617257
97105,0.02873984603919814
97106,0.016598209010053624
97107,0.2175731885610817
97108,0.06445173708524878
97109,0.6534188353836022
97110,0.02943608173219818
97111,0.0519668140121779
97112,0.018757949065918354
97113,0.04789622798941325
97114,0.01540699086888678
97115,0.04724341908940981
97116,0.032369374637698824
97117,0.0473867252277936
97118,0.010586588555247916
97119,0.03428638420491018
97120,0.03271496670787052
97121,0.1853039207065842
97122,0.22634269727849235
97123,0.03217414264534088
97124,0.015341454402504838
97125,0.35972920184728163
97126,0.020839315759410504
97127,0.06305783331068562
97128,0.021541735641844875
97129,0.01201493960336949
97130,0.017908404109013905
97131,0.0586902403093142
97132,0.15342039702606602
97133,0.020580758920903934
97134,0.020865098537679438
97135,0.012067451050937789
97136,0.1084409008731067
97137,0.060329266208673384
97138,0.1428283946256839
97139,0.015966504911486414
97140,0.03363879827591851
97141,0.053319451759970826
97142,0.0688890185866874
97143,0.02743691868364305
97144,0.02258948913121143
97145,0.044229645536125156
97146,0.018972707078132065
97147,0.03129718181058058
97148,0.22633948258171344
97149,0.02822018191019649
97150,0.015187655713795588
97151,0.03823502523597598
97152,0.3296498105299688
97153,0.05400688729055119
97154,0.02807341114189097
97155,0.014256532701710366
97156,0.0230856734757751
97157,0.011659179317189117
97158,0.023413649053560043
97159,0.11510031612247741
97160,0.09983173082796215
97161,0.058315169046723514
97162,0.15143838714183933
97163,0.0836014562119872
97164,0.04417221166116447
97165,0.018520116463494066
97166,0.09451762685422477
97167,0.05231273828573216
97168,0.031642405391768796
97169,0.07235743926196024
97170,0.027096096549890963
97171,0.0257023033857898
97172,0.038960583041580135
97173,0.05246438111568891
97174,0.009772331022608894
97175,0.027604153796071947
97176,0.02173838011751126
97177,0.05079847398600608
97178,0.02161392537674125
97179,0.037440521264524934
97180,0.735951412373711
97181,0.03178833033882844
97182,0.09329696250456657
97183,0.020319582407748994
97184,0.041658483179460484
97185,0.1589999408929213
97186,0.032944668891846385
97187,0.02316971215313251
97188,0.03527894335183887
97189,0.03844380035405079
97190,0.07012313358167338
97191,0.061953876775059695
97192,0.07889128906472263
97193,0.08952054924973737
97194,0.013776072387074165
97195,0.010093775992723295
97196,0.12911995451938751
97197,0.025808464195688503
97198,0.03094447790740528
97199,0.04391109294908678
97200,0.020367208202702172
97201,0.14663840569808656
97202,0.02394731150791516
97203,0.015246581927869311
97204,0.023609581321380073
97205,0.035084983915706094
97206,0.03381406039100666
97207,0.019846548848809854
97208,0.9055920592637596
97209,0.011908849687624434
97210,0.059938024154883876
97211,0.12499375070812382
97212,0.04303702870914927
97213,0.01347308661402917
97214,0.03569087450170083
97215,0.016159127116469787
97216,0.017713103787073015
97217,0.029836086848173245
97218,0.026308595179868687
97219,0.07721283319934497
97220,0.05085316618747867
97221,0.021012679763544432
97222,0.12353589103508529
97223,0.03134431665839671
97224,0.05721057260384618
97225,0.03512200736131848
97226,0.07225693371056938
97227,0.1779395022324204
97228,0.04705031512813404
97229,0.08624863488692389
97230,0.011309908688360466
97231,0.04904685843098449
97232,0.01913552576686884
97233,0.020984826932774585
97234,0.03289727391501077
97235,0.0395586863534735
97236,0.025032644110629287
97237,0.3329552279028153
97238,0.03934084282917515
97239,0.024526592791828013
97240,0.014811976745242704
97241,0.10480994821011014
97242,0.08227126918872069
97243,0.06959510223436634
97244,0.036170224457821934
97245,0.06995626828764451
97246,0.04638870058641528
97247,0.05363066423937726
97248,0.027186284759735356
97249,0.013164853321346513
97250,0.019096378680571544
97251,0.031428315924916114
97252,0.05619718569160351
97253,0.03496689157802944
97254,0.03893098086154363
97255,0.03335288102625447
97256,0.036790024393996784
97257,0.016076400902897768
97258,0.13343001025680637
97259,0.023813874174207387
97260,0.029742216818956925
97261,0.0332367243101845
97262,0.0438086416376281
97263,0.052637468308604614
97264,0.045502521764627143
97265,0.06491420389598347
97266,0.20092415816268444
97267,0.030259648860789495
97268,0.016147133033473662
97269,0.05809358899067095
97270,0.19919212639865047
97271,0.06544862583013397
97272,0.037308834508672895
97273,0.008886832326946537
97274,0.02769000155581868
97275,0.06904460474721227
97276,0.06344213607824856
97277,0.023266935971038825
97278,0.017588809314273042
97279,0.019068670620825175
97280,0.05693139707747414
97281,0.07877353409399328
97282,0.033514850277116454
97283,0.06301859670909382
97284,0.049197850168561215
97285,0.17468257027116751
97286,0.03202697042077303
97287,0.1112814882196833
97288,0.05873435092669643
97289,0.013731130661640802
97290,0.10778528443652274
97291,0.2342697912446124
97292,0.06968388605109588
97293,0.029596535955425513
97294,0.0372169985800988
97295,0.009419430573266045
97296,0.01863803927997034
97297,0.021486790989568592
97298,0.06564720798019154
97299,0.03380403777306823
97300,0.1327292721700596
97301,0.03884823643568328
97302,0.04790484881608377
97303,0.04881998806760046
97304,0.01254371416907827
97305,0.05765383728317511
97306,0.04326024801498234
97307,0.04819984433293597
97308,0.027247414236577457
97309,0.01212418397060596
97310,0.014651408149571785
97311,0.01980758947197997
97312,0.029731493215731715
97313,0.015352836881978152
97314,0.17398413342074734
97315,0.020177158689091153
97316,0.12554234848697218
97317,0.017616010547233787
97318,0.09222760500095335
97319,0.012188309313384452
97320,0.021388533122382643
97321,0.06389503322437835
97322,0.02427181583008328
97323,0.19716572815917122
97324,0.05921828327229851
97325,0.05148171860439203
97326,0.020674848647153243
97327,0.14371785305566673
97328,0.07138539401395225
97329,0.11666119676907516
97330,0.012732913366594411
97331,0.014304733311540833
97332,0.049387615286492936
97333,0.012871023460393179
97334,0.11677494188765536
97335,0.04736284312969169
97336,0.0662931367801938
97337,0.06270199603864368
97338,0.052351750640249536
97339,0.02490380640859211
97340,0.16367904635125716
97341,0.03664811556014805
97342,0.2838039426058688
97343,0.04353901357740854
97344,0.09934355703973902
97345,0.040271558293732634
97346,0.2932714839492755
97347,0.2662297199061549
97348,0.12332945311893755
97349,0.0894669228829949
97350,0.0264532295026099
97351,0.10901903336500596
97352,0.0408064187550799
97353,0.017637044284372457
97354,0.05791358070440357
97355,0.06376890623708567
97356,0.027294176100068554
97357,0.04974643967135716
97358,0.08471616410002729
97359,0.05230758648082803
97360,0.12109323969513562
97361,0.05907048270289583
97362,0.10440626590249855
97363,0.08901822206240426
97364,0.05729533535878417
97365,0.15747993474826197
97366,0.035362532111224906
97367,0.01642025707079272
97368,0.03814958265018022
97369,0.031574478162538555
97370,0.02095195560074121
97371,0.022387977279558498
97372,0.06218142826686709
97373,0.047002836707629586
97374,0.06498036813585177
97375,0.017413710411677587
97376,0.0692515797583468
97377,0.07008600581634253
97378,0.09587083762918815
97379,0.25232361613576243
97380,0.0190145895032507
97381,0.020551310152936896
97382,0.015705105755476692
97383,0.0894854306456073
97384,0.14219013828445407
97385,0.02506899974912871
97386,0.024066812017323004
97387,0.0494967724004983
97388,0.047116859496436535
97389,0.06925321059884046
97390,0.06607407103520285
97391,0.04394649089192497
97392,0.01783012919371751
97393,0.10550761255431919
97394,0.06094647416022729
97395,0.019772232263898477
97396,0.013788863352828478
97397,0.08967181849400738
97398,0.015434905148031298
97399,0.06966540756446975
97400,0.02397547283451001
97401,0.029159394532090835
97402,0.1331293835853654
97403,0.06703452307593831
97404,0.036086872780480075
97405,0.3606582231124944
97406,0.04127130763404854
97407,0.02336828517325018
97408,0.048737630653541926
97409,0.04352323136216059
97410,0.13280820039639046
97411,0.12932281472457827
97412,0.15181808983477835
97413,0.2502213768206951
97414,0.01369385887705308
97415,0.026759041396114867
97416,0.07109546487620505
97417,0.042859157166945515
97418,0.013353003866086
97419,0.052133159028414505
97420,0.015372138381321017
97421,0.05081089352188656
97422,0.01589941804407675
97423,0.043713517535516846
97424,0.023459322630545065
97425,0.024288428143963973
97426,0.06451755482211335
97427,0.01850191473351828
97428,0.0648543182258019
97429,0.1537992599096478
97430,0.06824682465087271
97431,0.010827973373409839
97432,0.06041265569441924
97433,0.02041534426805531
97434,0.05937355881681451
97435,0.03312149644072772
97436,0.08526419552968256
97437,0.044780552972319046
97438,0.028849920789195453
97439,0.08546533314850718
97440,0.021791951443386037
97441,0.032596928608037416
97442,0.3805544664064653
97443,0.06513331280597492
97444,0.02229385763175953
97445,0.03390418832919239
97446,0.043887336654809796
97447,0.047220047472221485
97448,0.03268616403685677
97449,0.02715955652422367
97450,0.2153850403669544
97451,0.05688481940245669
97452,0.03244424664546024
97453,0.03222099116078819
97454,0.10801016208401094
97455,0.026956197893853645
97456,0.034115855176899364
97457,0.050491069151715195
97458,0.0855699013157571
97459,0.027437938800124347
97460,0.10001610786258935
97461,0.1543565479845338
97462,0.21092750530596904
97463,0.04392916421387263
97464,0.13099057559944122
97465,0.040920742330493684
97466,0.02343963431141697
97467,0.016353026293720332
97468,0.09963582255212952
97469,0.061547211731224294
97470,0.04939693078247191
97471,0.009456558144942947
97472,0.19635673824131358
97473,0.0839104560565398
97474,0.02699088660769677
97475,0.310292377382667
97476,0.026039951015986967
97477,0.017138864228790417
97478,0.07765452571500044
97479,0.036317283269629956
97480,0.053043591546612846
97481,0.01212179627741393
97482,0.05097875934274708
97483,0.11013603666620722
97484,0.30051948468913964
97485,0.014925296936614414
97486,0.04635779964589184
97487,0.1361487251647895
97488,0.025645061070852338
97489,0.038412771208981344
97490,0.053194681555980804
97491,0.03012209867661843
97492,0.015633428426850775
97493,0.028610832873000973
97494,0.03509142406111235
97495,0.11441778727212597
97496,0.02080381177377861
97497,0.014397522604161678
97498,0.015126209081802396
97499,0.021690693495474075
97500,0.02269468484686055
97501,0.040279401848583085
97502,0.02215980091493201
97503,0.03630402873434435
97504,0.03716949651574709
97505,0.032313671621633344
97506,0.03464815825158807
97507,0.057938762687671265
97508,0.04660843143501351
97509,0.08883626474107306
97510,0.03375429887567129
97511,0.05229685098768028
97512,0.05009610421398263
97513,0.3901698903121413
97514,0.03179953450447929
97515,0.09752926654320572
97516,0.24683344624709946
97517,0.05128220442211687
97518,0.14173453034284686
97519,0.19358950288022578
97520,0.022210015544886386
97521,0.10909989562505645
97522,0.08961202016934203
97523,0.05113306185708979
97524,0.02575199245407607
97525,0.2744959667100372
97526,0.1396087990380173
97527,0.034562367757073616
97528,0.0449266142388625
97529,0.027877670475440902
97530,0.023901568530697682
97531,0.12431558256111501
97532,0.041508397589961124
97533,0.11247763560384352
97534,0.11538380788100042
97535,0.03361583387330474
97536,0.07750206764700641
97537,0.09113568649258497
97538,0.0267584159382572
97539,0.05996535975566255
97540,0.029920897580980425
97541,0.03911470924242588
97542,0.17033974164269544
97543,0.38719999053543247
97544,0.14768039360304547
97545,0.03989274612306912
97546,0.0527740053708349
97547,0.06283541763370781
97548,0.026183702392342703
97549,0.05132681923037458
97550,0.04907152550478879
97551,0.017770520582841932
97552,0.08142674328884288
97553,0.21412680710721702
97554,0.01596043963578061
97555,0.026735569566384062
97556,0.06927175095265505
97557,0.06488013330332902
97558,0.03703454458364297
97559,0.1344185947587254
97560,0.057883665638756514
97561,0.006281430906351316
97562,0.05721595819980159
97563,0.10749066592854867
97564,0.014460599552566787
97565,0.018832642726378614
97566,0.0954507419044607
97567,0.03581713388751874
97568,0.055023629825236085
97569,0.06796971946258633
97570,0.03755336370469468
97571,0.03422837277832637
97572,0.05312959817879188
97573,0.03821328126658863
97574,0.03287269297444789
97575,0.02596941321722679
97576,0.027045888382965292
97577,0.15749850834685206
97578,0.0285529092267972
97579,0.12851798625083052
97580,0.07811402958097365
97581,0.03531843215254118
97582,0.022100303278481784
97583,0.04885429173915739
97584,0.05522608684865115
97585,0.07842665324998792
97586,0.2270035970290274
97587,0.056182253845688174
97588,0.11980946712251127
97589,0.07041673367342058
97590,0.031928337197294356
97591,0.04913813587970777
97592,0.04600280401460403
97593,0.07131561487211868
97594,0.01079571851771966
97595,0.020395189598623534
97596,0.1303398389867679
97597,0.014608684127907253
97598,0.07499409863096941
97599,0.03862215134869483
97600,0.03000084970508094
97601,0.09531311911969913
97602,0.0443600649157206
97603,0.023290872685627097
97604,0.0237808933362694
97605,0.06286586143667665
97606,0.029371809235262596
97607,0.12076402644148061
97608,0.03325776832367863
97609,0.06851881157777669
97610,0.0253303789136573
97611,0.11546838281455779
97612,0.01880535117664687
97613,0.10245005162513157
97614,0.02386010624818744
97615,0.1120767392949569
97616,0.02572482873659743
97617,0.21142956215414815
97618,0.04343088023687447
97619,0.14359412617590178
97620,0.03710884730278659
97621,0.04255369236131848
97622,0.1471790971423019
97623,0.03779507768732697
97624,0.011648100244002643
97625,0.08619752561263569
97626,0.04997265560956542
97627,0.03009484828860942
97628,0.06113949541455908
97629,0.02221277402625218
97630,0.03609512774079926
97631,0.04614661416707544
97632,0.027758427130559815
97633,0.02292273357372021
97634,0.05815964654413798
97635,0.021052355022745668
97636,0.016159400171756502
97637,0.06818141920330245
97638,0.07849702591822823
97639,0.05900826496893259
97640,0.12738079424365167
97641,0.027536722798003326
97642,0.14407898640908695
97643,0.13145756577622134
97644,0.014228569186416165
97645,0.04269104822638882
97646,0.022546095686189482
97647,0.03427441873955963
97648,0.03392620898351133
97649,0.026225719580552483
97650,0.05720262210454505
97651,0.038433233761329594
97652,0.036843514784426976
97653,0.0466871180948334
97654,0.05184535993172599
97655,0.040159497782982306
97656,0.022048841919566003
97657,0.0862540761168264
97658,0.22260885716446077
97659,0.20040471994536255
97660,0.03384668022068203
97661,0.14809379952917878
97662,0.01213658762871319
97663,0.08577539018379213
97664,0.035738398657295695
97665,0.05682384951673895
97666,0.042368409919475186
97667,0.2160853489393219
97668,0.05746506342458681
97669,0.03586438625290192
97670,0.024786274536478678
97671,0.02433948375702434
97672,0.11326287913764467
97673,0.20677759198698173
97674,0.016491916169448194
97675,0.03282164200042673
97676,0.09037856755407653
97677,0.06982646217652445
97678,0.04427166888104527
97679,0.013799541818088394
97680,0.039504121473526436
97681,0.04228616826917453
97682,0.2756577369977457
97683,0.02518250923153556
97684,0.03950118687600152
97685,0.6849609861016973
97686,0.06170192275367073
97687,0.1282848213583175
97688,0.010587278003000244
97689,0.15825947220725312
97690,0.04263783520598105
97691,0.00785015642175042
97692,0.5354021400666171
97693,0.014765632188676988
97694,0.07943081957436146
97695,0.053609998731718844
97696,0.04049989119143917
97697,0.1027100433802969
97698,0.025451960836435028
97699,0.38096229959253736
97700,0.05026862609948828
97701,0.008156997038045486
97702,0.10232837080343496
97703,0.028389520248173948
97704,0.021694688637018338
97705,0.21107450623289098
97706,0.021762927550710867
97707,0.10719590440620444
97708,0.04361475052941765
97709,0.012376048817697074
97710,0.09101889318009837
97711,0.028251613537317484
97712,0.036875560143421124
97713,0.03890834798170906
97714,0.04442625815641624
97715,0.02128073531164024
97716,0.034688931968354056
97717,0.04076715350725259
97718,0.08702926083962939
97719,0.058359438468352946
97720,0.15825724425088708
97721,0.026541461133864082
97722,0.05587708532602662
97723,0.012582584718696242
97724,0.06194987434740959
97725,0.10038371039676229
97726,0.14414393953924268
97727,0.013801583775756607
97728,0.058162313456575465
97729,0.10438739658163071
97730,0.06204115811758676
97731,0.0660090409947606
97732,0.03654960291411807
97733,0.022004994019720017
97734,0.013759320835876077
97735,0.05168441547722667
97736,0.08956405739225642
97737,0.010891024600056413
97738,0.1652720961429412
97739,0.10434594566609307
97740,0.0754615006279106
97741,0.023566200163635316
97742,0.05095782207852251
97743,0.05109161064407701
97744,0.10087272685847322
97745,0.029008153917440667
97746,0.07730428163701207
97747,0.017512105621262115
97748,0.02710766770805242
97749,0.06972932405618618
97750,0.1919399578378928
97751,0.0748162016720508
97752,0.1546797932936216
97753,0.01967966275000707
97754,0.011773864489301955
97755,0.026144150595978705
97756,0.0891945247160925
97757,0.04718920776146863
97758,0.06367322982010774
97759,0.0302448630135174
97760,0.07968301828543178
97761,0.08728329666935485
97762,0.016881483260398844
97763,0.037768665255888886
97764,0.06969697014749189
97765,0.05520545726136705
97766,0.1226238454922359
97767,0.03837884702809367
97768,0.019853129486675395
97769,0.01522585405484869
97770,0.3493787650363111
97771,0.03792196527458879
97772,0.016975159861584776
97773,0.06103115248322673
97774,0.10010510224318014
97775,0.09104280076246679
97776,0.17747709342198772
97777,0.016592563858480812
97778,0.022452553788906614
97779,0.03304562886250105
97780,0.1170159775135326
97781,0.022676951939347337
97782,0.04558362177570391
97783,0.10740131433450428
97784,0.06963367532033593
97785,0.21340499171956692
97786,0.047614517110276554
97787,0.019242055140674633
97788,0.02464334872134086
97789,0.09884764659744377
97790,0.033434781672260584
97791,0.0246801091181782
97792,0.036056517065176444
97793,0.024081819160907875
97794,0.18501669758328598
97795,0.05705363927331898
97796,0.043063755177632154
97797,0.07478906892641347
97798,0.02785770503852685
97799,0.03797125931629152
97800,0.07028087511848338
97801,0.017215090005574328
97802,0.08293755173786303
97803,0.2850784459772354
97804,0.09871303864001621
97805,0.03768097715574642
97806,0.06761599556770856
97807,0.07956549906162083
97808,0.2818178642996181
97809,0.09495207284359086
97810,0.07326384677810689
97811,0.05129482287406757
97812,0.05573751632452237
97813,0.024072885312086744
97814,0.02282116120413699
97815,0.0676384782528676
97816,0.03128972579838608
97817,0.02692269060393995
97818,0.0166460466333897
97819,0.06564971126847427
97820,0.10141910080431965
97821,0.07057192062584633
97822,0.012517711397842485
97823,0.026493382853409107
97824,0.15612754175187488
97825,0.015109797794371955
97826,0.024751999621578813
97827,0.04917897961007928
97828,0.03989267670146153
97829,0.15487781159739333
97830,0.03891924455178528
97831,0.09528411767162456
97832,0.016822855334041625
97833,0.014697098009958236
97834,0.04850828241145483
97835,0.055963687532300695
97836,0.01876512038260433
97837,0.0169634003191596
97838,0.0343491780881534
97839,0.055749184374210906
97840,0.09615907383116863
97841,0.03203098159944151
97842,0.057300546695250636
97843,0.05099202363797967
97844,0.013533678657293213
97845,0.4005552172950174
97846,0.08076894605839408
97847,0.09215831989365675
97848,0.03956158510917471
97849,0.02110913212813082
97850,0.060383228699651445
97851,0.10600977673292444
97852,0.0908797320901927
97853,0.028836718557256384
97854,0.040289110688310405
97855,0.019079815836933644
97856,0.06898937718347628
97857,0.02545180970451017
97858,0.31796296451384193
97859,0.014921784364254054
97860,0.01823867367700365
97861,0.15534482138915956
97862,0.14208330833321206
97863,0.05665558965798065
97864,0.01912831514271767
97865,0.2180728858365395
97866,0.04997456969019466
97867,0.022093865767279147
97868,0.06305362484216229
97869,0.04082317099595444
97870,0.13322690151525596
97871,0.016051914284945852
97872,0.04090504290700675
97873,0.02706664851886558
97874,0.10561300428140104
97875,0.020380593757005058
97876,0.061466259277490276
97877,0.03235904799423758
97878,0.022120587040954584
97879,0.028326473030352146
97880,0.029495271683571318
97881,0.2167543958332973
97882,0.058390418236831665
97883,0.06083819859280361
97884,0.02800358414767882
97885,0.03227775429968909
97886,0.01719428700839534
97887,0.02949839496150994
97888,0.016446618597018067
97889,0.04868761028081432
97890,0.024284403274826553
97891,0.008559389948892302
97892,0.039990508810802766
97893,0.07517850742759793
97894,0.02160878467955768
97895,0.03416370479414453
97896,0.060155875143086526
97897,0.10661042484429789
97898,0.09996397451215724
97899,0.5156626088578723
97900,0.026342487056413996
97901,0.0438771998712848
97902,0.020668764568472962
97903,0.047990715116041124
97904,0.056173623188449796
97905,0.027798549195314867
97906,0.0449352835364004
97907,0.042152698088948407
97908,0.016407390738385617
97909,0.031285699248070294
97910,0.025004086134582784
97911,0.10311120458149488
97912,0.12455598945073432
97913,0.03956867512412783
97914,0.071047527488641
97915,0.04867141346616187
97916,0.01905755316210386
97917,0.017408333382959332
97918,0.18590134437057224
97919,0.041054390593049814
97920,0.020341906257175656
97921,0.024031343822634825
97922,0.025882084695502544
97923,0.058192351631627066
97924,0.026174452861109768
97925,0.03671092221613617
97926,0.4024145244302727
97927,0.06978720411479847
97928,0.0401847729326208
97929,0.01941407376739064
97930,0.03407545046033158
97931,0.13005119302521395
97932,0.045389617941309954
97933,0.0837798720578502
97934,0.4285689329259808
97935,0.029302165696038444
97936,0.016735294151693773
97937,0.05767097808098644
97938,0.09307399918428591
97939,0.03538590823292464
97940,0.028850627747724816
97941,0.06497507052448583
97942,0.06672686244621098
97943,0.1008434663978233
97944,0.05099713207776195
97945,0.017137336186832414
97946,0.03879681924571601
97947,0.03639360073004269
97948,0.14341437927800546
97949,0.09973843055945882
97950,0.02497918971677267
97951,0.05375033318211245
97952,0.022863218963554692
97953,0.0875819248866322
97954,0.03658884313016267
97955,0.22103775302872702
97956,0.0679675545521177
97957,0.20768779040755936
97958,0.14918314965316393
97959,0.026069225834816013
97960,0.020723047364501177
97961,0.019803505534656717
97962,0.011364800467715493
97963,0.020227448598215944
97964,0.08188653525959863
97965,0.03570250443073528
97966,0.08385557897138303
97967,0.05419864707032129
97968,0.03489311935058471
97969,0.04194732096667283
97970,0.0350281671284331
97971,0.016001961321223362
97972,0.019504117768680898
97973,0.06073965679489609
97974,0.09274291213259353
97975,0.04303812684281049
97976,0.09527104925753443
97977,0.02184516926066082
97978,0.023186938217572475
97979,0.12461026263208838
97980,0.09325362373804733
97981,0.1029281842169261
97982,0.057238397646477104
97983,0.029673252588789237
97984,0.044215174870700015
97985,0.09027486898141134
97986,0.06136218774736097
97987,0.25483121973612255
97988,0.05834952567357719
97989,0.0988820328472591
97990,0.13494305564022133
97991,0.03946177080128996
97992,0.037493257752267195
97993,0.07187625929812294
97994,0.2411578948021041
97995,0.07847782402861916
97996,0.06924912340574241
97997,0.040290287170787344
97998,0.08882469749619873
97999,0.019317969046825256
98000,0.014874513836629244
98001,0.02246991335835935
98002,0.028222742746392585
98003,0.04157320117300713
98004,0.022014269001461584
98005,0.07747212357469421
98006,0.011136578496226946
98007,0.025186726851256832
98008,0.18056012058963572
98009,0.021676551157559985
98010,0.02691602589858485
98011,0.02548438821101098
98012,0.08974301849285024
98013,0.047839404358390764
98014,0.12064570960936914
98015,0.12905317690509888
98016,0.05386920413947589
98017,0.03452006368239695
98018,0.038461851304365025
98019,0.01260638344548374
98020,0.11634939925158704
98021,0.02081673909993305
98022,0.060241811863047764
98023,0.01297211065604231
98024,0.10420397811570722
98025,0.04529645300999685
98026,0.18183891841037736
98027,0.041106375150335
98028,0.30542252499813594
98029,0.07278705712107522
98030,0.034248139452531044
98031,0.02510428211540811
98032,0.021498962363116873
98033,0.04875305922397535
98034,0.20610589867113227
98035,0.12869185451318454
98036,0.012660496490524448
98037,0.36828576432723015
98038,0.03193573536026901
98039,0.06772427279247625
98040,0.04383590196067316
98041,0.06576419925638854
98042,0.03902455879793905
98043,0.09552135615104768
98044,0.149898907500095
98045,0.03243346845567602
98046,0.13424457398858722
98047,0.17340921324072645
98048,0.07114459693109386
98049,0.052861357810888854
98050,0.10330112205290871
98051,0.08357832136166847
98052,0.030564198144112403
98053,0.016546839528192053
98054,0.1499046543558745
98055,0.06633002077798535
98056,0.023333445354978624
98057,0.0729972667241123
98058,0.0380192560506385
98059,0.019257954370312948
98060,0.817619449281255
98061,0.06601902975415666
98062,0.040880720241992255
98063,0.08149626000396355
98064,0.1380013163886361
98065,0.02469037624299325
98066,0.024364504886613625
98067,0.019374137697837315
98068,0.029400058412181712
98069,0.048251834746857326
98070,0.027930120725698664
98071,0.06383550571947937
98072,0.014450897984115897
98073,0.014740684617632005
98074,0.02277257566361191
98075,0.06865019489626037
98076,0.030474462349453797
98077,0.11344771514438268
98078,0.012932433417451879
98079,0.018828258857391457
98080,0.021237575334039523
98081,0.07006418314407611
98082,0.07862161338815353
98083,0.0894257307160831
98084,0.03904624130480404
98085,0.02374466279046388
98086,0.13278311541850962
98087,0.032408580733646095
98088,0.03661432606491565
98089,0.047525397864397065
98090,0.09672333432074581
98091,0.08165652059041219
98092,0.018087527632735634
98093,0.03496518547531377
98094,0.013199994657822463
98095,0.020187687029887498
98096,0.034658642695232056
98097,0.05279161483780321
98098,0.0539206610985091
98099,0.061261872400482274
98100,0.5284691052254156
98101,0.029578622826337355
98102,0.18080853532377794
98103,0.018999992418114543
98104,0.07894557315829784
98105,0.14923091336289007
98106,0.021971902357271873
98107,0.050929619879756007
98108,0.06473882637023098
98109,0.029236980130217277
98110,0.14585572283790832
98111,0.14115760308392133
98112,0.04228809628355877
98113,0.05508963525872122
98114,0.01576474931930299
98115,0.012298563930075746
98116,0.047595815802117004
98117,0.01543637401844048
98118,0.05696769378065874
98119,0.020039644965441136
98120,0.017175110270269474
98121,0.018858486383436693
98122,0.08790843270256174
98123,0.022189040756198194
98124,0.04584001824856833
98125,0.07401209398011815
98126,0.030993746040639147
98127,0.02268535101895833
98128,0.013268177087081723
98129,0.008402867618907203
98130,0.017098452671091398
98131,0.046883958529687894
98132,0.009930527252760644
98133,0.08841669800150626
98134,0.02626297335723385
98135,0.10868156857584808
98136,0.022686972080778536
98137,0.01976743833486463
98138,0.08100677233879852
98139,0.024293187256196527
98140,0.027394564696846417
98141,0.023978789585251334
98142,0.022600394464262732
98143,0.06766150496585036
98144,0.12122924250007935
98145,0.07694776817304617
98146,0.02975847796663999
98147,0.08037803934806655
98148,0.08143538558732066
98149,0.03146727430472653
98150,0.03128189984372373
98151,0.2857925080754088
98152,0.07797600073102608
98153,0.09891000062668065
98154,0.05635584259795409
98155,0.027237950381243794
98156,0.03102839633113061
98157,0.06869938848740312
98158,0.03297247312367883
98159,0.16920453358553447
98160,0.06008212336209359
98161,0.0642261828432751
98162,0.2843530547135529
98163,0.08563155072038704
98164,0.01563700959165166
98165,0.024646232258959674
98166,0.11371667296093621
98167,0.03500130687688324
98168,0.025577066568958452
98169,0.15259108767553503
98170,0.19289739018404406
98171,0.06435789192144123
98172,0.062430047828579006
98173,0.013672720212797602
98174,0.10520187565066681
98175,0.03391542029940159
98176,0.04087189353017282
98177,0.07384106506205651
98178,0.13374777004542593
98179,0.07175320020024237
98180,0.23823606487044852
98181,0.039939422982126424
98182,0.05749890909929467
98183,0.007927480382359482
98184,0.057885395843318845
98185,0.07114525543255323
98186,0.01617066265614863
98187,0.028481839074356828
98188,0.11853516500114787
98189,0.09322357031054213
98190,0.051468759333486006
98191,0.08825869885499481
98192,0.19742128034741965
98193,0.283905027795432
98194,0.013376353942259802
98195,0.15362749013052865
98196,0.029396713837466237
98197,0.0923439486991437
98198,0.07089974251190231
98199,0.03234744602790915
98200,0.1607072166555412
98201,0.04665990987244856
98202,0.03158143166164076
98203,0.018852310102357876
98204,0.0801432956747782
98205,0.020318525766962317
98206,0.0507910697765028
98207,0.019539609368163055
98208,0.030150560826730823
98209,0.01912487657608415
98210,0.07636007645163904
98211,0.032401970142501804
98212,0.05050940899147664
98213,0.10562591328077481
98214,0.021617963755120793
98215,0.032901630332335695
98216,0.20795493741442797
98217,0.014716323380574992
98218,0.2172254060766556
98219,0.04431695860906216
98220,0.07949270273289154
98221,0.08509482704560282
98222,0.0881846216791192
98223,0.032234944960784655
98224,0.019911259644501113
98225,0.1875169343164037
98226,0.054690338832015614
98227,0.19621943095339028
98228,0.02824555111271656
98229,0.06860262203853933
98230,0.040664654872670604
98231,0.02693893129888146
98232,0.026369445192563377
98233,0.05203490367793377
98234,0.09764473409448067
98235,0.08414441885488415
98236,0.04138562861720112
98237,0.06844909705987395
98238,0.2052211494219603
98239,0.1440067299660215
98240,0.09639713428526085
98241,0.02886434296815043
98242,0.09186800668628747
98243,0.00892079589711909
98244,0.02198955210159781
98245,0.027851081901765273
98246,0.025983382926494134
98247,0.04536515154775281
98248,0.04266402404797061
98249,0.16032633193212492
98250,0.026828455843658304
98251,0.020157208562907473
98252,0.04951426960766402
98253,0.028008986158253008
98254,0.04981069572412525
98255,0.07140980064698638
98256,0.014330971044773823
98257,0.0746324220550353
98258,0.03258815758851803
98259,0.03991268234902991
98260,0.0903517935905038
98261,0.0129869077554849
98262,0.06042878132693461
98263,0.03956152528086046
98264,0.0219053672070991
98265,0.021162555729909285
98266,0.16048425550533116
98267,0.08739021692534939
98268,0.4221639962293916
98269,0.06518504541324682
98270,0.21330547875439734
98271,0.28569829575903705
98272,0.020459087464332296
98273,0.0172602797604381
98274,0.02287643480645797
98275,0.07983658778466798
98276,0.03721719073135561
98277,0.14857433664120218
98278,0.060736354095860964
98279,0.05488701877023913
98280,0.03498510309614038
98281,0.04062596332254548
98282,0.0254286715148169
98283,0.11285982362636741
98284,0.03849021624989085
98285,0.055183405478004544
98286,0.06044423422371269
98287,0.03757640816343897
98288,0.17194450947807538
98289,0.020662315558735052
98290,0.021750196347980602
98291,0.06579971120540111
98292,0.05301310486545053
98293,0.03853120054722548
98294,0.04713182687593476
98295,0.027038878681216617
98296,0.015807785535370898
98297,0.08710349599741493
98298,0.023511861470854486
98299,0.01700812563157231
98300,0.038653132004626944
98301,0.05381093632886554
98302,0.03091776562437784
98303,0.02280046234586936
98304,0.030642531408701094
98305,0.07220607065718639
98306,0.04284829003650438
98307,0.029348067200803428
98308,0.10303396971843996
98309,0.10453275901034986
98310,0.14493299223182485
98311,0.025990668792889558
98312,0.12970236297010296
98313,0.09804918309905752
98314,0.02969654403419909
98315,0.027099002921089316
98316,0.04972460864657563
98317,0.05872302108829953
98318,0.028132188373532024
98319,0.035708156863340064
98320,0.05138896279138373
98321,0.03863323553272203
98322,0.024928722750014447
98323,0.09932332876607078
98324,0.02793557811933267
98325,0.03589237175586364
98326,0.05494078285571404
98327,0.027099759725763166
98328,0.06879396467991258
98329,0.027443225504897185
98330,0.014468139954817907
98331,0.020477958913521145
98332,0.043521820131098496
98333,0.011986343465644884
98334,0.01167733246902668
98335,0.12397631308837742
98336,0.20820425533036602
98337,0.02601849466401427
98338,0.11837082409356207
98339,0.03816073534761423
98340,0.10563504027131987
98341,0.034106267723967194
98342,0.17569869939380145
98343,0.024929092307645836
98344,0.039415656886767625
98345,0.012156564160961166
98346,0.24760124460951416
98347,0.029395644096227073
98348,0.03196183405106229
98349,0.016946420312008385
98350,0.05068685151518372
98351,0.025761287709189194
98352,0.05153838159247228
98353,0.030694384695983554
98354,0.03396210146967317
98355,0.28506647546904385
98356,0.029362949502499864
98357,0.2600305685064408
98358,0.09147581057837618
98359,0.12869447294754424
98360,0.031170442226361995
98361,0.03253597917199539
98362,0.02347300106998878
98363,0.03487797863436931
98364,0.09561697059392633
98365,0.07222435066229484
98366,0.045193596642665576
98367,0.038988370879606896
98368,0.05723765031457308
98369,0.025142239166905236
98370,0.09536247563972648
98371,0.020421183296322535
98372,0.12922073711347346
98373,0.05216148242014667
98374,0.04366443830131385
98375,0.013782908014827275
98376,0.05064261821476228
98377,0.008953902219737622
98378,0.02780038981617852
98379,0.035704834166356586
98380,0.04680760245342242
98381,0.15144952364605974
98382,0.060774685977952464
98383,0.08075956199138576
98384,0.05567932440230928
98385,0.024983062894325496
98386,0.07627920399245411
98387,0.03785241011597681
98388,0.011544304810546458
98389,0.022025041554687794
98390,0.019521020726816184
98391,0.01600079591466665
98392,0.09917764841424787
98393,0.08173160556757933
98394,0.06403486475782741
98395,0.058088383550406235
98396,0.06251593677705294
98397,0.017582632600240206
98398,0.022186060177173665
98399,0.03638399678755633
98400,0.009712090955670435
98401,0.015582678867590778
98402,0.04074999962284342
98403,0.020647110950005335
98404,0.04095340367355867
98405,0.04552153525136586
98406,0.0680727261988801
98407,0.03365034278033161
98408,0.05713487456473383
98409,0.015225340991388302
98410,0.0865457225807999
98411,0.040739397617022166
98412,0.013200594810777627
98413,0.15224497740152812
98414,0.08382914745802982
98415,0.041897766251593235
98416,0.08859270354875771
98417,0.036413552864784926
98418,0.018834712615723417
98419,0.17994985761825508
98420,0.14806521221479746
98421,0.0837020384830115
98422,0.07209094854435537
98423,0.07387502232020708
98424,0.10463043374142476
98425,0.0919560211993686
98426,0.02639677064379621
98427,0.11735507176194761
98428,0.05534616267977126
98429,0.051261880761333874
98430,0.06211595867650945
98431,0.04458774191665382
98432,0.02449586870501124
98433,0.08457702088406858
98434,0.03201262481958349
98435,0.05238460554798367
98436,0.07699788199513216
98437,0.05897537946757768
98438,0.024054363255328295
98439,0.04150181213189858
98440,0.09455498504927304
98441,0.018352562975412576
98442,0.023051198768860765
98443,0.12043366198103671
98444,0.17277110643375015
98445,0.04513832109601488
98446,0.4631734964790788
98447,0.07253492872423839
98448,0.054840423940071915
98449,0.11079821364900927
98450,0.018857481857345492
98451,0.029481292161262537
98452,0.03201560405328048
98453,0.05388518637282078
98454,0.026952752928972833
98455,0.14321705705016158
98456,0.1251647516762799
98457,0.031954084208150935
98458,0.04172953716316971
98459,0.04756287182189422
98460,0.011932430772328466
98461,0.01443394029342299
98462,0.0874227554318091
98463,0.1404961498708503
98464,0.13388938148693003
98465,0.06232999993915786
98466,0.018841985117506208
98467,0.15302273070974876
98468,0.16162236951687778
98469,0.044041109080679375
98470,0.058056251773378545
98471,0.4150902041580757
98472,0.04499148485517447
98473,0.07835685686100075
98474,0.09074415355688553
98475,0.060417271381892915
98476,0.014520076994294303
98477,0.052858574940109364
98478,0.0773843882407663
98479,0.029123357306940434
98480,0.02400853983888265
98481,0.14010317746355316
98482,0.04611046083199854
98483,0.01320406637533975
98484,0.07917386014229431
98485,0.16129288958064758
98486,0.09662395838501253
98487,0.1689002556620582
98488,0.1871681321882286
98489,0.168035502575827
98490,0.03672344092343959
98491,0.03677248306255783
98492,0.05565452253785315
98493,0.05238400172897466
98494,0.0777205726089431
98495,0.11032571063868378
98496,0.02622187604559882
98497,0.01763926136552842
98498,0.040213318548456695
98499,0.04083913163806292
98500,0.015693123326762683
98501,0.02682677194875656
98502,0.10252860658859925
98503,0.05286957899518575
98504,0.03830486739756425
98505,0.03190516302454342
98506,0.06662591780052102
98507,0.051820307282227536
98508,0.020578607489252276
98509,0.02967809948356346
98510,0.050684881142088106
98511,0.0412223239977419
98512,0.030266077694465474
98513,0.06712032474009645
98514,0.2578397212247841
98515,0.02671371661418314
98516,0.03353685384510872
98517,0.035460235933803194
98518,0.04767147540014212
98519,0.0654175195049847
98520,0.01941917479463294
98521,0.04817356714993734
98522,0.09138451685340551
98523,0.02023734078495535
98524,0.10703707255707877
98525,0.027174722851210805
98526,0.039956405722153185
98527,0.014500239298473163
98528,0.030336060831679723
98529,0.013823864450317422
98530,0.011906227091549511
98531,0.01752821885986117
98532,0.020817090336280573
98533,0.01987138472024119
98534,0.022336972734609592
98535,0.16536966753078797
98536,0.10787047546779571
98537,0.08907136864183486
98538,0.07590909831816699
98539,0.3198725735839282
98540,0.08482577462053037
98541,0.08266835202421113
98542,0.030604196472413293
98543,0.23861137491743367
98544,0.01162396254256826
98545,0.038848026760987815
98546,0.040930261795424215
98547,0.06481561040176868
98548,0.04122254918022976
98549,0.01621356847718849
98550,0.007001727847577136
98551,0.02325365532865079
98552,0.16584901605043892
98553,0.05668738614661314
98554,0.052679906879260566
98555,0.01657563920731193
98556,0.11210805032526233
98557,0.06432498279805064
98558,0.17520794617091803
98559,0.05000855900791003
98560,0.023190266966527963
98561,0.022304831577855268
98562,0.03374858591366318
98563,0.06512435898342975
98564,0.07160132846071125
98565,0.02783548651937259
98566,0.02287965607596461
98567,0.024070503479245768
98568,0.05852723081001267
98569,0.01974051388321936
98570,0.23053068022400508
98571,0.0702523419255769
98572,0.012091867030356402
98573,0.0343946249547917
98574,0.05659078448479804
98575,0.06346054061186653
98576,0.04621023030872057
98577,0.01759869526796896
98578,0.027201632993205813
98579,0.036219400679801936
98580,0.043321827865345844
98581,0.08111259455395409
98582,0.02139234521261687
98583,0.016523403577517824
98584,0.038023689988533046
98585,0.09539709075832113
98586,0.24511347600923705
98587,0.05668057293054275
98588,0.01854279338000724
98589,0.03286202978157466
98590,0.019051562632675312
98591,0.14634315012840984
98592,0.0458282222465676
98593,0.07843619654579015
98594,0.08908113822830074
98595,0.14132850959685078
98596,0.1537295197538673
98597,0.013709400508734865
98598,0.029365867540928847
98599,0.2966530269320929
98600,0.1530987021769815
98601,0.01130502096835025
98602,0.042298077908771395
98603,0.06763333899719354
98604,0.07946256807145646
98605,0.0109221211464068
98606,0.034226158950358514
98607,0.16390801028137178
98608,0.0296053698264552
98609,0.029463164015019763
98610,0.06740980929259816
98611,0.016648955281901547
98612,0.06237855456359793
98613,0.02905316725807078
98614,0.01658438816857314
98615,0.02353975102395579
98616,0.03427980350083794
98617,0.03237456212216719
98618,0.02123367453299408
98619,0.0904809530334506
98620,0.30023172898144596
98621,0.016629305693226168
98622,0.04020663005611458
98623,0.04012620120814835
98624,0.06066639812205937
98625,0.06333581991850462
98626,0.04995148636571545
98627,0.19219963362580805
98628,0.16198447305166494
98629,0.02221550134567462
98630,0.02175041510586897
98631,0.025420677500377926
98632,0.1431014121928733
98633,0.04004621875485806
98634,0.018499448812900447
98635,0.03852024977859152
98636,0.02970935715757833
98637,0.025732910615684848
98638,0.03805003640783795
98639,0.033369994158888694
98640,0.040900121755350044
98641,0.01835857648911018
98642,0.013924707475516749
98643,0.08404298794407207
98644,0.42859709692132475
98645,0.08473898935957695
98646,0.10863920431082169
98647,0.05275342004291895
98648,0.1446546029642352
98649,0.01137295657889071
98650,0.04987253784344588
98651,0.02313889399694477
98652,0.01853341548364664
98653,0.03906183873173759
98654,0.05915497224518257
98655,0.09587492926703461
98656,0.059998346063883656
98657,0.014403730646432602
98658,0.04215294806719064
98659,0.019528511904726556
98660,0.03905320451443812
98661,0.032656200649999405
98662,0.075931417329441
98663,0.017654719061646156
98664,0.03788338205883961
98665,0.023697092675799548
98666,0.028817894263407078
98667,0.09295217408864517
98668,0.00943688551912339
98669,0.03582947092469333
98670,0.008885362994675971
98671,0.023067756267783054
98672,0.02569922277906038
98673,0.05561338276484207
98674,0.07198065696032102
98675,0.05291881384245741
98676,0.06606643273155466
98677,0.0142154781462537
98678,0.03952720457749863
98679,0.038246435454319355
98680,0.024822949169630553
98681,0.047307703004454464
98682,0.048154655103296126
98683,0.04320060578805229
98684,0.14266022368144926
98685,0.09640299102064123
98686,0.029062503239509794
98687,0.042671610033440874
98688,0.023409283353152892
98689,0.8801132644850183
98690,0.09516203333191092
98691,0.03551579010894304
98692,0.03007656652940915
98693,0.023296676209814522
98694,0.06435577438624772
98695,0.1195089939734292
98696,0.0260056539594374
98697,0.10562167035871432
98698,0.02481676696128525
98699,0.02907643660442073
98700,0.015118315279612639
98701,0.04759884082827362
98702,0.032754364740081976
98703,0.17277176044756656
98704,0.042536177373101405
98705,0.04367103350715161
98706,0.02850794165394715
98707,0.11813472696092346
98708,0.03406759235778119
98709,0.04488663278133467
98710,0.030737223826180493
98711,0.05162502680773787
98712,0.043712536233514815
98713,0.029607045872592223
98714,0.021682643816689426
98715,0.11318920125639853
98716,0.023273182627670874
98717,0.07618238345855152
98718,0.02642351765109205
98719,0.08670057143951942
98720,0.04175870364228983
98721,0.024737716492838267
98722,0.03140468902292577
98723,0.021461681557575295
98724,0.5001504249562889
98725,0.4129176611662647
98726,0.06120494103771127
98727,0.03361428223144583
98728,0.06952259896535726
98729,0.06465990100646715
98730,0.09081532748358143
98731,0.022814243131509995
98732,0.13312304922071147
98733,0.03712647924352143
98734,0.030905135856717423
98735,0.04410777554923767
98736,0.032268174495419584
98737,0.06631551167380198
98738,0.034478296375944704
98739,0.07851343762617925
98740,0.054515859111900364
98741,0.02544197892822069
98742,0.0221861353901181
98743,0.07715535201506157
98744,0.02836374223499203
98745,0.024505652952063004
98746,0.08680326331655608
98747,0.06215259284556819
98748,0.0329672676600118
98749,0.031875429030039926
98750,0.02367843273428496
98751,0.12777995423110494
98752,0.026331067121226893
98753,0.1109207222531244
98754,0.11878622179366248
98755,0.13465545626441078
98756,0.04570239997803436
98757,0.11528303654701258
98758,0.017762901466093488
98759,0.07693512241984202
98760,0.033197257571549364
98761,0.029958681825951933
98762,0.012437627806984266
98763,0.0316717808582377
98764,0.11669374875488761
98765,0.023007531099312167
98766,0.030104260374407405
98767,0.041602242673195754
98768,0.07820261171482251
98769,0.053659703284646317
98770,0.21155240881908038
98771,0.025721038434713538
98772,0.02107971354317588
98773,0.11511537100525708
98774,0.027411401405839093
98775,0.0780429980555028
98776,0.06445507369478863
98777,0.015246618462360691
98778,0.015193655752809789
98779,0.03415859135651244
98780,0.052890773400455685
98781,0.030338289500110416
98782,0.015278430700118788
98783,0.016865460481139537
98784,0.012863338331302656
98785,0.09610266434918574
98786,0.0457027495612429
98787,0.06823557863443915
98788,0.03855773629379006
98789,0.021180832974683858
98790,0.014372446022756006
98791,0.013518461482371558
98792,0.04629959822223873
98793,0.03787172555602114
98794,0.04456429554290862
98795,0.08823684061277336
98796,0.06915084023971795
98797,0.0370939297754654
98798,0.015820883324063586
98799,0.03187984178254541
98800,0.1728682807175566
98801,0.03952219418817555
98802,0.027658876730773822
98803,0.10715665402688127
98804,0.05518378527386982
98805,0.013747658638553973
98806,0.0490318781782551
98807,0.0527436687539309
98808,0.015733511432640176
98809,0.07144525561459142
98810,0.010477594439967697
98811,0.09794578862640986
98812,0.019459719511846996
98813,0.05024732050783308
98814,0.15398179778673163
98815,0.07293602987488837
98816,0.18801731688374276
98817,0.08748903732088723
98818,0.09817168904159657
98819,0.20864081433259746
98820,0.016904087921179443
98821,0.04743407000710343
98822,0.01643743030222533
98823,0.06328241010979159
98824,0.05217554025455223
98825,0.04699767776083543
98826,0.028207112389772755
98827,0.019703779172815353
98828,0.014856667487172456
98829,0.17864413399951357
98830,0.3647435202394179
98831,0.022965196096773822
98832,0.02296638178023086
98833,0.03659055940635238
98834,0.07558343715373718
98835,0.10085908383023415
98836,0.07736105490302692
98837,0.015511970384446171
98838,0.05338733452510787
98839,0.024204580465744502
98840,0.06415949523143853
98841,0.1015151172546963
98842,0.030117342013563086
98843,0.027174588631891376
98844,0.020970883385434243
98845,0.12522765284776483
98846,0.03388058586753145
98847,0.06806746329672654
98848,0.02700867616177079
98849,0.16638383657862515
98850,0.21614996470597755
98851,0.07340044446719586
98852,0.1178654624721321
98853,0.16565845201113089
98854,0.09579392302292249
98855,0.03744916011567764
98856,0.07796387862880091
98857,0.03793899461676377
98858,0.10969888992702592
98859,0.035101532305400356
98860,0.019880721444176564
98861,0.07404762319840089
98862,0.052336658299395045
98863,0.10150627543600661
98864,0.0091951449047931
98865,0.024439279528281666
98866,0.05370144545664552
98867,0.06043963103611149
98868,0.01801380286425784
98869,0.029532109551966407
98870,0.030076647680703124
98871,0.05454072372748421
98872,0.06355735682578079
98873,0.01901351156370802
98874,0.23710821596880335
98875,0.04517771879297682
98876,0.1718956592132988
98877,0.0397927426662576
98878,0.05308663387655166
98879,0.03435944256218273
98880,0.15209048769153338
98881,0.04207950543148238
98882,0.07326453058208511
98883,0.06001847609449643
98884,0.034510896755436435
98885,0.022910284431650604
98886,0.037673995983695426
98887,0.08428041588642679
98888,0.011732950963484822
98889,0.16398482561093536
98890,0.019669262900631042
98891,0.13411630919252715
98892,0.023443327435155693
98893,0.08812114254537129
98894,0.056777495962228974
98895,0.03557793841088004
98896,0.24555262363838137
98897,0.06240634218823227
98898,0.04319782761125872
98899,0.01918747138264569
98900,0.01491440239333894
98901,0.05208156384207636
98902,0.015703003368742523
98903,0.03712413350858611
98904,0.08919916349596264
98905,0.024075571016012584
98906,0.029390196870480178
98907,0.03521402991034273
98908,0.20617316791061108
98909,0.028129954899258697
98910,0.09485939854293182
98911,0.0646127516903638
98912,0.1699748951474612
98913,0.023770956239267796
98914,0.13776915419879077
98915,0.030954821311641602
98916,0.07696449181182918
98917,0.01413687649690775
98918,0.08038597352863226
98919,0.03752116835987433
98920,0.06251924204619538
98921,0.016508876450290165
98922,0.02178979275200968
98923,0.02050552175571521
98924,0.01770019774516668
98925,0.024855958399897873
98926,0.039334000628489164
98927,0.047501126220713875
98928,0.1281388873699461
98929,0.04445834758442037
98930,0.016990184721907376
98931,0.026351135366837725
98932,0.11873824308408326
98933,0.025117144065504127
98934,0.019429747726715334
98935,0.047668814436658526
98936,0.03934706408679837
98937,0.013885386800033456
98938,0.017488264894709567
98939,0.07107408646209233
98940,0.07255733273087386
98941,0.029468045451200228
98942,0.0273546885189891
98943,0.020254801937866364
98944,0.0459554471784866
98945,0.06561651795568434
98946,0.01212160548204838
98947,0.09596884742921005
98948,0.06007007832654065
98949,0.029303910505832066
98950,0.25456808761039795
98951,0.1157158701989946
98952,0.13134622324173528
98953,0.10979546706645985
98954,0.031941587530209425
98955,0.05805710534694312
98956,0.1705801298525847
98957,0.02893949445606545
98958,0.018217964237408353
98959,0.07288612326929679
98960,0.020738965713479163
98961,0.37567302581618345
98962,0.03567434649889357
98963,0.024798603649823243
98964,0.05935443289437999
98965,0.019886517518431204
98966,0.6045442467691791
98967,0.2527754392451973
98968,0.4557441437411568
98969,0.1860587410973632
98970,0.02654790238731733
98971,0.015487237451980593
98972,0.035557246521174465
98973,0.023796723566396945
98974,0.13145439390200375
98975,0.022706959489038656
98976,0.047862943689157195
98977,0.09708442426010633
98978,0.017377350608059047
98979,0.014119196981214376
98980,0.019918263893411572
98981,0.10143950347422348
98982,0.1420890375864448
98983,0.05591859625889582
98984,0.05131203514262991
98985,0.051677946357007176
98986,0.05691097456202024
98987,0.12426366882027147
98988,0.3106296105792516
98989,0.020287239752356207
98990,0.05162414570794914
98991,0.10972388426646584
98992,0.04916983084326241
98993,0.14409388660696076
98994,0.03588453404232516
98995,0.08642613870321432
98996,0.1379019568389809
98997,0.01537761276621193
98998,0.10364466374705919
98999,0.021973628892243583
99000,0.012551461625362682
99001,0.027162570362102484
99002,0.015371795838235107
99003,0.11509620050664772
99004,0.016660067848110405
99005,0.034983810008980674
99006,0.010991267159761897
99007,0.16591636556503808
99008,0.07237317624099865
99009,0.027433862744742986
99010,0.01997207237651803
99011,0.01129290164134771
99012,0.056680505684412276
99013,0.07848158137610586
99014,0.05674714669993547
99015,0.0286687849509759
99016,0.030987512876084304
99017,0.016036247594601975
99018,0.2820876630148718
99019,0.03626725824122733
99020,0.08056016729675955
99021,0.05962074200923621
99022,0.03817848174665618
99023,0.045497689997261184
99024,0.10389677716376719
99025,0.02840642429004118
99026,0.022652342044893563
99027,0.0377516082710216
99028,0.12336930597881557
99029,0.033179568753953226
99030,0.09073910070208427
99031,0.07542235933798778
99032,0.05037828739276844
99033,0.16326212150893374
99034,0.030113922198348082
99035,0.07138577616938147
99036,0.021131201438154362
99037,0.014460819899462924
99038,0.045814655007890136
99039,0.03563984979870151
99040,0.027919528544817163
99041,0.0832935882474494
99042,0.039744803013163986
99043,0.03698010268296888
99044,0.018713560794836687
99045,0.044914378600484806
99046,0.1962653622532571
99047,0.019896018586890597
99048,0.10990702120991767
99049,0.01067951063102001
99050,0.03335870418147784
99051,0.03827178002413889
99052,0.0649651298155819
99053,0.08245274746228891
99054,0.04904873623858112
99055,0.08623708473780256
99056,0.1313050866540164
99057,0.05373344870506364
99058,0.13285948451711033
99059,0.04455479355178279
99060,0.041002013360254976
99061,0.04793157451518772
99062,0.028159014588998228
99063,0.016648092572474474
99064,0.037545609860584105
99065,0.04301590863214686
99066,0.1780669341055263
99067,0.1327041425066303
99068,0.06729552087840068
99069,0.013192847870858601
99070,0.15145723284951657
99071,0.1175439535457862
99072,0.08516425469782694
99073,0.03735925243075227
99074,0.03557993788598828
99075,0.07389433272002055
99076,0.1163949790062615
99077,0.03823226806613705
99078,0.6013276419335133
99079,0.5061035312784986
99080,0.03736230004624967
99081,0.08371389850515089
99082,0.030932961689006878
99083,0.019675144655749054
99084,0.04541397816004441
99085,0.08792044693878333
99086,0.03269753988558315
99087,0.018779186901116834
99088,0.053896235720987104
99089,0.06421858461944874
99090,0.03190290192147649
99091,0.03211666867869352
99092,0.054342941047281115
99093,0.022185590937803815
99094,0.0283957588539494
99095,0.016358461591710706
99096,0.05600978430105371
99097,0.13189497263678338
99098,0.12981293115581527
99099,0.06854689209206083
99100,0.00887956044434473
99101,0.13063957967807208
99102,0.04018296201092112
99103,0.0742664084698515
99104,0.01945448731242782
99105,0.019299809655589438
99106,0.06911730121735676
99107,0.026785521560643594
99108,0.2787992786891405
99109,0.0932020014214786
99110,0.10708686985115215
99111,0.034152435555284966
99112,0.09835544561998023
99113,0.035840965328936554
99114,0.03286364808933891
99115,0.0593799727647317
99116,0.026766229651099867
99117,0.037283708052970016
99118,0.1683428009507415
99119,0.01724959388930935
99120,0.10455326619835596
99121,0.02916259165734499
99122,0.058069753404481166
99123,0.13778537372616428
99124,0.09035746691410168
99125,0.016559237540280353
99126,0.025609226025902494
99127,0.017588803549152078
99128,0.01692009599075011
99129,0.03257986297415401
99130,0.028620130340346404
99131,0.12145843518293728
99132,0.09375830289356925
99133,0.0584275916310493
99134,0.0388044174660683
99135,0.011498394080199481
99136,0.05191293585985417
99137,0.01663071325040063
99138,0.07269389725487872
99139,0.08514712434375438
99140,0.030433650215578888
99141,0.02287867366170153
99142,0.03274980848217833
99143,0.014070947260826142
99144,0.05563288540684474
99145,0.04826544619409809
99146,0.09585930027116862
99147,0.010721428639283326
99148,0.012063960943198008
99149,0.009812970376221647
99150,0.06194630406426377
99151,0.03915082491451816
99152,0.06646113665222975
99153,0.017715493970821127
99154,0.12349417201834023
99155,0.024696775588636925
99156,0.051564109069504115
99157,0.03377647690490962
99158,0.029948496474032475
99159,0.016254935764440908
99160,0.061906692548165054
99161,0.028079623108178985
99162,0.1136071928777747
99163,0.022306865745513573
99164,0.02186281419854048
99165,0.04313862536495688
99166,0.017883940036315653
99167,0.040448634235828465
99168,0.055326569585814556
99169,0.043170160836153465
99170,0.03642066793505441
99171,0.028387511489362062
99172,0.03258126071979019
99173,0.13974763459255907
99174,0.1242885908703299
99175,0.06277980050457317
99176,0.07769351393460958
99177,0.16003029364492374
99178,0.28980581871804956
99179,0.15913803792846387
99180,0.04734697411523846
99181,0.13422880569427673
99182,0.0807349109868124
99183,0.023037690922201624
99184,0.03966317766978902
99185,0.018556927753954414
99186,0.04524845999918344
99187,0.03435007447002317
99188,0.046600442565103456
99189,0.04284633664485713
99190,0.03853341835409406
99191,0.18409591810144696
99192,0.02640047493235936
99193,0.02699893189120761
99194,0.047536591506324416
99195,0.03905852869714673
99196,0.01774523562932346
99197,0.08280628733677713
99198,0.05249491513898552
99199,0.013356936319292153
99200,0.059908932980078974
99201,0.05443238025523547
99202,0.06475595247693108
99203,0.14410986520377933
99204,0.05054687209674861
99205,0.021983467465012563
99206,0.07374789871865636
99207,0.02977604642482958
99208,0.021030886297549393
99209,0.0226732751719859
99210,0.38094506436121706
99211,0.028338368456587368
99212,0.05024600288674816
99213,0.021056591184257636
99214,0.129890653609527
99215,0.14531896148583784
99216,0.07832946217170896
99217,0.11726978996415374
99218,0.07186372679936336
99219,0.051984303524868505
99220,0.02437399451652958
99221,0.0754629748261135
99222,0.03121311150220021
99223,0.03907995026737326
99224,0.0617370172317807
99225,0.01229175982183486
99226,0.029432447218228838
99227,0.02829342619789437
99228,0.022620477396176442
99229,0.03691123498698812
99230,0.07010810331555763
99231,0.021441287855278972
99232,0.015782979728966966
99233,0.06300702641711176
99234,0.031789581414837856
99235,0.04035085424367094
99236,0.012284262433804576
99237,0.12482355933319549
99238,0.04788142080840393
99239,0.1687002903227018
99240,0.017246312355578164
99241,0.04588739485424836
99242,0.0355528995682423
99243,0.21916893812920538
99244,0.05641972359711844
99245,0.12969275940274333
99246,0.023386045554312312
99247,0.03728194814127718
99248,0.16641826299757134
99249,0.0566774847615959
99250,0.038894169890530975
99251,0.0964063490832872
99252,0.08454174993529084
99253,0.030729410900816184
99254,0.00974406884573728
99255,0.055747694222127636
99256,0.10246214324752517
99257,0.24190522347484045
99258,0.016895509995638214
99259,0.041859001958971354
99260,0.03137470448102836
99261,0.06078257209538617
99262,0.05538795049523251
99263,0.11044575641148521
99264,0.0941644283888905
99265,0.1258304119831687
99266,0.017440498050533368
99267,0.1486161452523266
99268,0.025444080050802273
99269,0.24435815471440508
99270,0.021827626835507388
99271,0.04024633995247346
99272,0.01931453173823553
99273,0.06798355704101822
99274,0.08597549654640725
99275,0.07032906579697468
99276,0.018199182018807145
99277,0.026309022948613432
99278,0.0333238137305643
99279,0.06811407638610498
99280,0.02351733574116996
99281,0.05199048898543638
99282,0.11524621077426281
99283,0.04643770645727579
99284,0.21281033167681135
99285,0.031581467341203595
99286,0.046004084630564726
99287,0.019687154209570148
99288,0.23473429453310535
99289,0.014112999620637829
99290,0.12498333035382761
99291,0.03467703861407748
99292,0.03282676152609116
99293,0.03740791463428714
99294,0.036693548286576214
99295,0.1524798919052321
99296,0.032097579588930863
99297,0.11343183838076513
99298,0.04582500365467842
99299,0.058090350988742115
99300,0.0723173120484426
99301,0.029135566772638684
99302,0.0914934627252394
99303,0.033901451248617674
99304,0.016063490007339476
99305,0.21906614916658385
99306,0.01275705762104221
99307,0.08492762902514475
99308,0.020799769952210344
99309,0.07485976691144966
99310,0.05295730529077351
99311,0.041659932703613504
99312,0.056050566046267646
99313,0.013807820498661635
99314,0.018606993901221967
99315,0.06390728116290163
99316,0.04115522147483156
99317,0.0670595316549472
99318,0.02697505351413234
99319,0.0484375775988023
99320,0.03448096379377825
99321,0.08063117677994136
99322,0.05800104533883724
99323,0.02770334254334401
99324,0.10478622920985295
99325,0.015406483871433898
99326,0.012718351438395215
99327,0.013649162807089128
99328,0.022585564335933055
99329,0.014032367822570089
99330,0.09013812619730281
99331,0.056072881615343524
99332,0.09446022923001315
99333,0.04839136609982871
99334,0.015643637876257714
99335,0.13688662205353275
99336,0.08778537710849636
99337,0.07809816219922366
99338,0.012994281445380994
99339,0.02351502640793511
99340,0.04593408156402938
99341,0.03348130975413451
99342,0.010140018749643822
99343,0.23954297316366616
99344,0.05782682350004391
99345,0.04183670507730368
99346,0.03602622741799633
99347,0.05315987869550558
99348,0.0256074264786236
99349,0.12406762611871244
99350,0.06623949514127608
99351,0.03659658313687121
99352,0.039324456604654674
99353,0.023786532421824047
99354,0.02539630210585844
99355,0.2139306999804857
99356,0.04424688543260346
99357,0.08185908437044898
99358,0.010883116052545778
99359,0.050828157040500754
99360,0.08820504567056
99361,0.027435660161652956
99362,0.04844661661526859
99363,0.04649410690443519
99364,0.016883082794137996
99365,0.17229851857112433
99366,0.021810178189422574
99367,0.01715188165789114
99368,0.06368843336153467
99369,0.014375185495125634
99370,0.012159847301479815
99371,0.1325163774047107
99372,0.04434043796283934
99373,0.01591295690385306
99374,0.02116115471841071
99375,0.12489315780765992
99376,0.11280465505606135
99377,0.06317995826869288
99378,0.04259504244454387
99379,0.021857202822147787
99380,0.012358058041605571
99381,0.38739804419218604
99382,0.07338376090098339
99383,0.009698115574406115
99384,0.03130945701451445
99385,0.14190603782728065
99386,0.073103546184114
99387,0.08394827478640357
99388,0.017067880115926894
99389,0.03814843939475099
99390,0.015793987716554533
99391,0.19699295668254932
99392,0.02495006189062879
99393,0.06398524930992971
99394,0.01613149402018044
99395,0.032987919457331906
99396,0.04777220892846838
99397,0.03465827759969843
99398,0.0667357170911985
99399,0.4572882161183697
99400,0.06842105854337932
99401,0.09555416739094305
99402,0.013764913859603406
99403,0.03453604915576759
99404,0.025518977485405346
99405,0.03499837820769383
99406,0.07935830202312794
99407,0.09142022620583808
99408,0.03137228137764857
99409,0.06807581981470118
99410,0.03969443188457269
99411,0.01503035274532084
99412,0.028928191781997903
99413,0.0328643343106581
99414,0.05243951632384187
99415,0.04748052121427325
99416,0.021046834297006607
99417,0.03575936761688552
99418,0.6392058497455562
99419,0.06197733257418299
99420,0.013315024390062859
99421,0.03600568907749495
99422,0.22514736385082584
99423,0.028507638890952935
99424,0.05948443609759191
99425,0.03159571055401511
99426,0.16809280275889033
99427,0.23367700338016933
99428,0.026448828460860458
99429,0.11118237623462224
99430,0.059022943019763616
99431,0.039874947892442295
99432,0.09645739253402713
99433,0.019571436006373955
99434,0.14124065070355435
99435,0.0779000742998806
99436,0.009565188996648018
99437,0.01642262163149185
99438,0.06423505723085685
99439,0.2324962158432454
99440,0.033841589790591695
99441,0.023232862157222346
99442,0.041342649415499796
99443,0.015302543914944835
99444,0.03848821002310592
99445,0.020937505289732185
99446,0.019943850491801623
99447,0.02284241549729896
99448,0.09390115499710239
99449,0.06185345289373161
99450,0.030170455319445278
99451,0.03408015956036178
99452,0.26457996232431685
99453,0.017079375685686675
99454,0.021739096785313394
99455,0.04026363849571595
99456,0.08268866296316299
99457,0.3820676225521431
99458,0.04540893630337882
99459,0.047367859763802186
99460,0.013162267291745206
99461,0.04502024085315363
99462,0.03769751742839096
99463,0.046395216766439644
99464,0.023878948703137306
99465,0.21193087516740688
99466,0.0856044868626483
99467,0.025614191757898738
99468,0.026155020721248912
99469,0.14491715973318625
99470,0.07264620059504791
99471,0.07053993490428388
99472,0.10294732778472887
99473,0.11905295319423612
99474,0.21053105110180786
99475,0.13023463456110507
99476,0.0262608840300446
99477,0.017337969711803614
99478,0.036986992847252126
99479,0.06168979540689112
99480,0.014663101145575612
99481,0.0765121781414209
99482,0.05258278362044995
99483,0.027219247176162482
99484,0.05642473884623314
99485,0.08354231017687481
99486,0.09420489783524764
99487,0.01688792797576559
99488,0.04411984358450369
99489,0.0315485680373958
99490,0.10538964497897332
99491,0.027322595218927895
99492,0.05325323824179765
99493,0.10689791622264676
99494,0.10818364377339558
99495,0.038506891058863325
99496,0.09227813727882028
99497,0.1371055605554393
99498,0.012231064611299601
99499,0.2093470597236531
99500,0.18967428331869607
99501,0.05570428960689981
99502,0.04987698422643713
99503,0.022887389617032284
99504,0.017869967135115166
99505,0.034023195596232736
99506,0.021839242940694267
99507,0.007673848873782024
99508,0.018716689810598174
99509,0.030949484019322487
99510,0.10367688637155824
99511,0.031696227605829144
99512,0.021598530967134676
99513,0.03155672614930574
99514,0.0721999939304699
99515,0.17077120735351461
99516,0.02414654690041774
99517,0.03842231421345058
99518,0.1181324186647204
99519,0.06694080408860514
99520,0.03270385845195374
99521,0.035312159798798565
99522,0.019028172583343765
99523,0.09207869806307961
99524,0.09544414773885257
99525,0.014151565549469959
99526,0.030883165076212964
99527,0.127401076583406
99528,0.05374462203748559
99529,0.04701145612993793
99530,0.014014072278718537
99531,0.032252508040561914
99532,0.050927331013639034
99533,0.027151713300628374
99534,0.06180441520901749
99535,0.032181616144229375
99536,0.04392150811806157
99537,0.16112671178155263
99538,0.1414948906095878
99539,0.018809010348551942
99540,0.0504133668535851
99541,0.015890625348107815
99542,0.2599141092511685
99543,0.21543367222407872
99544,0.10763215408070179
99545,0.04945474143532115
99546,0.08155835181991063
99547,0.02688778221114691
99548,0.018117339547004792
99549,0.06705128949629191
99550,0.05026530969030489
99551,0.02129193407526729
99552,0.05067107156840935
99553,0.014528163009429843
99554,0.04407968138925904
99555,0.08669626626745695
99556,0.27636365103036425
99557,0.031247867027641048
99558,0.23762478321895797
99559,0.12595838268585577
99560,0.025619584193626303
99561,0.011000415848593317
99562,0.022850912945222693
99563,0.038829987858328724
99564,0.03764609114556056
99565,0.05378909976601996
99566,0.055783029978268506
99567,0.08932071430095717
99568,0.08156600459449015
99569,0.02264652667652404
99570,0.011651920837761044
99571,0.014040763445748209
99572,0.045182540935907636
99573,0.08810941000293548
99574,0.09400455887600588
99575,0.014722821813714046
99576,0.20938680389722386
99577,0.05092508541074296
99578,0.025315014170562426
99579,0.016913273088041025
99580,0.019062779623000566
99581,0.029504317724616067
99582,0.04035641916923338
99583,0.035145790492719306
99584,0.01045475967475986
99585,0.014732449666889207
99586,0.07923789754506591
99587,0.019080450256550106
99588,0.09221943500672272
99589,0.03193547479912581
99590,0.02248073030826605
99591,0.18177309605564762
99592,0.060515281146108935
99593,0.03735919323474371
99594,0.03395310592623016
99595,0.044468503214051006
99596,0.02009079904861099
99597,0.025210292178778515
99598,0.10291473225747139
99599,0.09828647999196538
99600,0.039811708031826834
99601,0.009480249787043005
99602,0.016326210179860218
99603,0.035608281417478425
99604,0.022613756050377118
99605,0.130405660789976
99606,0.01893263003608965
99607,0.07123328070005777
99608,0.0747780101492895
99609,0.16361660277750412
99610,0.012402347989184163
99611,0.04775875938550073
99612,0.01604455735194562
99613,0.018389015617494238
99614,0.11195519567410846
99615,0.01424701691908514
99616,0.01599926934433159
99617,0.03202327090699765
99618,0.05013728220429584
99619,0.05784878622828538
99620,0.14292570987139028
99621,0.17292639660995746
99622,0.11055360107007609
99623,0.057336140941726815
99624,0.016319220448070576
99625,0.023998124627595468
99626,0.10187112665725781
99627,0.06422633303709874
99628,0.0497624481529426
99629,0.052724680760808114
99630,0.019809843872641848
99631,0.02818087107586733
99632,0.03765468939340248
99633,0.04313965833398842
99634,0.012629386173931303
99635,0.013496334130689663
99636,0.022234613362710508
99637,0.02738397139012718
99638,0.039637168054426436
99639,0.09506535606913168
99640,0.1430667260412175
99641,0.10615428637575217
99642,0.0656235155942072
99643,0.071757906300299
99644,0.05928382706053972
99645,0.22023005778747679
99646,0.025842125543467934
99647,0.029732304918795485
99648,0.051740598793574025
99649,0.2165438487473502
99650,0.019891462538062885
99651,0.07552981999988335
99652,0.015721574304837824
99653,0.01828006264002506
99654,0.02818309674241136
99655,0.11827925338059415
99656,0.03407382434860809
99657,0.033043386414017516
99658,0.024022121130170944
99659,0.0638307908573452
99660,0.02804197611179493
99661,0.023132167942585546
99662,0.06973386644002834
99663,0.012107350287637115
99664,0.03971551289747243
99665,0.03796956356933592
99666,0.036710430422575935
99667,0.056708854893292394
99668,0.05998263000979702
99669,0.036640145385122065
99670,0.031034522992466305
99671,0.056381028508517145
99672,0.048911608246451604
99673,0.07366636832612507
99674,0.050542924379057386
99675,0.06134381235086138
99676,0.05772433370769167
99677,0.14017223164991627
99678,0.46701904741173694
99679,0.014777929325638898
99680,0.03169608099787285
99681,0.15875150363776339
99682,0.03810946919209001
99683,0.014450810386808552
99684,0.05111409100985728
99685,0.03195246707084156
99686,0.2907180511673301
99687,0.02962132334165189
99688,0.02742962040979697
99689,0.06677134585749214
99690,0.03950805940323206
99691,0.13975386404681756
99692,0.026089864403870365
99693,0.01788508109612961
99694,0.24649134572847206
99695,0.02474234376133301
99696,0.031414890651555685
99697,0.01401427020948261
99698,0.011305280369590378
99699,0.16035717284479617
99700,0.10868237415356724
99701,0.02599335276340865
99702,0.08921699110056558
99703,0.021378073878596655
99704,0.01550715362090604
99705,0.03194349435705912
99706,0.01782440642885617
99707,0.06090622034643508
99708,0.16877046752237262
99709,0.03782320266592239
99710,0.3219376050173347
99711,0.11941675941471484
99712,0.019076108108671795
99713,0.0513357420327347
99714,0.2853175382911877
99715,0.07481975385328767
99716,0.023571892748152825
99717,0.8338950517023588
99718,0.027735281001116097
99719,0.03681338120675488
99720,0.025992824722431574
99721,0.1326741999541892
99722,0.09219237948327624
99723,0.14158306726594355
99724,0.029835495522626185
99725,0.1865871704484662
99726,0.08812953192306162
99727,0.02039250777875935
99728,0.03094562121078598
99729,0.04904502778562198
99730,0.04188767480371236
99731,0.023439942341284936
99732,0.029931832753067444
99733,0.03926156054019414
99734,0.05502923518027143
99735,0.07441116702462348
99736,0.04067934260950637
99737,0.03038893981899842
99738,0.0200423243765997
99739,0.09874605631148722
99740,0.012817802032494491
99741,0.05328793651846571
99742,0.1389976328390272
99743,0.03001623682580725
99744,0.12871534319343653
99745,0.15228418579497732
99746,0.1340410296253471
99747,0.1644626781977139
99748,0.0649737261976159
99749,0.03645015359244196
99750,0.13222082651911854
99751,0.018533334547365703
99752,0.05288545339464738
99753,0.10582068898909205
99754,0.03396382886054533
99755,0.01303363068044423
99756,0.06379218158325649
99757,0.015838443617783082
99758,0.011128336657333102
99759,0.016159069462835036
99760,0.05985159441943057
99761,0.024246895791933003
99762,0.1418815306236097
99763,0.3480036938388277
99764,0.052871224803491094
99765,0.028089610218900135
99766,0.013492621713063452
99767,0.03922185319525345
99768,0.01919304549337031
99769,0.0469897076741504
99770,0.12934505095654764
99771,0.19962127926277057
99772,0.02308036630328833
99773,0.015416044841152029
99774,0.0731026056817079
99775,0.0905770297654841
99776,0.009874070407009184
99777,0.04301024389201527
99778,0.011406737617737587
99779,0.021060729256606233
99780,0.02763488941521605
99781,0.08785525112204458
99782,0.053060930000013426
99783,0.03605723588497519
99784,0.037094583375584946
99785,0.03041388563556962
99786,0.015622418957100342
99787,0.4087935559893143
99788,0.04001043341984464
99789,0.01653100006442975
99790,0.14338334685848594
99791,0.04160754816878965
99792,0.0677707829059684
99793,0.05116657461800861
99794,0.010031242439874018
99795,0.030805263520021338
99796,0.05024705848766124
99797,0.1371353046349222
99798,0.3143689186263485
99799,0.06349351287298984
99800,0.04237145382276073
99801,0.038716460769803715
99802,0.010515141442494937
99803,0.06339566134631133
99804,0.04887581577555289
99805,0.028540670120892023
99806,0.03859957466291943
99807,0.019695701660014837
99808,0.08573997948764013
99809,0.06385909145136467
99810,0.019466395701413532
99811,0.25177395277524867
99812,0.035169048295161924
99813,0.028481814911131907
99814,0.02076991305903368
99815,0.05252262074738309
99816,0.010123607208792252
99817,0.03068316104453785
99818,0.05494531827358935
99819,0.02541581277751936
99820,0.035932513792794885
99821,0.05018561852532017
99822,0.036566835909459104
99823,0.030125307766407695
99824,0.03788947192457502
99825,0.06892838329583761
99826,0.03855085876411662
99827,0.04242063095685078
99828,0.05368269708694785
99829,0.02471806133596987
99830,0.17944141366665772
99831,0.06811770965698913
99832,0.04850525598478097
99833,0.08745192509205564
99834,0.025095340634335037
99835,0.014553244630668634
99836,0.013164491612718293
99837,0.07371218011141377
99838,0.1698809740490911
99839,0.02304552375884408
99840,0.025687216469571762
99841,0.027612735291606526
99842,0.12727669766848812
99843,0.011411464412242523
99844,0.0992209246835421
99845,0.08028180758892138
99846,0.021115682849659152
99847,0.07664174388675046
99848,0.1331592026056706
99849,0.011906374056358741
99850,0.012027093148206776
99851,0.09067930209788444
99852,0.02310456851727252
99853,0.022147214447327243
99854,0.024576528518193787
99855,0.02938988999017053
99856,0.06469807155149943
99857,0.0206529674515379
99858,0.024061444646244448
99859,0.03374264054171291
99860,0.04183413066371555
99861,0.0950670902453149
99862,0.14368133088542992
99863,0.03879851680292598
99864,0.5412259783369
99865,0.07815528232431694
99866,0.10618189223459228
99867,0.039084094704516764
99868,0.15568816423242304
99869,0.04820419099208313
99870,0.04070913678775083
99871,0.037873932544880896
99872,0.018735884992831776
99873,0.019457796996288027
99874,0.036114435731543326
99875,0.16901094409565015
99876,0.030181264151367182
99877,0.10498037018573507
99878,0.06733447350952261
99879,0.011876207911418435
99880,0.025674571246226956
99881,0.0198278167113917
99882,0.018611501374899187
99883,0.12264225356226607
99884,0.08469306134709889
99885,0.028471213123611734
99886,0.03996107997242307
99887,0.7042159499329712
99888,0.017709513108519988
99889,0.016793307618762042
99890,0.06826552191012451
99891,0.05401643211851806
99892,0.028765242186988074
99893,0.014652877090451297
99894,0.24404612756394162
99895,0.13348827520743212
99896,0.020667689053064264
99897,0.017869808189353097
99898,0.04675015195470599
99899,0.06359396252455064
99900,0.026537830953638993
99901,0.042686634174581295
99902,0.209008574714958
99903,0.08832864868408039
99904,0.01787678788101784
99905,0.013874865203353712
99906,0.011824226756714563
99907,0.09105282357617929
99908,0.030138016289782146
99909,0.02766789890354327
99910,0.11357321404189857
99911,0.963896109634524
99912,0.06245695674471867
99913,0.06827845693436009
99914,0.0955574341651449
99915,0.021024679925130157
99916,0.05117389074021783
99917,0.17778420672065828
99918,0.014245671977314286
99919,0.1830785225205155
99920,0.04082076463422514
99921,0.05868294092569654
99922,0.3054374242046353
99923,0.013824308967983747
99924,0.04807536893383957
99925,0.04537746893568315
99926,0.11840282467390008
99927,0.1095786296576022
99928,0.01622007843312532
99929,0.06629547303051138
99930,0.0199805670281133
99931,0.020413407397207883
99932,0.03853088934854852
99933,0.02232010578438548
99934,0.017772570158090594
99935,0.08299862140811859
99936,0.017922762749257342
99937,0.06204437132516977
99938,0.0419976955818253
99939,0.10755271645618947
99940,0.051391980699632994
99941,0.014459058296900897
99942,0.17406338359104234
99943,0.022428506138393842
99944,0.032694032329168204
99945,0.0704502066640186
99946,0.056863644310434044
99947,0.03776126854114688
99948,0.032918642162000196
99949,0.02198024555386261
99950,0.03402808210305005
99951,0.02515135177138431
99952,0.03237341740591098
99953,0.05425417675953212
99954,0.11973944004980372
99955,0.11360596568526492
99956,0.08076967987745567
99957,0.0804477983013507
99958,0.016001331046466453
99959,0.03870172284644733
99960,0.01222434514910706
99961,0.45367943733053495
99962,0.012799176311447185
99963,0.03387675411456485
99964,0.1357244325893727
99965,0.02834282003300448
99966,0.03435957978805879
99967,0.017518129990118578
99968,0.023454109199237873
99969,0.03287432691751842
99970,0.016669507490064427
99971,0.07330666326934719
99972,0.014273475231328372
99973,0.013171665648764179
99974,0.09777257706364731
99975,0.10924422008069128
99976,0.03204425288123193
99977,0.06591382156246295
99978,0.06582742026597747
99979,0.18572731471409962
99980,0.016676071603646286
99981,0.1587778631124308
99982,0.05309456685853026
99983,0.057197499546709885
99984,0.02182043870566485
99985,0.07680066564508717
99986,0.06578786139788012
99987,0.06626207852915249
99988,0.09743494033243189
99989,0.23137743022871649
99990,0.11617746350781075
99991,0.023269586888528572
99992,0.09613032661626236
99993,0.04481807389248633
99994,0.033996863592297526
99995,0.019722828953858317
99996,0.01067056575265237
99997,0.09662139160338445
99998,0.014935240712329212
99999,0.07829697861182901
